"AAC","20090612","1.54","1.54","1.505","1.505","1364800"
"AAF","20090612","0.004","0.004","0.004","0.004","1300000"
"AAG","20090612","0.125","0.125","0.125","0.125","783"
"AAH","20090612","1.39","1.39","1.39","1.39","9150"
"AAL","20090612","0.061","0.061","0.061","0.061","25000"
"AAM","20090612","0.185","0.185","0.17","0.175","122231"
"AAO","20090612","0.033","0.037","0.033","0.037","81250"
"AAR","20090612","0.028","0.028","0.021","0.025","9608717"
"AAU","20090612","0.26","0.265","0.26","0.265","35000"
"AAX","20090612","4.07","4.37","4.06","4.24","1672145"
"AAZPB","20090612","53.30","53.30","53.30","53.30","880"
"ABB","20090612","9.45","9.53","9.40","9.50","690380"
"ABC","20090612","2.25","2.33","2.23","2.33","2750000"
"ABCKZP.","20090612","1.73","1.74","1.70","1.70","24488"
"ABP","20090612","0.355","0.365","0.355","0.36","20003410"
"ABQ","20090612","0.17","0.17","0.16","0.165","25967"
"ABU","20090612","0.021","0.029","0.021","0.028","5310699"
"ABV","20090612","0.013","0.013","0.013","0.013","700000"
"ABY","20090612","0.73","0.75","0.72","0.74","2515236"
"ACB","20090612","0.47","0.535","0.47","0.535","400944"
"ACE","20090612","0.046","0.046","0.044","0.044","31747"
"ACG","20090612","0.20","0.20","0.19","0.19","19000"
"ACK","20090612","0.23","0.23","0.23","0.23","72550"
"ACL","20090612","0.38","0.39","0.37","0.37","119820"
"ACR","20090612","1.21","1.225","1.16","1.22","263343"
"ACS","20090612","0.16","0.16","0.16","0.16","57000"
"ACZ","20090612","0.18","0.18","0.18","0.18","10000"
"ADA","20090612","0.435","0.435","0.435","0.435","28867"
"ADD","20090612","0.024","0.024","0.024","0.024","13"
"ADE","20090612","0.14","0.14","0.135","0.135","91964"
"ADI","20090612","0.063","0.064","0.063","0.063","155000"
"ADL","20090612","0.01","0.01","0.01","0.01","80368"
"ADN","20090612","0.115","0.12","0.115","0.12","135000"
"ADO","20090612","0.009","0.009","0.008","0.008","763688"
"ADU","20090612","0.40","0.415","0.40","0.415","155173"
"ADX","20090612","0.15","0.155","0.15","0.15","1737706"
"ADY","20090612","0.032","0.034","0.03","0.031","49739690"
"AEA","20090612","0.05","0.05","0.05","0.05","285000"
"AEC","20090612","2.10","2.10","2.06","2.06","5000"
"AED","20090612","0.91","0.925","0.90","0.92","645304"
"AEE","20090612","0.12","0.12","0.115","0.115","20000"
"AEF","20090612","21.50","21.50","21.50","21.50","24"
"AEI","20090612","0.125","0.125","0.12","0.12","100000"
"AEO","20090612","1.50","1.56","1.50","1.55","138928"
"AEP","20090612","2.70","2.75","2.70","2.70","264880"
"AES","20090612","0.044","0.044","0.044","0.044","12000"
"AEU","20090612","0.26","0.27","0.255","0.265","95277"
"AEX","20090612","0.006","0.006","0.005","0.005","3361521"
"AEZ","20090612","0.062","0.063","0.057","0.059","494215"
"AFA","20090612","0.07","0.07","0.07","0.07","55000"
"AFI","20090612","4.56","4.65","4.55","4.65","370587"
"AFPHA","20090612","6.50","6.50","6.50","6.50","100"
"AFR","20090612","0.089","0.089","0.087","0.087","526596"
"AFT","20090612","0.001","0.001","0.001","0.001","1000000"
"AGD","20090612","0.08","0.08","0.08","0.08","10000"
"AGF","20090612","1.10","1.12","1.10","1.10","111608"
"AGG","20090612","9.46","9.46","9.46","9.46","636"
"AGI","20090612","0.08","0.084","0.08","0.084","24249"
"AGIG","20090612","0.80","0.80","0.80","0.80","1000"
"AGK","20090612","13.85","13.92","13.76","13.79","1698198"
"AGKIZQ","20090612","6.70","6.70","6.65","6.65","2700"
"AGS","20090612","0.715","0.74","0.715","0.74","703704"
"AGU","20090612","0.031","0.032","0.03","0.032","1261073"
"AGUO","20090612","0.003","0.004","0.003","0.004","1399996"
"AGV","20090612","0.041","0.041","0.04","0.04","37195"
"AGY","20090612","0.055","0.055","0.055","0.055","1200"
"AHD","20090612","4.50","4.50","4.50","4.50","5500"
"AHE","20090612","1.33","1.36","1.33","1.36","252616"
"AHR","20090612","0.051","0.052","0.051","0.052","130000"
"AIA","20090612","1.245","1.26","1.24","1.24","21859"
"AIB","20090612","8.10","8.10","8.10","8.10","1938"
"AIO","20090612","1.73","1.845","1.71","1.83","14203234"
"AIQ","20090612","1.05","1.08","1.045","1.05","100650"
"AIX","20090612","1.795","1.795","1.645","1.655","2437624"
"AIZ","20090612","0.805","0.82","0.805","0.82","88276"
"AJL","20090612","2.78","2.93","2.78","2.90","309148"
"AKF","20090612","0.24","0.24","0.24","0.24","1000"
"AKK","20090612","0.033","0.036","0.033","0.036","34330"
"AKR","20090612","0.77","0.77","0.77","0.77","10035"
"ALD","20090612","0.52","0.53","0.515","0.515","492965"
"ALF","20090612","1.04","1.04","1.04","1.04","7020"
"ALK","20090612","0.33","0.34","0.32","0.32","412188"
"ALL","20090612","4.00","4.06","3.77","3.85","4636567"
"ALR","20090612","1.27","1.27","1.24","1.24","22657"
"ALS","20090612","3.77","3.84","3.72","3.82","216922"
"ALY","20090612","0.31","0.31","0.285","0.29","1516879"
"ALYO","20090612","0.067","0.073","0.065","0.065","529711"
"ALZ","20090612","0.44","0.45","0.435","0.44","2422443"
"AMC","20090612","4.95","5.14","4.94","5.08","2932215"
"AMM","20090612","0.165","0.165","0.165","0.165","169900"
"AMMO","20090612","0.009","0.009","0.009","0.009","9900"
"AMO","20090612","0.44","0.44","0.44","0.44","6000"
"AMP","20090612","5.03","5.18","5.00","5.14","8646158"
"AMPIOA","20090612","1.65","1.70","1.65","1.70","39300"
"AMPIOO","20090612","1.205","1.205","1.205","1.205","10000"
"AMPIOY","20090612","2.77","2.77","2.77","2.77","10000"
"AMPIZQ","20090612","2.59","2.59","2.59","2.59","1000"
"AMPKZH.","20090612","0.895","0.895","0.885","0.895","21500"
"AMPKZI.","20090612","1.40","1.40","1.40","1.40","2500"
"AMPSMU.","20090612","3.05","3.05","3.05","3.05","8000"
"AMPSOB","20090612","2.95","2.95","2.95","2.95","2627"
"AMPWOP","20090612","0.076","0.085","0.072","0.072","90000"
"AMU","20090612","0.40","0.43","0.40","0.42","387488"
"AMX","20090612","0.335","0.345","0.32","0.34","486707"
"AND","20090612","1.94","1.98","1.94","1.95","264992"
"ANM","20090612","0.025","0.025","0.022","0.024","114067"
"ANN","20090612","8.70","9.00","8.60","8.90","442896"
"ANO","20090612","0.034","0.035","0.034","0.035","81000"
"ANP","20090612","0.036","0.038","0.035","0.035","65000"
"ANQ","20090612","0.32","0.32","0.32","0.32","10000"
"ANZ","20090612","16.90","17.33","16.88","17.30","18066859"
"ANZIMG","20090612","5.59","5.59","5.59","5.59","1000"
"ANZIOJ","20090612","4.20","4.20","4.20","4.20","2000"
"ANZISF","20090612","0.40","0.515","0.40","0.515","1500"
"ANZIYH","20090612","2.33","2.33","2.33","2.33","303"
"ANZIZQ","20090612","9.27","9.27","9.27","9.27","3000"
"ANZIZZ","20090612","5.27","5.50","5.27","5.50","22000"
"ANZJME","20090612","0.095","0.095","0.081","0.081","32300"
"ANZJMF","20090612","0.03","0.03","0.03","0.03","1000"
"ANZJZB","20090612","1.37","1.45","1.37","1.45","34000"
"ANZKZJ.","20090612","6.50","6.50","6.50","6.50","2000"
"ANZKZM.","20090612","4.43","4.46","4.43","4.46","4000"
"ANZKZP.","20090612","3.82","3.82","3.62","3.62","9300"
"ANZPB","20090612","97.25","97.25","97.05","97.20","9354"
"ANZSMT.","20090612","12.26","12.26","12.26","12.26","8000"
"ANZSMU.","20090612","5.72","5.72","5.72","5.72","757"
"ANZSOB","20090612","10.00","10.00","10.00","10.00","4000"
"ANZSWA.","20090612","11.21","11.21","11.21","11.21","293"
"ANZSZB.","20090612","5.03","5.03","5.03","5.03","1500"
"ANZSZX.","20090612","10.18","10.18","10.18","10.18","725"
"ANZUMJ","20090612","0.50","0.50","0.50","0.50","10000"
"ANZWMQ","20090612","0.285","0.29","0.285","0.29","15000"
"ANZWOE","20090612","0.33","0.34","0.33","0.34","9100"
"ANZWOT","20090612","0.11","0.11","0.092","0.092","490000"
"ANZXOS","20090612","0.375","0.38","0.285","0.285","44235"
"ANZXOW","20090612","0.815","0.815","0.80","0.80","6000"
"AOA","20090612","0.23","0.26","0.23","0.26","8000"
"AOC","20090612","0.11","0.11","0.105","0.105","30000"
"AOCO","20090612","0.005","0.005","0.005","0.005","148978"
"AOD","20090612","1.095","1.10","1.09","1.10","83364"
"AOE","20090612","3.73","3.91","3.66","3.78","7062380"
"AOEIMB","20090612","0.83","0.86","0.83","0.86","10000"
"AOEIOO","20090612","2.81","2.84","2.81","2.84","101500"
"AOK","20090612","0.155","0.195","0.145","0.19","2306678"
"AON","20090612","0.24","0.24","0.225","0.23","153048"
"AONO","20090612","0.02","0.04","0.02","0.04","233176"
"APA","20090612","2.82","2.83","2.76","2.82","555015"
"APB","20090612","0.038","0.04","0.038","0.04","575000"
"APD","20090612","0.20","0.20","0.20","0.20","9700"
"APE","20090612","7.28","7.30","7.27","7.30","3810"
"APG","20090612","0.035","0.036","0.033","0.034","538850"
"APH","20090612","0.155","0.155","0.155","0.155","13334"
"API","20090612","0.695","0.70","0.695","0.70","25905"
"APN","20090612","1.58","1.585","1.51","1.575","2766704"
"APSSM2","20090612","8.30","8.30","8.30","8.30","2000"
"APSSM3","20090612","8.04","8.04","8.04","8.04","5000"
"APZ","20090612","0.35","0.35","0.33","0.345","2298180"
"AQA","20090612","5.90","6.20","5.70","6.07","848987"
"AQD","20090612","0.18","0.18","0.17","0.17","366000"
"AQNHA","20090612","108.00","108.00","107.46","107.60","4252"
"AQP","20090612","5.76","5.89","5.63","5.68","811201"
"ARE","20090612","0.075","0.075","0.065","0.069","496700"
"ARG","20090612","6.11","6.17","6.06","6.17","157794"
"ARH","20090612","0.69","0.69","0.62","0.625","220467"
"ARJ","20090612","0.55","0.60","0.55","0.60","23500"
"ARM","20090612","0.19","0.19","0.19","0.19","21300"
"ARP","20090612","3.51","3.60","3.49","3.50","26475"
"ARU","20090612","0.795","0.805","0.78","0.80","729740"
"ARV","20090612","0.055","0.055","0.05","0.05","510000"
"ARVO","20090612","0.001","0.001","0.001","0.001","616410"
"ARW","20090612","0.017","0.017","0.016","0.016","230615"
"ARX","20090612","0.028","0.03","0.025","0.025","1033434"
"ASB","20090612","2.54","2.54","2.39","2.48","235793"
"ASC","20090612","0.008","0.01","0.008","0.009","1670000"
"ASL","20090612","1.08","1.08","1.06","1.065","547916"
"ASU","20090612","0.003","0.003","0.003","0.003","500000"
"ASV","20090612","0.01","0.012","0.01","0.012","1338392"
"ASW","20090612","0.22","0.22","0.22","0.22","2500"
"ASX","20090612","37.40","37.86","36.75","37.08","855496"
"ASXKZS.","20090612","5.25","5.45","4.58","5.45","13000"
"ASZ","20090612","0.66","0.66","0.64","0.64","41306"
"ATI","20090612","0.014","0.014","0.013","0.013","470000"
"ATIO","20090612","0.005","0.005","0.005","0.005","700000"
"ATJ","20090612","0.09","0.09","0.09","0.09","50000"
"ATP","20090612","0.105","0.12","0.10","0.12","1142250"
"ATQ","20090612","0.155","0.16","0.155","0.155","70000"
"ATR","20090612","1.85","1.90","1.85","1.88","13891"
"ATV","20090612","0.05","0.05","0.05","0.05","149059"
"AUB","20090612","3.95","3.95","3.93","3.93","233191"
"AUF","20090612","1.00","1.00","1.00","1.00","32000"
"AUI","20090612","5.80","5.85","5.80","5.85","23692"
"AUN","20090612","0.76","0.785","0.75","0.785","2714627"
"AUP","20090612","4.60","4.60","4.60","4.60","4000"
"AUQ","20090612","0.067","0.067","0.067","0.067","42155"
"AUT","20090612","0.17","0.20","0.17","0.20","285291"
"AVA","20090612","0.094","0.099","0.093","0.099","293053"
"AVB","20090612","0.016","0.019","0.016","0.019","1986134"
"AVBOB","20090612","0.007","0.007","0.007","0.007","1037404"
"AVD","20090612","0.09","0.09","0.09","0.09","148377"
"AVE","20090612","1.015","1.03","1.015","1.02","48811"
"AVG","20090612","0.235","0.24","0.225","0.23","177518"
"AVH","20090612","0.10","0.11","0.097","0.11","307346"
"AVI","20090612","0.11","0.13","0.11","0.12","226200"
"AVJ","20090612","0.30","0.30","0.30","0.30","13600"
"AVM","20090612","1.97","2.17","1.97","2.05","38615"
"AVO","20090612","1.67","1.70","1.625","1.64","999242"
"AVS","20090612","0.019","0.019","0.018","0.018","120000"
"AVX","20090612","0.115","0.12","0.11","0.115","3266129"
"AVZ","20090612","0.063","0.063","0.063","0.063","110000"
"AWB","20090612","1.325","1.34","1.31","1.315","1121792"
"AWC","20090612","1.78","1.81","1.67","1.67","25169625"
"AWCIMD","20090612","1.085","1.09","1.085","1.09","15000"
"AWCIMF","20090612","0.895","0.895","0.895","0.895","40000"
"AWE","20090612","2.74","2.78","2.72","2.76","3257889"
"AWL","20090612","0.004","0.004","0.003","0.003","989216"
"AXA","20090612","4.01","4.03","3.93","3.95","3770334"
"AXE","20090612","0.062","0.075","0.062","0.075","132250"
"AXI","20090612","0.056","0.056","0.055","0.056","190000"
"AXM","20090612","0.20","0.205","0.195","0.20","3543996"
"AXO","20090612","0.29","0.31","0.28","0.31","1064913"
"AXT","20090612","0.04","0.04","0.04","0.04","96000"
"AXY","20090612","0.07","0.08","0.07","0.071","1923562"
"AYT","20090612","1.18","1.18","1.175","1.18","227000"
"AZC","20090612","0.058","0.058","0.058","0.058","300000"
"AZD","20090612","0.003","0.003","0.003","0.003","729733"
"AZM","20090612","0.145","0.145","0.135","0.145","311853"
"AZS","20090612","0.042","0.045","0.041","0.045","379500"
"AZZ","20090612","0.38","0.38","0.36","0.37","735129"
"AZZG","20090612","1.87","1.87","1.87","1.87","2500"
"BAR","20090612","0.105","0.105","0.097","0.10","88000"
"BAS","20090612","0.031","0.031","0.031","0.031","69000"
"BAU","20090612","0.465","0.465","0.44","0.455","943487"
"BBG","20090612","9.00","9.07","8.55","8.70","2114047"
"BBI","20090612","0.079","0.083","0.078","0.081","20974414"
"BBISMW","20090612","0.011","0.011","0.011","0.011","4643"
"BBP","20090612","0.092","0.096","0.092","0.096","2414810"
"BCC","20090612","0.045","0.045","0.042","0.042","120960"
"BCD","20090612","0.145","0.15","0.135","0.15","1400343"
"BCI","20090612","1.21","1.34","1.185","1.33","2210645"
"BCN","20090612","0.016","0.016","0.014","0.016","9882666"
"BCNOA","20090612","0.005","0.006","0.005","0.005","3815541"
"BDG","20090612","0.29","0.29","0.285","0.285","692818"
"BDI","20090612","0.02","0.02","0.019","0.019","150000"
"BDL","20090612","0.047","0.047","0.044","0.045","1875265"
"BDR","20090612","0.061","0.061","0.061","0.061","1147"
"BEC","20090612","0.18","0.185","0.175","0.185","313195"
"BECG","20090612","0.485","0.49","0.485","0.49","49900"
"BEL","20090612","0.255","0.255","0.255","0.255","10504"
"BEN","20090612","6.40","6.43","6.35","6.37","731761"
"BENHB","20090612","59.50","59.50","59.50","59.50","156"
"BENPA","20090612","95.00","95.00","94.80","94.80","893"
"BENPB","20090612","68.50","69.00","68.50","69.00","885"
"BENPC","20090612","71.00","71.00","69.50","69.50","734"
"BEPPA","20090612","0.12","0.125","0.118","0.124","500458"
"BFE","20090612","0.06","0.06","0.06","0.06","150000"
"BFG","20090612","0.70","0.75","0.70","0.75","75900"
"BGD","20090612","0.077","0.08","0.076","0.078","300000"
"BGDO","20090612","0.038","0.038","0.038","0.038","10000"
"BHP","20090612","37.85","38.36","37.61","38.04","12447740"
"BHPIMA","20090612","12.56","12.56","12.56","12.56","7000"
"BHPIMW","20090612","8.45","8.79","8.29","8.76","20200"
"BHPIOD","20090612","16.49","16.50","16.49","16.50","1500"
"BHPIOW","20090612","14.07","14.07","14.07","14.07","700"
"BHPIZQ","20090612","24.48","24.48","24.48","24.48","1000"
"BHPJMF","20090612","13.84","13.84","13.84","13.84","1000"
"BHPJMN","20090612","6.50","6.50","6.50","6.50","1000"
"BHPJZF","20090612","14.73","14.73","14.73","14.73","135"
"BHPKZB.","20090612","19.56","19.72","19.56","19.72","1000"
"BHPKZD.","20090612","13.33","13.66","13.06","13.66","9966"
"BHPKZP.","20090612","5.94","6.15","5.57","5.57","9000"
"BHPKZY.","20090612","10.78","10.92","10.37","10.37","12847"
"BHPSZX.","20090612","24.46","24.46","24.46","24.46","1000"
"BHPVZD","20090612","2.60","2.60","2.60","2.60","150"
"BHPVZV","20090612","0.775","0.775","0.775","0.775","10000"
"BHPWMT","20090612","0.64","0.64","0.625","0.625","7000"
"BHPWOH","20090612","1.47","1.53","1.455","1.52","60000"
"BHPWOJ","20090612","0.51","0.54","0.51","0.54","25600"
"BHPWOX","20090612","0.32","0.32","0.29","0.29","93200"
"BHPXOF","20090612","1.87","1.87","1.87","1.87","4000"
"BHPXOI","20090612","3.87","4.00","3.87","4.00","2000"
"BHPXOJ","20090612","2.78","2.96","2.78","2.87","16000"
"BHPXOP","20090612","1.285","1.285","1.18","1.18","5450"
"BHPXOQ","20090612","0.80","0.80","0.665","0.725","42000"
"BHPXOR","20090612","1.745","1.78","1.58","1.58","55500"
"BHPXOS","20090612","2.22","2.22","1.96","1.99","269756"
"BHPYOP","20090612","2.68","2.87","2.68","2.69","3000"
"BIS","20090612","0.175","0.175","0.15","0.15","267787"
"BJT","20090612","0.40","0.40","0.365","0.365","3593480"
"BKI","20090612","1.10","1.12","1.10","1.10","86097"
"BKL","20090612","16.75","17.00","16.75","17.00","1804"
"BKM","20090612","0.004","0.004","0.004","0.004","2000"
"BKN","20090612","4.28","4.31","4.22","4.24","428897"
"BKW","20090612","11.70","11.97","11.66","11.87","15847"
"BKY","20090612","1.23","1.27","1.21","1.27","496589"
"BLD","20090612","4.40","4.42","4.34","4.36","4062570"
"BLG","20090612","0.27","0.28","0.27","0.28","139165"
"BLK","20090612","0.15","0.15","0.15","0.15","50000"
"BLP","20090612","0.055","0.055","0.054","0.054","60000"
"BLR","20090612","0.068","0.084","0.068","0.084","25278852"
"BLRO","20090612","0.045","0.054","0.045","0.054","705834"
"BLT","20090612","0.029","0.029","0.025","0.028","715000"
"BLU","20090612","0.036","0.036","0.036","0.036","20700"
"BLY","20090612","0.25","0.29","0.245","0.28","127403786"
"BLZ","20090612","0.011","0.013","0.01","0.013","12198598"
"BMI","20090612","0.035","0.04","0.035","0.04","335000"
"BMN","20090612","1.34","1.365","1.30","1.33","1030109"
"BMY","20090612","0.17","0.17","0.16","0.16","159924"
"BND","20090612","0.50","0.51","0.495","0.50","464100"
"BNO","20090612","0.24","0.26","0.24","0.245","59100"
"BNT","20090612","0.031","0.032","0.029","0.029","450000"
"BNV","20090612","0.034","0.034","0.013","0.022","94500"
"BOC","20090612","0.69","0.745","0.68","0.745","20654"
"BOL","20090612","0.39","0.415","0.385","0.405","633037"
"BOM","20090612","0.105","0.105","0.10","0.10","25000"
"BON","20090612","0.067","0.067","0.057","0.057","75463"
"BOQ","20090612","8.71","8.95","8.67","8.93","489975"
"BOQPA","20090612","99.95","99.95","99.10","99.10","376"
"BOQPC","20090612","82.90","82.90","82.00","82.00","802"
"BOS","20090612","0.025","0.025","0.024","0.024","100000"
"BOW","20090612","0.97","1.065","0.95","1.00","2356301"
"BPH","20090612","0.035","0.035","0.035","0.035","22591"
"BPO","20090612","0.019","0.019","0.017","0.017","538000"
"BPT","20090612","0.85","0.875","0.845","0.87","7128904"
"BPTO","20090612","0.03","0.03","0.03","0.03","171371"
"BRC","20090612","0.255","0.255","0.25","0.25","47072"
"BRG","20090612","1.00","1.00","0.93","0.93","5690"
"BRM","20090612","1.35","1.39","1.33","1.35","936038"
"BRO","20090612","0.003","0.003","0.003","0.003","300000"
"BRU","20090612","0.23","0.23","0.225","0.225","257426"
"BRUO","20090612","0.022","0.023","0.022","0.022","123578"
"BRW","20090612","0.084","0.087","0.083","0.083","356599"
"BSA","20090612","0.16","0.17","0.16","0.16","97531"
"BSE","20090612","0.075","0.08","0.075","0.08","39000"
"BSI","20090612","0.034","0.034","0.032","0.032","350000"
"BSL","20090612","2.94","2.98","2.80","2.84","37616617"
"BSLKZI.","20090612","1.335","1.35","1.325","1.325","30500"
"BSLKZR.","20090612","2.60","2.60","2.60","2.60","5000"
"BSLXOP","20090612","0.195","0.195","0.175","0.175","8000"
"BSM","20090612","0.25","0.26","0.235","0.25","281133"
"BSMOA","20090612","0.035","0.035","0.035","0.035","1563"
"BSR","20090612","0.092","0.095","0.08","0.08","284000"
"BTA","20090612","1.31","1.40","1.31","1.37","1948427"
"BTC","20090612","0.16","0.18","0.16","0.18","15000"
"BTR","20090612","0.33","0.345","0.33","0.345","76109"
"BTT","20090612","2.13","2.14","2.05","2.14","46925"
"BTU","20090612","0.10","0.10","0.10","0.10","212900"
"BTV","20090612","0.125","0.13","0.125","0.13","92800"
"BUL","20090612","0.22","0.22","0.215","0.22","6792129"
"BUR","20090612","0.055","0.055","0.051","0.051","226809"
"BUY","20090612","0.031","0.031","0.028","0.03","2482760"
"BVA","20090612","0.15","0.155","0.15","0.15","257233"
"BWN","20090612","0.16","0.165","0.16","0.165","100000"
"BWNO","20090612","0.017","0.017","0.017","0.017","10000"
"BWP","20090612","1.69","1.69","1.645","1.65","2329721"
"BXB","20090612","5.87","5.98","5.87","5.92","3169868"
"BXBKZG.","20090612","2.14","2.14","2.14","2.14","5000"
"BYR","20090612","0.03","0.032","0.03","0.03","227800"
"BZI","20090612","0.016","0.016","0.016","0.016","10000"
"CAB","20090612","6.52","6.57","6.40","6.46","221904"
"CAH","20090612","0.105","0.11","0.10","0.105","1877480"
"CAM","20090612","0.805","0.805","0.805","0.805","10000"
"CAP","20090612","0.065","0.065","0.065","0.065","263377"
"CAU","20090612","0.011","0.011","0.009","0.009","166181"
"CAVO","20090612","0.002","0.002","0.002","0.002","50000"
"CAZ","20090612","0.195","0.20","0.19","0.19","320179"
"CBA","20090612","37.57","37.98","37.44","37.80","4374847"
"CBAISF","20090612","8.64","8.65","8.63","8.65","2000"
"CBAIZQ","20090612","19.50","19.50","19.50","19.50","58"
"CBAJME","20090612","4.31","4.31","4.31","4.31","300"
"CBAJMF","20090612","0.089","0.089","0.089","0.089","836"
"CBAKZN.","20090612","10.57","10.57","10.57","10.57","800"
"CBAKZT.","20090612","13.84","14.02","13.84","14.00","8000"
"CBAKZY.","20090612","7.50","7.62","7.40","7.52","18000"
"CBAPB","20090612","183.70","184.00","183.55","183.95","6179"
"CBASMU.","20090612","24.70","24.70","24.70","24.70","502"
"CBASOB","20090612","22.69","22.69","22.69","22.69","450"
"CBASWA.","20090612","25.23","25.23","25.23","25.23","357"
"CBASWE","20090612","13.20","13.20","13.20","13.20","120"
"CBASZB","20090612","13.08","13.08","13.08","13.08","700"
"CBAWMI","20090612","0.10","0.115","0.10","0.11","118000"
"CBAWOD","20090612","0.215","0.225","0.215","0.225","38000"
"CBAWOS","20090612","0.195","0.195","0.18","0.185","41200"
"CBAXOZ","20090612","0.835","0.87","0.795","0.86","12000"
"CBB","20090612","0.32","0.32","0.32","0.32","9000"
"CBD","20090612","0.09","0.09","0.077","0.077","173440"
"CBH","20090612","0.15","0.15","0.145","0.15","2465895"
"CBHGA","20090612","465.00","465.00","465.00","465.00","17"
"CBX","20090612","0.44","0.45","0.44","0.45","10600"
"CCD","20090612","1.13","1.165","1.11","1.11","47067"
"CCF","20090612","0.16","0.16","0.16","0.16","1905"
"CCI","20090612","0.06","0.065","0.06","0.065","373380"
"CCL","20090612","8.33","8.50","8.33","8.48","5952592"
"CCLKZA.","20090612","3.04","3.04","3.04","3.04","2000"
"CCP","20090612","1.45","1.46","1.45","1.45","123903"
"CCQ","20090612","0.37","0.37","0.37","0.37","18640"
"CCU","20090612","0.085","0.085","0.085","0.085","109800"
"CCV","20090612","0.495","0.50","0.49","0.49","2298441"
"CDD","20090612","3.48","3.50","3.47","3.48","151667"
"CDI","20090612","0.475","0.475","0.445","0.445","656376"
"CDP","20090612","3.50","3.50","3.50","3.50","30300"
"CDU","20090612","2.85","2.94","2.77","2.80","1484510"
"CEG","20090612","0.14","0.145","0.135","0.135","71800"
"CEO","20090612","0.008","0.008","0.008","0.008","2350000"
"CER","20090612","0.115","0.12","0.105","0.12","10716801"
"CEU","20090612","0.31","0.315","0.30","0.30","7823364"
"CEUSMU.","20090612","0.013","0.013","0.013","0.013","43000"
"CEY","20090612","3.08","3.22","2.95","3.03","5508955"
"CFE","20090612","0.36","0.375","0.355","0.37","1849709"
"CFR","20090612","0.006","0.006","0.006","0.006","950000"
"CFU","20090612","0.155","0.185","0.155","0.175","22452947"
"CFX","20090612","1.66","1.67","1.60","1.615","9159144"
"CGF","20090612","2.58","2.75","2.58","2.63","2012854"
"CGG","20090612","0.22","0.235","0.215","0.235","3185331"
"CGI","20090612","0.006","0.006","0.006","0.006","2500"
"CGO","20090612","0.465","0.465","0.465","0.465","2500"
"CGT","20090612","0.043","0.05","0.043","0.05","54285"
"CHB","20090612","23.50","23.50","23.00","23.00","148"
"CHC","20090612","0.54","0.555","0.505","0.52","4302535"
"CHM","20090612","0.013","0.015","0.013","0.014","946000"
"CHN","20090612","0.24","0.25","0.24","0.25","159598"
"CHO","20090612","4.33","4.35","4.33","4.35","14960"
"CHZ","20090612","0.10","0.105","0.10","0.10","170000"
"CIF","20090612","1.58","1.60","1.58","1.595","165047"
"CIG","20090612","0.02","0.021","0.02","0.021","1850000"
"CII","20090612","0.95","0.95","0.95","0.95","5000"
"CIL","20090612","1.05","1.06","1.04","1.04","79307"
"CIN","20090612","14.78","14.79","14.78","14.79","271"
"CIR","20090612","0.75","0.75","0.75","0.75","2000"
"CIW","20090612","0.33","0.34","0.33","0.34","126571"
"CIX","20090612","0.355","0.355","0.35","0.35","49826"
"CIY","20090612","0.06","0.063","0.059","0.059","386542"
"CKK","20090612","0.27","0.27","0.26","0.26","43000"
"CKL","20090612","0.47","0.47","0.44","0.45","91587"
"CKR","20090612","0.004","0.004","0.004","0.004","408000"
"CKT","20090612","0.50","0.50","0.465","0.465","53000"
"CLH","20090612","0.48","0.535","0.48","0.50","15000"
"CLN","20090612","0.06","0.06","0.05","0.05","236191"
"CLO","20090612","0.72","0.72","0.715","0.715","555348"
"CLT","20090612","0.29","0.29","0.25","0.25","26927"
"CLV","20090612","0.205","0.205","0.20","0.20","120000"
"CLX","20090612","0.82","0.82","0.82","0.82","735"
"CMG","20090612","0.10","0.105","0.10","0.105","10000"
"CMI","20090612","0.31","0.31","0.31","0.31","4590"
"CMIPC","20090612","0.29","0.29","0.29","0.29","35000"
"CMJ","20090612","2.47","2.47","2.33","2.40","1611877"
"CMO","20090612","0.017","0.017","0.015","0.015","667366"
"CMP","20090612","0.135","0.135","0.135","0.135","1040"
"CMV","20090612","0.12","0.12","0.086","0.10","3390093"
"CMW","20090612","0.58","0.595","0.56","0.575","1123169"
"CMY","20090612","0.09","0.09","0.08","0.08","41563"
"CNA","20090612","82.01","82.01","82.01","82.01","40"
"CND","20090612","0.72","0.75","0.72","0.72","73651"
"CNF","20090612","0.08","0.08","0.07","0.072","620529"
"CNH","20090612","0.07","0.072","0.07","0.072","108333"
"CNK","20090612","0.06","0.06","0.06","0.06","243587"
"CNM","20090612","0.215","0.22","0.21","0.215","1276967"
"CNN","20090612","0.033","0.033","0.03","0.03","2214300"
"CNNO","20090612","0.009","0.009","0.008","0.008","948681"
"CNP","20090612","0.105","0.105","0.10","0.105","5439040"
"CNT","20090612","1.62","1.625","1.58","1.60","122639"
"CNX","20090612","0.455","0.49","0.455","0.48","2141108"
"COE","20090612","0.485","0.50","0.485","0.495","2292971"
"COF","20090612","2.06","2.06","2.02","2.05","371374"
"COH","20090612","56.64","57.17","56.21","56.43","463002"
"COI","20090612","0.35","0.365","0.34","0.36","368107"
"COK","20090612","0.46","0.47","0.46","0.46","404349"
"COM","20090612","0.065","0.065","0.065","0.065","2200"
"COO","20090612","0.055","0.055","0.055","0.055","54000"
"COS","20090612","0.075","0.075","0.075","0.075","267000"
"COU","20090612","1.47","1.52","1.47","1.51","57782"
"COV","20090612","0.12","0.125","0.12","0.125","46071"
"COZ","20090612","0.22","0.22","0.20","0.22","213949"
"COZO","20090612","0.095","0.095","0.095","0.095","21226"
"CPA","20090612","0.805","0.82","0.79","0.80","8156586"
"CPB","20090612","19.90","20.20","19.50","19.97","17637"
"CPI","20090612","0.16","0.16","0.16","0.16","10000"
"CPK","20090612","0.016","0.016","0.016","0.016","11260"
"CPN","20090612","0.18","0.18","0.175","0.18","220035"
"CPR","20090612","0.18","0.185","0.175","0.185","157983"
"CPS","20090612","0.01","0.01","0.01","0.01","230000"
"CPU","20090612","8.80","8.88","8.71","8.75","1821609"
"CQT","20090612","0.43","0.535","0.43","0.525","2918713"
"CRB","20090612","0.041","0.041","0.041","0.041","25508"
"CRC","20090612","0.18","0.185","0.18","0.18","142813"
"CRE","20090612","0.16","0.165","0.16","0.165","412759"
"CRG","20090612","11.03","11.08","10.61","10.75","168741"
"CRJ","20090612","0.028","0.028","0.028","0.028","35000"
"CRK","20090612","0.73","0.765","0.73","0.765","12935"
"CRL","20090612","0.041","0.041","0.041","0.041","50000"
"CRM","20090612","2.95","2.95","2.95","2.95","2000"
"CRS","20090612","0.024","0.025","0.02","0.021","3697307"
"CRT","20090612","0.445","0.445","0.445","0.445","12483"
"CSE","20090612","0.11","0.12","0.11","0.12","154428"
"CSL","20090612","30.95","31.06","30.48","30.69","2467797"
"CSLIOW","20090612","7.24","7.24","7.24","7.24","1000"
"CSLJMJ","20090612","10.43","10.43","10.43","10.43","480"
"CSLKZG.","20090612","7.27","7.42","7.19","7.30","12636"
"CSLKZW.","20090612","10.12","10.12","10.10","10.10","2000"
"CSLSZX.","20090612","13.33","13.33","12.87","13.00","5000"
"CSLVZM","20090612","0.58","0.58","0.58","0.58","5000"
"CSR","20090612","1.61","1.63","1.57","1.57","12048567"
"CSS","20090612","0.65","0.68","0.64","0.66","853888"
"CST","20090612","2.81","2.96","2.81","2.96","99370"
"CSV","20090612","0.85","0.85","0.845","0.85","198000"
"CSW","20090612","0.93","0.93","0.925","0.925","145000"
"CTN","20090612","0.89","0.90","0.88","0.89","207667"
"CTO","20090612","0.195","0.215","0.195","0.21","8975194"
"CTP","20090612","0.12","0.12","0.105","0.115","1775235"
"CTPOA","20090612","0.03","0.03","0.027","0.027","202000"
"CTX","20090612","12.80","12.95","12.46","12.50","846567"
"CTY","20090612","3.10","3.10","3.10","3.10","1000"
"CUE","20090612","0.15","0.16","0.15","0.16","739075"
"CUL","20090612","0.081","0.086","0.081","0.086","966080"
"CUR","20090612","0.475","0.50","0.475","0.48","85000"
"CUS","20090612","2.23","2.25","2.20","2.25","227379"
"CUV","20090612","0.345","0.35","0.33","0.34","611258"
"CUX","20090612","0.084","0.084","0.083","0.083","217000"
"CUY","20090612","0.55","0.59","0.50","0.54","64609"
"CVB","20090612","0.04","0.04","0.04","0.04","100000"
"CVC","20090612","0.62","0.695","0.62","0.695","41000"
"CVGO","20090612","0.03","0.03","0.03","0.03","35000"
"CVI","20090612","0.007","0.008","0.006","0.007","51944204"
"CVIO","20090612","0.001","0.001","0.001","0.001","744565"
"CVN","20090612","0.85","0.88","0.84","0.855","7117434"
"CVR","20090612","0.065","0.07","0.065","0.07","250000"
"CVS","20090612","0.051","0.051","0.05","0.05","212100"
"CWK","20090612","0.215","0.22","0.205","0.22","224500"
"CWN","20090612","7.65","7.65","7.42","7.44","3005503"
"CWP","20090612","1.40","1.40","1.40","1.40","5000"
"CWT","20090612","0.34","0.34","0.33","0.33","195800"
"CXC","20090612","17.20","17.20","16.30","16.35","69524"
"CXD","20090612","0.56","0.60","0.56","0.57","53288"
"CXG","20090612","0.28","0.29","0.26","0.29","365620"
"CXH","20090612","0.04","0.04","0.04","0.04","5127"
"CXM","20090612","0.285","0.30","0.28","0.295","272155"
"CXP","20090612","3.74","3.83","3.73","3.76","295349"
"CXS","20090612","0.575","0.635","0.565","0.63","1517227"
"CXSO","20090612","0.04","0.04","0.04","0.04","9000"
"CXSOA","20090612","0.19","0.19","0.19","0.19","44500"
"CXU","20090612","0.35","0.365","0.35","0.365","30000"
"CXY","20090612","0.11","0.12","0.11","0.115","26747290"
"CYA","20090612","0.80","0.82","0.80","0.80","122260"
"CYC","20090612","0.09","0.09","0.085","0.085","55500"
"CYG","20090612","0.94","0.985","0.94","0.985","21000"
"CYS","20090612","0.14","0.15","0.14","0.15","15903"
"CYT","20090612","0.085","0.085","0.085","0.085","1800"
"CYU","20090612","0.20","0.20","0.20","0.20","12500"
"CZA","20090612","1.70","1.73","1.65","1.68","208317"
"CZP","20090612","0.04","0.04","0.04","0.04","59000"
"CZR","20090612","0.04","0.04","0.04","0.04","100000"
"DBS","20090612","0.20","0.20","0.20","0.20","30000"
"DDD","20090612","0.012","0.012","0.011","0.011","47500"
"DDT","20090612","0.018","0.019","0.018","0.018","180200"
"DEG","20090612","0.034","0.035","0.034","0.035","200000"
"DEX","20090612","0.41","0.41","0.40","0.40","297398"
"DGO","20090612","0.045","0.045","0.045","0.045","450"
"DIA","20090612","0.015","0.015","0.014","0.014","1111490"
"DIO","20090612","0.65","0.69","0.65","0.66","121498"
"DJS","20090612","4.25","4.30","4.14","4.16","3258320"
"DJW","20090612","4.09","4.12","4.04","4.08","176926"
"DKN","20090612","0.48","0.48","0.48","0.48","10800"
"DKS","20090612","6.35","6.35","6.35","6.35","8000"
"DLS","20090612","0.033","0.034","0.032","0.033","7304090"
"DMA","20090612","0.11","0.11","0.11","0.11","25000"
"DMG","20090612","0.22","0.23","0.215","0.23","212763"
"DML","20090612","0.285","0.285","0.285","0.285","17600"
"DMM","20090612","0.20","0.21","0.17","0.19","369000"
"DMMO","20090612","0.001","0.001","0.001","0.001","100000"
"DMP","20090612","3.03","3.05","3.00","3.05","47354"
"DMX","20090612","0.18","0.20","0.18","0.20","26000"
"DOM","20090612","4.90","4.97","4.81","4.88","290499"
"DOW","20090612","4.79","5.12","4.79","5.12","972686"
"DRX","20090612","0.155","0.155","0.155","0.155","141"
"DSN","20090612","0.155","0.155","0.155","0.155","20000"
"DTL","20090612","6.18","6.19","6.10","6.15","10491"
"DTM","20090612","0.07","0.07","0.07","0.07","70000"
"DUE","20090612","1.63","1.66","1.63","1.64","3287615"
"DUESMT.","20090612","1.445","1.455","1.445","1.45","114869"
"DUI","20090612","2.60","2.65","2.60","2.65","5000"
"DVM","20090612","0.07","0.07","0.07","0.07","110811"
"DVN","20090612","0.46","0.47","0.45","0.455","397467"
"DWS","20090612","0.845","0.85","0.84","0.84","83288"
"DXRPA","20090612","71.00","72.00","71.00","72.00","3717"
"DXS","20090612","0.745","0.755","0.715","0.72","29184146"
"DYE","20090612","0.86","0.865","0.84","0.86","81030"
"DYL","20090612","0.44","0.47","0.425","0.44","5189515"
"EAR","20090612","0.035","0.035","0.035","0.035","99758"
"EBT","20090612","0.056","0.059","0.056","0.056","167873"
"ECE","20090612","0.001","0.001","0.001","0.001","80000"
"ECM","20090612","0.096","0.096","0.095","0.095","65000"
"ECU","20090612","0.315","0.32","0.31","0.32","115141"
"EDE","20090612","0.055","0.06","0.055","0.06","235000"
"EDEO","20090612","0.002","0.002","0.002","0.002","20000"
"EDS","20090612","0.075","0.076","0.075","0.076","328000"
"EEE","20090612","0.059","0.059","0.055","0.055","26000"
"EER","20090612","0.10","0.10","0.097","0.10","240000"
"EFEO","20090612","0.021","0.021","0.021","0.021","3000"
"EFG","20090612","0.061","0.062","0.059","0.059","798184"
"EGL","20090612","0.057","0.06","0.057","0.06","112698"
"EGO","20090612","0.01","0.011","0.009","0.011","6119851"
"EHL","20090612","0.485","0.50","0.48","0.495","1609895"
"EKA","20090612","0.035","0.035","0.035","0.035","707479"
"EKM","20090612","0.038","0.038","0.037","0.037","206825"
"ELD","20090612","0.28","0.30","0.28","0.30","3844170"
"ELDPA","20090612","22.90","23.95","22.50","23.50","6782"
"ELK","20090612","0.17","0.185","0.165","0.17","1391256"
"ELX","20090612","0.15","0.15","0.15","0.15","8000"
"ELY","20090612","0.09","0.09","0.09","0.09","3200"
"EMA","20090612","0.33","0.34","0.33","0.34","93530"
"EME","20090612","0.58","0.59","0.55","0.55","51964"
"EMG","20090612","0.43","0.47","0.43","0.47","224195"
"EMGO","20090612","0.17","0.17","0.17","0.17","50000"
"EMS","20090612","0.035","0.035","0.03","0.03","319000"
"ENB","20090612","0.27","0.275","0.27","0.275","29400"
"ENBO","20090612","0.02","0.02","0.02","0.02","20000"
"ENE","20090612","1.67","1.72","1.65","1.71","53532"
"ENG","20090612","0.016","0.016","0.015","0.015","86000"
"ENL","20090612","0.04","0.04","0.04","0.04","15000"
"ENR","20090612","0.26","0.26","0.255","0.255","22944"
"ENT","20090612","0.19","0.19","0.175","0.19","114915"
"ENV","20090612","0.50","0.51","0.495","0.51","1404048"
"EOS","20090612","0.60","0.60","0.58","0.58","6000"
"EPG","20090612","0.135","0.135","0.13","0.135","435300"
"EPR","20090612","0.005","0.006","0.005","0.006","2299710"
"EPS","20090612","0.045","0.046","0.045","0.046","41311"
"EPX","20090612","0.83","0.83","0.79","0.79","40000"
"EPY","20090612","0.09","0.10","0.09","0.10","411884"
"EQN","20090612","3.24","3.27","3.17","3.25","2482719"
"EQT","20090612","14.50","14.50","14.50","14.50","405"
"EQX","20090612","0.054","0.054","0.054","0.054","100000"
"ERA","20090612","24.06","24.64","24.01","24.50","259131"
"ERC","20090612","1.06","1.20","1.06","1.15","546455"
"ERH","20090612","0.13","0.13","0.12","0.125","818001"
"ERHO","20090612","0.045","0.045","0.045","0.045","15110"
"ERJ","20090612","0.08","0.11","0.072","0.099","7774515"
"ERM","20090612","0.165","0.165","0.16","0.16","230606"
"ERN","20090612","0.068","0.07","0.068","0.07","347200"
"ERO","20090612","0.067","0.067","0.064","0.065","353865"
"ESG","20090612","0.79","0.83","0.785","0.825","3389693"
"ESI","20090612","0.019","0.026","0.019","0.024","26348219"
"ESIO","20090612","0.009","0.014","0.009","0.013","2550000"
"ESN","20090612","0.005","0.005","0.005","0.005","2350000"
"ESS","20090612","0.27","0.27","0.23","0.265","43688"
"ESV","20090612","0.37","0.415","0.37","0.39","308395"
"ETC","20090612","0.48","0.485","0.48","0.485","2014955"
"ETE","20090612","0.089","0.09","0.086","0.09","512000"
"ETPMAG","20090612","18.90","18.90","18.73","18.73","429"
"ETT","20090612","0.002","0.002","0.002","0.002","300000"
"EUG","20090612","0.165","0.19","0.165","0.19","241040"
"EVE","20090612","0.037","0.037","0.033","0.033","400000"
"EVG","20090612","0.048","0.05","0.048","0.05","506000"
"EVM","20090612","0.044","0.044","0.044","0.044","39584"
"EVZ","20090612","0.115","0.12","0.11","0.12","55000"
"EWC","20090612","0.675","0.70","0.66","0.67","3071159"
"EXE","20090612","0.18","0.19","0.175","0.175","663442"
"EXEO","20090612","0.049","0.049","0.046","0.046","131000"
"EXM","20090612","0.017","0.017","0.015","0.016","7767500"
"EXMO","20090612","0.003","0.004","0.003","0.004","2430000"
"EXMOA","20090612","0.007","0.007","0.006","0.007","1080062"
"EXR","20090612","0.062","0.062","0.061","0.061","529722"
"EXS","20090612","0.28","0.30","0.28","0.30","953085"
"EXT","20090612","6.70","6.80","6.38","6.80","674809"
"EYE","20090612","0.035","0.035","0.035","0.035","43000"
"EZE","20090612","0.013","0.013","0.013","0.013","70000"
"EZL","20090612","0.915","0.93","0.915","0.93","27650"
"EZLO","20090612","0.41","0.45","0.41","0.45","3240"
"FAC","20090612","0.065","0.065","0.065","0.065","16000"
"FAN","20090612","2.90","2.94","2.90","2.94","565133"
"FAR","20090612","0.072","0.072","0.07","0.072","6203552"
"FAS","20090612","0.05","0.05","0.05","0.05","360000"
"FASO","20090612","0.001","0.001","0.001","0.001","107000"
"FAT","20090612","0.71","0.71","0.71","0.71","6500"
"FBU","20090612","5.28","5.39","5.28","5.34","553943"
"FCN","20090612","0.125","0.125","0.12","0.125","210000"
"FCS","20090612","0.05","0.05","0.05","0.05","1523"
"FDY","20090612","0.072","0.072","0.07","0.07","100000"
"FEA","20090612","0.16","0.16","0.155","0.155","208663"
"FER","20090612","0.145","0.145","0.14","0.14","51238"
"FGE","20090612","0.43","0.45","0.425","0.43","31575"
"FGI","20090612","0.39","0.39","0.39","0.39","7500"
"FGL","20090612","5.06","5.25","5.05","5.22","7343786"
"FGLIMF","20090612","2.27","2.27","2.27","2.27","10000"
"FGLIZQ","20090612","2.30","2.30","2.30","2.30","1000"
"FIPSS1","20090612","0.84","0.84","0.84","0.84","20863"
"FKP","20090612","0.80","0.83","0.80","0.81","379003"
"FLS","20090612","0.47","0.47","0.47","0.47","1000"
"FLT","20090612","9.19","9.65","9.14","9.27","502769"
"FLX","20090612","14.31","15.21","14.27","14.89","377689"
"FMG","20090612","4.48","4.55","4.04","4.15","26894443"
"FMGIOW","20090612","0.875","0.92","0.86","0.86","40599"
"FML","20090612","0.029","0.031","0.029","0.03","24446561"
"FMS","20090612","0.061","0.067","0.06","0.066","86461152"
"FND","20090612","0.36","0.41","0.36","0.40","1003250"
"FNT","20090612","0.03","0.032","0.03","0.032","19000"
"FPA","20090612","0.51","0.53","0.51","0.52","377888"
"FPARA","20090612","0.17","0.20","0.17","0.19","1149713"
"FPH","20090612","2.35","2.38","2.35","2.38","2025912"
"FPS","20090612","1.485","1.485","1.48","1.485","5350"
"FRE","20090612","0.017","0.017","0.016","0.016","251100"
"FRR","20090612","0.10","0.10","0.10","0.10","9450"
"FRS","20090612","0.485","0.545","0.48","0.53","2940193"
"FSA","20090612","0.42","0.43","0.42","0.43","94306"
"FSE","20090612","0.039","0.042","0.037","0.041","14483975"
"FTE","20090612","0.16","0.165","0.16","0.165","3771339"
"FUN","20090612","0.16","0.16","0.16","0.16","59726"
"FUT","20090612","0.005","0.005","0.005","0.005","1680000"
"FWD","20090612","6.41","6.59","6.30","6.40","181618"
"FWL","20090612","0.096","0.096","0.092","0.092","88326"
"FXI","20090612","0.56","0.57","0.56","0.57","30000"
"FXJ","20090612","1.30","1.325","1.28","1.285","18904990"
"FXJPB","20090612","60.00","63.25","60.00","60.55","27185"
"FXL","20090612","0.88","0.89","0.86","0.88","298158"
"FXR","20090612","0.145","0.145","0.135","0.14","1741537"
"FYI","20090612","0.004","0.004","0.004","0.004","64000"
"GAP","20090612","0.065","0.065","0.065","0.065","444500"
"GAU","20090612","0.105","0.11","0.10","0.105","1141762"
"GBE","20090612","0.16","0.17","0.16","0.165","123000"
"GBG","20090612","0.95","0.95","0.87","0.905","4086090"
"GBI","20090612","0.495","0.50","0.495","0.50","14775"
"GBP","20090612","0.16","0.175","0.15","0.165","3650985"
"GBT","20090612","0.70","0.70","0.63","0.63","10000"
"GCL","20090612","6.84","6.84","6.53","6.74","327642"
"GCR","20090612","0.021","0.022","0.021","0.022","410767"
"GCS","20090612","0.55","0.57","0.55","0.57","21800"
"GDA","20090612","0.012","0.012","0.011","0.011","1770250"
"GDN","20090612","0.084","0.084","0.08","0.081","6172456"
"GDNO","20090612","0.001","0.001","0.001","0.001","1300000"
"GDO","20090612","0.315","0.375","0.315","0.36","721667"
"GDOO","20090612","0.115","0.12","0.115","0.12","96784"
"GDY","20090612","1.03","1.03","0.98","1.00","385453"
"GDYO","20090612","0.073","0.078","0.064","0.078","365232"
"GFF","20090612","1.34","1.38","1.34","1.36","6588848"
"GGE","20090612","0.004","0.004","0.004","0.004","106725"
"GGG","20090612","0.445","0.455","0.44","0.445","1452552"
"GGGO","20090612","0.255","0.275","0.255","0.265","1683414"
"GGP","20090612","0.069","0.073","0.069","0.072","1270666"
"GGX","20090612","0.055","0.055","0.055","0.055","105000"
"GGY","20090612","0.058","0.065","0.058","0.065","2595400"
"GHT","20090612","0.38","0.38","0.38","0.38","7850"
"GIP","20090612","0.065","0.065","0.06","0.06","150000"
"GIR","20090612","0.725","0.745","0.715","0.715","1264634"
"GJT","20090612","0.043","0.064","0.042","0.054","5468173"
"GLB","20090612","0.21","0.22","0.20","0.22","2638"
"GLF","20090612","0.05","0.057","0.05","0.053","309000"
"GLHR","20090612","0.001","0.001","0.001","0.001","652200"
"GLI","20090612","0.021","0.021","0.021","0.021","2650"
"GLN","20090612","0.14","0.16","0.14","0.16","1191813"
"GME","20090612","0.072","0.074","0.072","0.074","25000"
"GMG","20090612","0.40","0.45","0.395","0.45","116502887"
"GMI","20090612","1.05","1.06","1.045","1.06","174005"
"GMPPA","20090612","30.99","38.50","30.99","35.30","14901"
"GMR","20090612","0.053","0.055","0.051","0.055","854621"
"GMX","20090612","0.77","0.77","0.77","0.77","38750"
"GNC","20090612","7.40","7.44","7.35","7.37","161341"
"GNI","20090612","0.035","0.035","0.035","0.035","58799"
"GNM","20090612","0.56","0.56","0.55","0.55","41309"
"GNS","20090612","1.125","1.14","1.05","1.07","2172376"
"GNSPA","20090612","63.06","64.48","63.05","64.48","2427"
"GOA","20090612","0.011","0.012","0.011","0.012","403000"
"GOLD","20090612","114.80","115.30","114.51","114.92","22385"
"GOP","20090612","0.027","0.03","0.024","0.03","912138"
"GPB","20090612","0.145","0.145","0.145","0.145","4000"
"GPG","20090612","0.555","0.555","0.55","0.55","1081710"
"GPM","20090612","0.11","0.115","0.105","0.115","368419"
"GPT","20090612","0.51","0.52","0.50","0.50","60264542"
"GRB","20090612","0.065","0.068","0.063","0.066","171942"
"GRD","20090612","0.52","0.525","0.505","0.52","1579210"
"GRK","20090612","0.047","0.047","0.046","0.046","125834"
"GRR","20090612","0.64","0.64","0.585","0.615","255444"
"GRV","20090612","0.06","0.06","0.06","0.06","750"
"GRY","20090612","0.295","0.305","0.295","0.30","673550"
"GSE","20090612","0.025","0.025","0.025","0.025","250000"
"GSEO","20090612","0.001","0.001","0.001","0.001","37500"
"GSF","20090612","0.004","0.004","0.004","0.004","567075"
"GTE","20090612","0.023","0.023","0.023","0.023","60928"
"GTEO","20090612","0.006","0.006","0.006","0.006","5232"
"GTG","20090612","0.069","0.07","0.069","0.07","45350"
"GTI","20090612","0.038","0.038","0.038","0.038","10000"
"GTR","20090612","0.046","0.049","0.046","0.049","137942"
"GUD","20090612","6.70","6.70","6.47","6.58","102845"
"GUL","20090612","0.05","0.055","0.05","0.05","326667"
"GUN","20090612","0.09","0.12","0.09","0.11","142563"
"GWR","20090612","0.44","0.49","0.425","0.445","226246"
"GWT","20090612","2.67","2.70","2.51","2.63","1058991"
"GXL","20090612","0.60","0.60","0.60","0.60","683"
"GXY","20090612","0.69","0.70","0.68","0.68","130280"
"GZL","20090612","0.865","0.865","0.865","0.865","3000"
"HAO","20090612","0.115","0.12","0.115","0.12","104751"
"HAP","20090612","0.13","0.155","0.125","0.125","998086"
"HAV","20090612","0.60","0.60","0.58","0.58","26000"
"HAW","20090612","0.011","0.011","0.01","0.01","7587220"
"HAWOB","20090612","0.005","0.005","0.004","0.005","1900000"
"HDF","20090612","1.47","1.495","1.365","1.38","581808"
"HDN","20090612","0.11","0.12","0.11","0.12","92700"
"HEG","20090612","0.205","0.205","0.20","0.205","457973"
"HEM","20090612","0.11","0.145","0.11","0.145","80000"
"HFA","20090612","0.165","0.195","0.165","0.195","8400913"
"HGG","20090612","1.83","1.905","1.83","1.88","2412738"
"HGL","20090612","0.044","0.044","0.044","0.044","20000"
"HGN","20090612","0.25","0.25","0.25","0.25","23750"
"HGO","20090612","0.175","0.18","0.17","0.175","1049477"
"HHL","20090612","5.18","5.19","5.13","5.13","2265"
"HHV","20090612","0.72","0.73","0.715","0.72","204550"
"HHY","20090612","1.245","1.25","1.185","1.20","45926"
"HIG","20090612","0.11","0.11","0.10","0.105","305717"
"HIL","20090612","1.68","1.74","1.68","1.68","318743"
"HIN","20090612","0.85","0.855","0.84","0.85","187720"
"HLCHA","20090612","93.50","93.50","92.75","92.75","822"
"HLG","20090612","0.38","0.38","0.36","0.36","45367"
"HLS","20090612","0.09","0.09","0.08","0.08","10834"
"HLX","20090612","0.09","0.09","0.088","0.09","55000"
"HMC","20090612","0.05","0.05","0.05","0.05","10000"
"HNR","20090612","0.092","0.11","0.092","0.11","203072"
"HOM","20090612","0.43","0.45","0.41","0.43","62630"
"HRL","20090612","0.10","0.10","0.10","0.10","145000"
"HRR","20090612","0.22","0.22","0.21","0.21","399178"
"HSK","20090612","0.47","0.50","0.47","0.50","771605"
"HSN","20090612","0.395","0.40","0.395","0.40","25000"
"HSP","20090612","4.02","4.06","3.99","4.02","687379"
"HST","20090612","1.33","1.385","1.32","1.37","1306902"
"HTA","20090612","0.115","0.12","0.115","0.12","318046"
"HTC","20090612","0.032","0.032","0.028","0.03","364035"
"HTE","20090612","0.032","0.034","0.032","0.034","342500"
"HTX","20090612","0.038","0.038","0.038","0.038","2000"
"HVN","20090612","3.11","3.16","3.07","3.09","1673063"
"HXL","20090612","0.38","0.38","0.38","0.38","312"
"HYO","20090612","0.02","0.021","0.02","0.021","295000"
"HZN","20090612","0.20","0.21","0.19","0.195","11637231"
"IAA","20090612","42.10","42.27","41.31","41.37","3006"
"IAG","20090612","3.50","3.53","3.47","3.51","10393006"
"IAGISF","20090612","0.265","0.27","0.265","0.265","55900"
"IAGKZF.","20090612","0.845","0.845","0.845","0.845","5800"
"IAGPA","20090612","99.95","99.95","99.75","99.75","2043"
"IAGSZB.","20090612","1.225","1.225","1.225","1.225","1000"
"IANG","20090612","71.39","72.50","71.00","72.50","4386"
"IAS","20090612","0.58","0.58","0.575","0.575","76164"
"IAT","20090612","0.011","0.011","0.011","0.011","38000"
"IAU","20090612","0.365","0.38","0.36","0.38","2648051"
"IAW","20090612","0.16","0.16","0.15","0.15","72172"
"IBC","20090612","0.42","0.42","0.42","0.42","39544"
"IBG","20090612","0.12","0.12","0.10","0.10","247753"
"IBK","20090612","47.57","47.74","47.57","47.74","1143"
"ICN","20090612","0.325","0.33","0.325","0.33","309603"
"ICP","20090612","0.04","0.04","0.038","0.039","1878000"
"ICV","20090612","0.008","0.008","0.008","0.008","100000"
"IDG","20090612","0.63","0.63","0.61","0.61","76862"
"IDL","20090612","0.27","0.275","0.265","0.27","1907541"
"IDM","20090612","0.055","0.065","0.055","0.065","79067"
"IDO","20090612","0.19","0.19","0.18","0.18","56052"
"IDT","20090612","1.52","1.52","1.52","1.52","25330"
"IEF","20090612","0.225","0.235","0.225","0.23","76380"
"IEM","20090612","42.88","44.00","42.20","43.00","3244"
"IEU","20090612","41.45","41.58","41.45","41.58","2210"
"IFE","20090612","0.325","0.36","0.325","0.36","120696"
"IFL","20090612","4.25","4.28","4.12","4.25","651560"
"IFM","20090612","0.285","0.29","0.28","0.29","317526"
"IFN","20090612","1.245","1.275","1.245","1.25","1156891"
"IGC","20090612","0.215","0.22","0.21","0.22","319652"
"IGO","20090612","4.86","4.96","4.80","4.86","439512"
"IGR","20090612","0.30","0.32","0.30","0.31","1157638"
"IHF","20090612","0.76","0.80","0.76","0.76","12675"
"IHK","20090612","17.66","17.66","17.66","17.66","870"
"IIF","20090612","0.295","0.30","0.29","0.295","23186988"
"IIN","20090612","1.805","1.81","1.77","1.79","48091"
"IJH","20090612","73.49","73.49","73.49","73.49","141"
"IJP","20090612","11.98","11.98","11.87","11.87","2402"
"IJR","20090612","56.23","56.59","55.72","56.59","62"
"IKO","20090612","45.16","45.16","45.16","45.16","220"
"ILF","20090612","0.051","0.054","0.05","0.051","1439435"
"ILU","20090612","3.70","3.74","3.56","3.64","1443685"
"IMA","20090612","0.74","0.75","0.72","0.73","62560"
"IMC","20090612","0.033","0.033","0.033","0.033","23000"
"IMD","20090612","0.60","0.66","0.595","0.65","1515403"
"IMF","20090612","1.92","1.95","1.91","1.95","405771"
"IMI","20090612","0.005","0.005","0.004","0.005","500000"
"IMP","20090612","0.01","0.01","0.009","0.009","1104625"
"IMU","20090612","0.074","0.082","0.073","0.082","309952"
"INE","20090612","0.515","0.55","0.515","0.55","59041"
"INL","20090612","0.015","0.016","0.015","0.015","1171700"
"INP","20090612","0.235","0.29","0.23","0.265","2429526"
"INT","20090612","0.017","0.019","0.017","0.019","8350995"
"IOF","20090612","0.57","0.585","0.56","0.585","14850333"
"IOH","20090612","0.86","0.90","0.85","0.85","702932"
"IOHO","20090612","0.10","0.25","0.10","0.24","21333"
"IOO","20090612","64.20","65.60","64.20","65.60","5414"
"IPD","20090612","0.69","0.69","0.69","0.69","5000"
"IPDO","20090612","0.19","0.19","0.19","0.19","1500"
"IPDR","20090612","0.04","0.04","0.04","0.04","1667"
"IPE","20090612","0.21","0.21","0.20","0.21","43000"
"IPL","20090612","2.78","2.85","2.76","2.78","11673254"
"IPLSOC","20090612","2.06","2.06","2.06","2.06","1000"
"IPT","20090612","0.18","0.18","0.165","0.165","49900"
"IPX","20090612","0.10","0.10","0.10","0.10","4750"
"IRD","20090612","0.21","0.215","0.21","0.21","106475"
"IRDO","20090612","0.041","0.045","0.041","0.042","17095"
"IRE","20090612","6.97","7.26","6.94","7.15","618358"
"IRH","20090612","0.057","0.057","0.056","0.056","180000"
"IRI","20090612","0.30","0.30","0.30","0.30","41000"
"IRL","20090612","0.024","0.024","0.023","0.023","708664"
"IRLO","20090612","0.001","0.001","0.001","0.001","1000000"
"IRM","20090612","0.12","0.145","0.12","0.135","277314"
"IRMO","20090612","0.032","0.033","0.032","0.033","175000"
"IRN","20090612","0.48","0.53","0.48","0.525","1999341"
"ISF","20090612","0.70","0.705","0.69","0.695","1353478"
"ISG","20090612","11.85","11.85","11.60","11.60","995"
"ISK","20090612","0.21","0.21","0.21","0.21","49969"
"ITC","20090612","0.046","0.05","0.046","0.046","5669198"
"ITD","20090612","0.091","0.091","0.085","0.085","159200"
"ITX","20090612","0.59","0.60","0.59","0.60","12000"
"IVA","20090612","2.05","2.11","2.05","2.06","50998"
"IVC","20090612","5.75","5.80","5.62","5.73","261711"
"IVE","20090612","60.20","60.30","60.20","60.30","73"
"IVV","20090612","117.25","117.88","116.80","117.85","14565"
"IWI","20090612","0.26","0.26","0.255","0.255","154529"
"IXJ","20090612","54.84","54.89","54.84","54.89","1755"
"IXP","20090612","60.55","60.63","60.55","60.63","1607"
"IXR","20090612","0.265","0.265","0.24","0.26","170000"
"IZZ","20090612","50.00","50.50","49.71","49.82","3977"
"JAL","20090612","0.395","0.395","0.37","0.39","194167"
"JAT","20090612","0.043","0.043","0.043","0.043","40000"
"JBH","20090612","14.70","14.99","14.60","14.60","873274"
"JET","20090612","0.81","0.82","0.81","0.82","12000"
"JGL","20090612","0.09","0.10","0.09","0.09","279310"
"JHX","20090612","4.23","4.31","4.20","4.26","3345084"
"JML","20090612","0.325","0.335","0.32","0.335","3914550"
"JMS","20090612","0.165","0.165","0.155","0.155","115000"
"JPR","20090612","0.047","0.047","0.044","0.044","816396"
"JPROA","20090612","0.01","0.01","0.01","0.01","747008"
"JRL","20090612","0.47","0.485","0.47","0.47","26927"
"JRV","20090612","0.006","0.007","0.006","0.006","2441429"
"JVG","20090612","0.012","0.012","0.012","0.012","20000"
"KAR","20090612","7.50","7.50","7.20","7.21","678671"
"KAT","20090612","0.53","0.53","0.53","0.53","8509"
"KBC","20090612","0.075","0.08","0.074","0.078","627140"
"KCN","20090612","6.79","6.95","6.75","6.90","378637"
"KEY","20090612","0.185","0.20","0.185","0.195","300000"
"KGL","20090612","0.035","0.036","0.035","0.036","37438"
"KIK","20090612","0.20","0.20","0.20","0.20","1629755"
"KIL","20090612","0.62","0.665","0.62","0.64","271977"
"KKT","20090612","0.053","0.053","0.048","0.048","54054"
"KLM","20090612","0.125","0.125","0.125","0.125","10000"
"KML","20090612","0.02","0.02","0.02","0.02","398500"
"KMLO","20090612","0.003","0.003","0.003","0.003","50000"
"KMN","20090612","0.115","0.115","0.115","0.115","22815"
"KOG","20090612","0.041","0.041","0.041","0.041","125000"
"KOR","20090612","0.075","0.075","0.075","0.075","78000"
"KRB","20090612","0.34","0.36","0.34","0.36","208500"
"KRM","20090612","0.37","0.38","0.365","0.375","516410"
"KRMO","20090612","0.18","0.18","0.18","0.18","12500"
"KRS","20090612","0.135","0.14","0.135","0.14","58000"
"KSC","20090612","2.30","2.40","2.30","2.40","3130"
"KSX","20090612","0.047","0.049","0.046","0.049","513000"
"KTE","20090612","0.025","0.027","0.025","0.026","113596"
"KYC","20090612","0.37","0.37","0.37","0.37","170264"
"KZL","20090612","0.96","0.97","0.89","0.90","10307329"
"LAT","20090612","0.03","0.036","0.03","0.035","290639"
"LAU","20090612","0.195","0.195","0.195","0.195","4000"
"LBL","20090612","0.11","0.115","0.11","0.11","126720"
"LBT","20090612","0.125","0.125","0.125","0.125","3389"
"LBY","20090612","0.10","0.105","0.096","0.096","190000"
"LCT","20090612","0.175","0.185","0.17","0.17","138810"
"LDW","20090612","1.60","1.60","1.46","1.46","4736"
"LEG","20090612","0.025","0.027","0.025","0.027","1181970"
"LEI","20090612","23.81","24.99","23.81","24.53","577758"
"LEIKZH.","20090612","10.13","10.13","10.12","10.12","115"
"LEIKZI.","20090612","8.44","8.72","8.44","8.72","405"
"LEISMA","20090612","6.48","6.48","6.48","6.48","500"
"LEISOC","20090612","18.33","18.89","18.33","18.89","30000"
"LEISWA.","20090612","24.20","24.20","24.20","24.20","627"
"LEP","20090612","2.32","2.35","2.31","2.32","80711"
"LEPHB","20090612","91.85","91.85","91.85","91.85","3000"
"LGD","20090612","0.079","0.079","0.079","0.079","5124"
"LGL","20090612","2.98","3.00","2.95","2.96","16347875"
"LGLIME","20090612","0.39","0.39","0.39","0.39","10000"
"LGLIQY","20090612","1.47","1.47","1.47","1.47","25000"
"LGLKZI.","20090612","1.61","1.615","1.605","1.605","17000"
"LGLWOD","20090612","0.195","0.20","0.195","0.20","13500"
"LGO","20090612","0.01","0.012","0.01","0.012","4541000"
"LIN","20090612","0.071","0.071","0.071","0.071","41194"
"LIO","20090612","0.055","0.055","0.055","0.055","9000"
"LKO","20090612","0.006","0.006","0.005","0.006","12778333"
"LLA","20090612","0.018","0.019","0.018","0.019","64463"
"LLC","20090612","7.39","7.65","7.37","7.43","1249472"
"LLP","20090612","0.11","0.115","0.10","0.105","2358899"
"LMC","20090612","3.45","3.45","3.45","3.45","2000"
"LMG","20090612","0.005","0.005","0.005","0.005","446560"
"LML","20090612","0.095","0.10","0.091","0.091","136660"
"LMP","20090612","0.115","0.115","0.115","0.115","47241"
"LMW","20090612","0.30","0.30","0.30","0.30","44000"
"LNC","20090612","2.05","2.09","2.03","2.05","685047"
"LNG","20090612","0.575","0.585","0.565","0.565","810298"
"LNN","20090612","11.48","11.51","11.47","11.47","4984028"
"LOD","20090612","0.115","0.12","0.115","0.12","356833"
"LOM","20090612","0.027","0.029","0.027","0.029","223171"
"LRF","20090612","0.58","0.58","0.56","0.56","277539"
"LRG","20090612","0.018","0.018","0.018","0.018","97501"
"LRL","20090612","0.12","0.12","0.115","0.115","140063"
"LSA","20090612","0.012","0.012","0.011","0.012","1425333"
"LSR","20090612","0.05","0.054","0.05","0.054","39287"
"LST","20090612","1.08","1.085","1.08","1.08","76016"
"LTR","20090612","0.026","0.026","0.026","0.026","1475454"
"LWB","20090612","1.50","1.50","1.50","1.50","2500"
"LYC","20090612","0.52","0.60","0.515","0.58","16711370"
"LYL","20090612","1.53","1.54","1.45","1.45","27124"
"MAE","20090612","0.335","0.345","0.325","0.33","641698"
"MAFCA","20090612","0.001","0.001","0.001","0.001","9200"
"MAH","20090612","0.36","0.365","0.355","0.36","7005860"
"MAK","20090612","0.625","0.65","0.605","0.61","1176358"
"MAN","20090612","0.008","0.014","0.008","0.014","4342262"
"MAP","20090612","2.45","2.48","2.41","2.42","5195097"
"MAPSMU.","20090612","1.18","1.18","1.18","1.18","2245"
"MAQ","20090612","2.10","2.15","2.10","2.15","17400"
"MAT","20090612","0.13","0.13","0.13","0.13","111200"
"MAU","20090612","0.115","0.12","0.115","0.115","25047"
"MAZPA","20090612","105.50","105.50","105.40","105.40","141"
"MBA","20090612","0.031","0.031","0.031","0.031","180556"
"MBLHB","20090612","65.00","66.00","64.76","65.00","6388"
"MBN","20090612","2.94","2.94","2.82","2.88","2069101"
"MBP","20090612","0.03","0.03","0.03","0.03","46500"
"MCB","20090612","0.016","0.017","0.016","0.016","550000"
"MCC","20090612","7.42","7.70","7.42","7.65","1670808"
"MCG","20090612","2.31","2.33","2.23","2.27","4323144"
"MCL","20090612","0.003","0.004","0.003","0.004","19104175"
"MCO","20090612","0.15","0.16","0.15","0.16","95000"
"MCOOB","20090612","0.06","0.069","0.059","0.069","149600"
"MCP","20090612","1.55","1.64","1.55","1.62","300190"
"MCR","20090612","1.75","1.795","1.72","1.72","1354253"
"MCU","20090612","0.68","0.68","0.655","0.655","192432"
"MCW","20090612","0.51","0.545","0.50","0.53","23600000"
"MDA","20090612","0.051","0.051","0.049","0.049","91888"
"MDL","20090612","0.685","0.70","0.68","0.695","355290"
"MDS","20090612","0.029","0.029","0.029","0.029","35000"
"MDSOA","20090612","0.001","0.001","0.001","0.001","100000"
"MDT","20090612","0.175","0.175","0.16","0.17","15967509"
"MDV","20090612","0.013","0.013","0.012","0.012","848712"
"MDX","20090612","0.48","0.495","0.47","0.495","115000"
"MEI","20090612","0.11","0.115","0.11","0.11","114000"
"MEL","20090612","0.56","0.57","0.55","0.57","1181955"
"MEO","20090612","0.16","0.175","0.16","0.17","7244646"
"MEP","20090612","0.30","0.30","0.28","0.28","8000"
"MES","20090612","0.099","0.14","0.099","0.12","493307"
"MET","20090612","0.175","0.175","0.15","0.15","129250"
"MEU","20090612","0.068","0.07","0.068","0.068","109100"
"MFC","20090612","0.11","0.11","0.11","0.11","100000"
"MFF","20090612","0.535","0.54","0.535","0.535","100281"
"MFG","20090612","0.505","0.55","0.50","0.55","2807628"
"MFNHA","20090612","0.08","0.10","0.08","0.085","196154"
"MGK","20090612","0.022","0.023","0.022","0.023","27020"
"MGN","20090612","1.20","1.20","1.20","1.20","4323"
"MGO","20090612","0.11","0.11","0.11","0.11","27400"
"MGR","20090612","1.23","1.24","1.185","1.195","30422670"
"MGX","20090612","1.17","1.22","1.14","1.155","14031631"
"MGY","20090612","0.038","0.04","0.038","0.04","115909"
"MGZ","20090612","0.095","0.10","0.086","0.10","175000"
"MHL","20090612","0.002","0.003","0.002","0.002","619999"
"MIF","20090612","0.21","0.21","0.20","0.20","71551"
"MIG","20090612","1.47","1.495","1.455","1.455","4831804"
"MII","20090612","0.04","0.04","0.04","0.04","80000"
"MIK","20090612","0.046","0.046","0.046","0.046","172736"
"MIN","20090612","3.99","4.12","3.93","4.06","425599"
"MIR","20090612","1.55","1.55","1.525","1.545","43307"
"MIX","20090612","0.09","0.091","0.085","0.085","519102"
"MKB","20090612","0.065","0.065","0.065","0.065","14785"
"MKY","20090612","0.013","0.013","0.012","0.012","1684000"
"MLB","20090612","1.785","1.79","1.755","1.755","126603"
"MLE","20090612","1.40","1.40","1.31","1.31","230180"
"MLI","20090612","0.054","0.056","0.054","0.056","2021607"
"MLM","20090612","0.35","0.35","0.345","0.345","20557"
"MLS","20090612","0.038","0.04","0.036","0.04","3472541"
"MLSOA","20090612","0.011","0.012","0.011","0.012","90000"
"MLT","20090612","15.00","15.00","14.86","15.00","25435"
"MLX","20090612","0.15","0.15","0.14","0.14","1129443"
"MMA","20090612","0.435","0.44","0.435","0.44","39282"
"MMB","20090612","0.49","0.49","0.48","0.48","287439"
"MMG","20090612","1.465","1.465","1.445","1.45","328160"
"MML","20090612","2.05","2.11","2.04","2.08","177531"
"MMR","20090612","0.125","0.125","0.11","0.11","107011"
"MMS","20090612","3.00","3.00","2.98","2.99","103553"
"MMX","20090612","2.07","2.15","2.04","2.15","2760152"
"MMY","20090612","0.05","0.05","0.05","0.05","12900"
"MMZ","20090612","0.003","0.003","0.003","0.003","303750"
"MND","20090612","11.93","11.94","11.54","11.77","253779"
"MNL","20090612","0.22","0.23","0.22","0.225","150000"
"MNM","20090612","0.037","0.039","0.034","0.039","325920"
"MOC","20090612","0.925","0.935","0.925","0.93","266731"
"MOF","20090612","0.245","0.255","0.235","0.25","53740645"
"MOL","20090612","0.46","0.50","0.44","0.495","1912768"
"MOS","20090612","0.16","0.165","0.16","0.16","1073380"
"MOX","20090612","0.068","0.07","0.068","0.07","111400"
"MOY","20090612","0.035","0.039","0.034","0.039","869367"
"MPD","20090612","0.008","0.008","0.008","0.008","10000"
"MPF","20090612","0.079","0.08","0.079","0.08","40760"
"MPI","20090612","0.02","0.02","0.02","0.02","45000"
"MPJ","20090612","0.003","0.004","0.003","0.004","3054700"
"MPO","20090612","1.20","1.21","1.185","1.20","740292"
"MPS","20090612","0.135","0.14","0.135","0.14","293900"
"MQCPA","20090612","104.40","104.50","104.00","104.00","19949"
"MQG","20090612","40.14","40.30","38.90","39.16","1569426"
"MQGIOA","20090612","12.10","12.34","12.10","12.33","2000"
"MQGIZZ","20090612","11.95","11.95","11.95","11.95","265"
"MQGJZG","20090612","28.54","28.54","28.50","28.50","1000"
"MQGKZD.","20090612","14.29","14.29","13.28","13.40","8000"
"MQGKZQ.","20090612","4.33","4.33","4.33","4.33","21092"
"MQGKZV.","20090612","8.08","9.20","7.93","9.12","21546"
"MRE","20090612","0.96","0.975","0.935","0.935","4590304"
"MRK","20090612","0.008","0.011","0.008","0.011","3832537"
"MRM","20090612","1.80","1.86","1.795","1.83","498357"
"MRN","20090612","0.32","0.32","0.32","0.32","5000"
"MRO","20090612","0.098","0.10","0.093","0.093","555145"
"MRU","20090612","3.31","3.53","3.31","3.53","413573"
"MRUO","20090612","3.02","3.15","3.02","3.15","1617"
"MRZ","20090612","0.39","0.395","0.39","0.39","172257"
"MSB","20090612","0.835","0.835","0.83","0.83","139676"
"MSC","20090612","0.004","0.005","0.004","0.005","11200000"
"MSH","20090612","0.12","0.12","0.12","0.12","15000"
"MSI","20090612","0.01","0.012","0.01","0.011","425000"
"MSL","20090612","1.13","1.17","1.10","1.10","225241"
"MSR","20090612","0.12","0.12","0.115","0.115","96500"
"MST","20090612","0.036","0.037","0.035","0.036","409729"
"MTB","20090612","0.014","0.014","0.014","0.014","185000"
"MTH","20090612","0.22","0.255","0.22","0.245","2257834"
"MTI","20090612","0.008","0.008","0.008","0.008","291132"
"MTN","20090612","0.95","0.95","0.93","0.95","55393"
"MTS","20090612","4.22","4.28","4.22","4.25","4391477"
"MTSIOI","20090612","1.565","1.565","1.565","1.565","9000"
"MTU","20090612","0.825","0.87","0.825","0.87","171169"
"MUE","20090612","0.125","0.13","0.125","0.125","185570"
"MUN","20090612","0.44","0.45","0.43","0.43","679306"
"MWG","20090612","1.16","1.16","1.16","1.16","718"
"MXI","20090612","0.255","0.27","0.255","0.26","48000"
"MXQ","20090612","0.016","0.017","0.015","0.017","610000"
"MXR","20090612","0.029","0.03","0.028","0.028","319933"
"MXUPA","20090612","43.00","43.00","42.55","43.00","4514"
"MYFG","20090612","92.00","92.00","91.90","91.98","2343"
"MYG","20090612","0.059","0.059","0.051","0.051","172400"
"MZM","20090612","0.145","0.145","0.135","0.135","139550"
"NAB","20090612","22.07","22.29","21.92","22.02","7580074"
"NABHA","20090612","72.15","74.89","72.15","72.80","13191"
"NABIMG","20090612","7.27","7.27","7.27","7.27","800"
"NABIOI","20090612","3.21","3.21","3.15","3.15","6700"
"NABIZW","20090612","9.00","9.00","9.00","9.00","1300"
"NABJME","20090612","0.04","0.041","0.039","0.039","21325"
"NABKZS.","20090612","5.27","5.42","5.26","5.42","9789"
"NABSZX.","20090612","12.56","12.56","12.56","12.56","1850"
"NABWMC","20090612","0.62","0.62","0.62","0.62","25000"
"NABWOE","20090612","0.51","0.52","0.48","0.485","60000"
"NABWOF","20090612","0.21","0.21","0.20","0.20","93500"
"NABWOR","20090612","0.12","0.125","0.12","0.125","80000"
"NABXOA","20090612","1.25","1.35","1.25","1.35","7952"
"NABXOX","20090612","0.72","0.76","0.72","0.76","25000"
"NAD","20090612","0.012","0.013","0.012","0.012","1047500"
"NAN","20090612","0.51","0.51","0.475","0.48","102134"
"NAV","20090612","0.24","0.24","0.23","0.23","79000"
"NBL","20090612","1.13","1.13","1.13","1.13","7200"
"NCI","20090612","1.20","1.20","1.20","1.20","4100"
"NCK","20090612","0.57","0.60","0.57","0.60","15500"
"NCM","20090612","32.07","32.17","31.40","32.00","2506636"
"NCMIQZ","20090612","3.54","3.54","3.52","3.52","10000"
"NCMVMA","20090612","0.30","0.34","0.30","0.32","10000"
"NCMWOC","20090612","0.39","0.39","0.39","0.39","18000"
"NCMWOS","20090612","0.435","0.435","0.425","0.425","45000"
"NDL","20090612","0.04","0.04","0.04","0.04","45000"
"NDO","20090612","0.21","0.21","0.20","0.21","8177592"
"NEC","20090612","0.46","0.46","0.41","0.45","565002"
"NEM","20090612","5.45","5.45","5.37","5.37","44493"
"NEU","20090612","0.035","0.035","0.033","0.033","558303"
"NFE","20090612","1.68","1.68","1.57","1.60","185394"
"NFK","20090612","0.655","0.655","0.60","0.605","165455"
"NFNG","20090612","72.50","75.00","72.45","75.00","20492"
"NGE","20090612","0.086","0.086","0.085","0.085","83900"
"NGF","20090612","0.26","0.26","0.24","0.245","1670680"
"NGM","20090612","0.18","0.18","0.175","0.18","399530"
"NGY","20090612","0.089","0.09","0.089","0.09","439491"
"NGYO","20090612","0.005","0.005","0.005","0.005","475261"
"NHC","20090612","4.62","4.70","4.59","4.70","319648"
"NHF","20090612","0.87","0.885","0.85","0.87","97960"
"NHR","20090612","1.48","1.48","1.48","1.48","2830"
"NIO","20090612","0.023","0.026","0.023","0.026","239500"
"NKP","20090612","0.35","0.35","0.34","0.35","434967"
"NLB","20090612","1.49","1.49","1.49","1.49","2260"
"NLG","20090612","0.007","0.007","0.007","0.007","80000"
"NME","20090612","0.22","0.22","0.20","0.20","95000"
"NMEO","20090612","0.06","0.065","0.06","0.065","115000"
"NMI","20090612","0.025","0.025","0.025","0.025","20000"
"NMR","20090612","0.089","0.10","0.089","0.10","192578"
"NMS","20090612","0.60","0.645","0.60","0.625","3690833"
"NMSO","20090612","0.39","0.43","0.39","0.41","83000"
"NOD","20090612","0.595","0.60","0.59","0.59","515109"
"NQM","20090612","0.295","0.30","0.28","0.28","206000"
"NRT","20090612","0.785","0.785","0.755","0.78","8130"
"NSL","20090612","0.013","0.013","0.013","0.013","5800000"
"NST","20090612","0.026","0.026","0.025","0.025","350000"
"NTU","20090612","0.245","0.245","0.24","0.24","210000"
"NUF","20090612","11.78","11.85","11.69","11.76","1897650"
"NUP","20090612","0.038","0.042","0.038","0.04","1307982"
"NVT","20090612","2.77","2.77","2.72","2.75","94438"
"NWE","20090612","0.022","0.022","0.021","0.021","1786472"
"NWH","20090612","0.89","0.925","0.89","0.91","1428329"
"NWR","20090612","0.058","0.058","0.058","0.058","25636"
"NWS","20090612","14.38","14.72","14.23","14.63","1787849"
"NWSIOO","20090612","5.45","5.45","5.45","5.45","2300"
"NWSIZQ","20090612","8.27","8.36","8.27","8.36","3000"
"NWSLV","20090612","12.80","12.96","12.71","12.92","20258"
"NWT","20090612","0.004","0.004","0.003","0.004","29556469"
"NXBHB","20090612","78.00","78.00","76.25","76.25","280"
"NXS","20090612","0.405","0.44","0.395","0.425","37840881"
"NZO","20090612","1.28","1.285","1.27","1.285","61807"
"OAK","20090612","0.60","0.62","0.60","0.62","87119"
"OBJ","20090612","0.006","0.006","0.005","0.005","1160000"
"OBL","20090612","0.017","0.021","0.017","0.021","1510000"
"ODN","20090612","0.027","0.034","0.027","0.034","375000"
"ODY","20090612","0.12","0.12","0.11","0.11","5000"
"OEC","20090612","0.078","0.08","0.077","0.08","82530"
"OEL","20090612","0.08","0.08","0.078","0.08","3097483"
"OEX","20090612","0.175","0.18","0.17","0.17","1051648"
"OFG","20090612","0.45","0.45","0.45","0.45","20304"
"OGC","20090612","1.175","1.18","1.02","1.045","1499468"
"OIF","20090612","0.16","0.165","0.15","0.16","427908"
"OIL","20090612","0.048","0.048","0.048","0.048","2130"
"OIP","20090612","0.09","0.092","0.09","0.092","240000"
"OKN","20090612","1.78","1.875","1.76","1.795","69055"
"OKU","20090612","0.084","0.084","0.084","0.084","220181"
"OLY","20090612","0.023","0.023","0.022","0.022","198285"
"OMH","20090612","1.48","1.50","1.435","1.50","1385891"
"OMI","20090612","0.19","0.19","0.19","0.19","3807"
"ONC","20090612","0.195","0.20","0.195","0.20","103704"
"ORC","20090612","0.008","0.008","0.008","0.008","5000"
"ORD","20090612","0.034","0.035","0.029","0.03","1946714"
"ORE","20090612","0.71","0.74","0.71","0.74","71143"
"ORG","20090612","15.40","15.44","15.03","15.13","3076573"
"ORI","20090612","21.09","21.65","21.05","21.26","1058212"
"ORIISF","20090612","7.00","7.00","7.00","7.00","2000"
"ORIKZQ.","20090612","3.82","3.82","3.82","3.82","300"
"ORIPB","20090612","86.30","87.50","86.30","87.45","2254"
"ORISOC","20090612","15.78","15.84","15.78","15.79","8000"
"ORL","20090612","3.39","3.40","3.39","3.39","3400"
"ORP","20090612","0.032","0.032","0.032","0.032","65000"
"OSH","20090612","6.12","6.12","5.90","5.97","6357918"
"OSHIQY","20090612","2.77","2.77","2.77","2.77","800"
"OSHKZE.","20090612","2.58","2.58","2.58","2.58","1000"
"OSHWMI","20090612","0.96","0.96","0.96","0.96","500"
"OST","20090612","2.88","2.94","2.75","2.75","7885361"
"OUM","20090612","0.034","0.034","0.034","0.034","25000"
"OVR","20090612","0.09","0.095","0.089","0.095","240400"
"OZG","20090612","0.16","0.16","0.16","0.16","1055000"
"OZL","20090612","1.05","1.05","1.00","1.045","118605803"
"OZLIOD","20090612","0.001","0.001","0.001","0.001","6387"
"OZLIOO","20090612","0.06","0.06","0.06","0.06","10000"
"OZLIWL","20090612","0.02","0.02","0.02","0.02","10000"
"PAB","20090612","0.085","0.085","0.085","0.085","133624"
"PAG","20090612","1.055","1.07","1.02","1.04","467345"
"PAN","20090612","2.83","2.87","2.71","2.79","1668700"
"PAX","20090612","0.175","0.18","0.17","0.175","413880"
"PBA","20090612","0.41","0.41","0.40","0.41","31077"
"PBD","20090612","0.43","0.43","0.41","0.41","69832"
"PBG","20090612","0.90","0.91","0.84","0.86","8548512"
"PBP","20090612","1.86","1.86","1.85","1.85","73864"
"PBT","20090612","0.18","0.18","0.18","0.18","23000"
"PCAPA","20090612","169.95","169.95","168.60","168.76","5479"
"PCC","20090612","0.008","0.008","0.008","0.008","230000"
"PCL","20090612","0.018","0.018","0.017","0.017","500000"
"PDM","20090612","0.048","0.048","0.048","0.048","50000"
"PDN","20090612","5.25","5.35","5.20","5.31","2140267"
"PDO","20090612","0.54","0.555","0.54","0.55","259987"
"PDY","20090612","0.027","0.028","0.021","0.024","27348401"
"PDZ","20090612","0.115","0.115","0.11","0.11","104944"
"PEA","20090612","0.43","0.43","0.40","0.40","115000"
"PEM","20090612","0.44","0.46","0.44","0.46","2132389"
"PEN","20090612","0.037","0.037","0.035","0.036","3512641"
"PEV","20090612","0.015","0.015","0.015","0.015","25000"
"PFG","20090612","0.135","0.15","0.125","0.15","88065"
"PFL","20090612","0.695","0.71","0.69","0.70","304874"
"PGA","20090612","1.45","1.58","1.445","1.58","328181"
"PGL","20090612","0.83","0.83","0.82","0.83","10256"
"PGM","20090612","0.35","0.38","0.35","0.38","46000"
"PGS","20090612","0.10","0.105","0.095","0.095","1522009"
"PHK","20090612","0.135","0.135","0.13","0.13","160130"
"PIE","20090612","0.009","0.009","0.009","0.009","334650"
"PIM","20090612","0.07","0.07","0.07","0.07","58500"
"PIO","20090612","0.029","0.029","0.028","0.028","1125000"
"PLA","20090612","1.245","1.245","1.175","1.19","1861055"
"PLI","20090612","0.65","0.65","0.62","0.63","76486"
"PLT","20090612","0.09","0.097","0.09","0.097","293000"
"PLV","20090612","0.72","0.72","0.65","0.70","315455"
"PMC","20090612","1.45","1.485","1.42","1.425","40770"
"PME","20090612","0.70","0.73","0.70","0.71","42800"
"PMH","20090612","0.09","0.09","0.087","0.088","252500"
"PMP","20090612","0.405","0.425","0.405","0.41","300857"
"PMV","20090612","5.20","5.26","5.20","5.20","163710"
"PNA","20090612","0.395","0.42","0.395","0.42","49234353"
"PNN","20090612","0.44","0.45","0.415","0.415","376779"
"PNO","20090612","0.005","0.006","0.005","0.006","2815334"
"POH","20090612","0.155","0.155","0.15","0.15","62000"
"POL","20090612","0.275","0.28","0.24","0.26","448689"
"POS","20090612","0.32","0.35","0.28","0.32","4258227"
"PPC","20090612","1.625","1.70","1.625","1.65","509093"
"PPK","20090612","0.29","0.29","0.29","0.29","28466"
"PPN","20090612","0.16","0.16","0.155","0.155","39642"
"PPP","20090612","0.385","0.39","0.385","0.39","588233"
"PPS","20090612","0.115","0.125","0.115","0.12","163630"
"PPT","20090612","29.30","30.38","29.20","30.12","206664"
"PPX","20090612","0.57","0.58","0.56","0.57","1730813"
"PPY","20090612","0.48","0.48","0.48","0.48","2050"
"PRC","20090612","0.96","0.96","0.92","0.96","66000"
"PRE","20090612","0.012","0.012","0.01","0.012","19452721"
"PRG","20090612","2.70","2.75","2.70","2.70","175421"
"PRO","20090612","0.49","0.49","0.49","0.49","98510"
"PRR","20090612","0.064","0.064","0.062","0.064","2413858"
"PRRO","20090612","0.042","0.043","0.041","0.041","240044"
"PRT","20090612","0.55","0.575","0.55","0.575","40629"
"PRU","20090612","0.91","0.91","0.90","0.90","324809"
"PRV","20090612","0.65","0.67","0.65","0.655","161811"
"PRY","20090612","5.42","5.50","5.40","5.45","1932669"
"PSA","20090612","0.345","0.35","0.34","0.34","53365"
"PSH","20090612","0.95","0.95","0.95","0.95","9187"
"PST","20090612","0.34","0.34","0.32","0.32","128523"
"PSTO","20090612","0.01","0.01","0.005","0.005","214438"
"PSY","20090612","0.17","0.17","0.16","0.16","45036"
"PTM","20090612","4.31","4.42","4.30","4.37","382628"
"PTN","20090612","0.105","0.105","0.10","0.10","242764"
"PTO","20090612","0.021","0.021","0.021","0.021","156600"
"PTR","20090612","0.35","0.35","0.345","0.345","121747"
"PTS","20090612","0.072","0.075","0.072","0.073","485061"
"PUN","20090612","0.042","0.042","0.041","0.041","135000"
"PVA","20090612","2.27","2.27","2.22","2.24","20043"
"PVE","20090612","1.40","1.40","1.365","1.375","59595"
"PWK","20090612","4.32","4.37","4.25","4.30","42286"
"PWR","20090612","0.069","0.069","0.069","0.069","1800"
"PWW","20090612","0.042","0.042","0.042","0.042","10000"
"PXS","20090612","2.65","2.67","2.53","2.62","678489"
"PXUPA","20090612","38.50","38.50","38.00","38.00","19034"
"PYC","20090612","0.065","0.065","0.065","0.065","50000"
"PYM","20090612","0.09","0.09","0.09","0.09","20000"
"QAN","20090612","2.32","2.32","2.23","2.23","9233101"
"QANIZQ","20090612","1.04","1.04","1.04","1.04","6000"
"QANKZR.","20090612","0.44","0.45","0.44","0.45","7000"
"QANSMT.","20090612","0.63","0.84","0.63","0.84","6130"
"QANSSB","20090612","0.71","0.71","0.71","0.71","1000"
"QBE","20090612","19.08","19.73","19.05","19.52","7129275"
"QBEIMW","20090612","1.865","1.98","1.865","1.98","1300"
"QBEIOY","20090612","8.32","8.32","8.32","8.32","1000"
"QBEJME","20090612","0.15","0.15","0.15","0.15","1000"
"QBEKZF.","20090612","6.67","7.25","6.66","7.25","34900"
"QBEKZS.","20090612","6.43","6.43","6.43","6.43","1000"
"QBESZX.","20090612","7.46","7.69","7.46","7.69","1250"
"QBEXOD","20090612","1.36","1.36","1.335","1.335","55000"
"QFX","20090612","0.07","0.081","0.07","0.08","176011"
"QHL","20090612","0.165","0.18","0.165","0.175","1294751"
"QMG","20090612","0.009","0.009","0.009","0.009","168390"
"QML","20090612","0.335","0.335","0.335","0.335","10000"
"QMN","20090612","0.075","0.075","0.075","0.075","75000"
"QNL","20090612","0.072","0.077","0.072","0.077","191156"
"QOL","20090612","0.015","0.015","0.014","0.014","525000"
"QPN","20090612","0.009","0.009","0.009","0.009","478888"
"QRS","20090612","0.024","0.024","0.024","0.024","302224"
"QRX","20090612","0.41","0.41","0.41","0.41","104120"
"QTM","20090612","0.195","0.20","0.19","0.20","403265"
"QUR","20090612","0.008","0.008","0.008","0.008","63502"
"QXQ","20090612","0.165","0.165","0.155","0.155","11858"
"RAU","20090612","0.023","0.024","0.023","0.023","1487311"
"RAUO","20090612","0.005","0.005","0.005","0.005","2000000"
"RAUOA","20090612","0.005","0.005","0.005","0.005","2000000"
"RAW","20090612","0.08","0.08","0.08","0.08","40430"
"RBH","20090612","0.03","0.03","0.03","0.03","55000"
"RBM","20090612","0.016","0.019","0.016","0.018","7056951"
"RBR","20090612","0.05","0.05","0.05","0.05","100000"
"RBY","20090612","0.039","0.05","0.039","0.05","345000"
"RCG","20090612","0.34","0.38","0.34","0.345","2122339"
"RCO","20090612","0.34","0.34","0.335","0.34","91000"
"RCR","20090612","0.51","0.52","0.495","0.51","455326"
"RCT","20090612","1.90","1.90","1.85","1.85","9000"
"RCU","20090612","0.17","0.17","0.17","0.17","23000"
"RCY","20090612","0.185","0.19","0.185","0.19","237888"
"RDF","20090612","2.16","2.18","2.13","2.17","87776"
"RDM","20090612","0.16","0.16","0.16","0.16","99042"
"RDR","20090612","0.27","0.275","0.265","0.265","107000"
"RDS","20090612","0.09","0.098","0.09","0.098","10000"
"REA","20090612","5.95","5.96","5.84","5.95","21336"
"RED","20090612","0.084","0.085","0.084","0.085","387000"
"REF","20090612","0.72","0.73","0.695","0.70","213480"
"REH","20090612","19.05","19.05","19.00","19.00","1900"
"REO","20090612","0.015","0.015","0.015","0.015","294284"
"RER","20090612","0.04","0.041","0.038","0.038","1742726"
"RES","20090612","0.74","0.74","0.71","0.725","224816"
"REX","20090612","0.885","0.885","0.87","0.87","109466"
"REY","20090612","0.09","0.09","0.089","0.09","40400"
"RFE","20090612","0.975","1.205","0.965","1.11","1032267"
"RFG","20090612","1.60","1.60","1.57","1.60","53366"
"RFL","20090612","0.071","0.071","0.071","0.071","27199"
"RHC","20090612","11.25","11.71","11.18","11.49","434377"
"RHCPA","20090612","92.00","92.00","91.00","91.75","1532"
"RHD","20090612","0.20","0.20","0.20","0.20","2500"
"RHE","20090612","0.135","0.135","0.13","0.13","35000"
"RHG","20090612","0.405","0.41","0.405","0.41","553486"
"RHI","20090612","2.90","2.90","2.60","2.60","55889"
"RHM","20090612","0.06","0.06","0.06","0.06","15000"
"RIA","20090612","0.20","0.20","0.20","0.20","33752"
"RIC","20090612","0.825","0.835","0.815","0.825","101238"
"RIM","20090612","0.017","0.017","0.016","0.016","600000"
"RIO","20090612","78.58","78.95","76.26","77.20","3996331"
"RIOIMD","20090612","43.39","44.29","43.39","44.29","350"
"RIOIOD","20090612","14.13","14.13","14.13","14.13","810"
"RIOIOW","20090612","13.28","13.28","13.28","13.28","75"
"RIOJME","20090612","16.09","16.09","16.09","16.09","500"
"RIOJMJ","20090612","43.00","43.00","43.00","43.00","250"
"RIOKZC.","20090612","43.15","43.15","43.15","43.15","90"
"RIOKZQ.","20090612","10.78","12.13","9.93","11.54","20101"
"RIOSOB","20090612","50.32","50.32","50.32","50.32","140"
"RIOWMR","20090612","2.32","2.41","2.29","2.29","70850"
"RIV","20090612","6.59","6.65","6.51","6.52","358176"
"RKN","20090612","1.25","1.27","1.245","1.265","8499"
"RLC","20090612","0.03","0.03","0.028","0.028","20000"
"RMD","20090612","4.84","4.89","4.81","4.87","661366"
"RMDKZD.","20090612","1.15","1.15","1.15","1.15","4000"
"RMI","20090612","0.005","0.005","0.005","0.005","3958959"
"RML","20090612","0.077","0.078","0.077","0.078","307462"
"RMP","20090612","0.175","0.175","0.175","0.175","14114"
"RMR","20090612","0.013","0.015","0.013","0.014","22916"
"RMS","20090612","0.575","0.575","0.565","0.57","91288"
"RMSOC","20090612","0.085","0.085","0.085","0.085","5618"
"RMT","20090612","0.037","0.037","0.037","0.037","40000"
"RNC","20090612","0.027","0.03","0.027","0.03","245000"
"RNG","20090612","0.025","0.025","0.024","0.025","1329956"
"RNY","20090612","0.105","0.105","0.10","0.10","370000"
"ROC","20090612","0.95","0.98","0.86","0.875","14115800"
"ROG","20090612","0.011","0.011","0.008","0.008","250000"
"ROL","20090612","0.72","0.72","0.675","0.675","315063"
"ROY","20090612","0.071","0.075","0.07","0.075","613430"
"RPC","20090612","0.017","0.017","0.017","0.017","380000"
"RPX","20090612","0.47","0.47","0.45","0.46","277324"
"RRA","20090612","0.775","0.775","0.765","0.77","119642"
"RRL","20090612","0.51","0.53","0.51","0.53","74215"
"RRS","20090612","0.056","0.056","0.05","0.05","625336"
"RRSO","20090612","0.023","0.023","0.02","0.02","185500"
"RSG","20090612","0.74","0.74","0.725","0.73","655353"
"RSGO","20090612","0.315","0.315","0.29","0.29","1333"
"RSN","20090612","0.003","0.004","0.003","0.004","766461"
"RTL","20090612","0.004","0.004","0.004","0.004","17000"
"RUB","20090612","0.028","0.033","0.028","0.033","187400"
"RUM","20090612","0.095","0.095","0.095","0.095","11500"
"RVE","20090612","0.08","0.08","0.08","0.08","25000"
"RVR","20090612","0.065","0.072","0.063","0.07","163571"
"RVRO","20090612","0.013","0.013","0.01","0.01","125000"
"RWD","20090612","0.395","0.395","0.385","0.385","26500"
"RWDO","20090612","0.22","0.22","0.22","0.22","71000"
"RXL","20090612","0.022","0.025","0.022","0.024","51042"
"RXM","20090612","0.64","0.64","0.62","0.62","151209"
"RZR","20090612","0.036","0.036","0.036","0.036","310000"
"SAE","20090612","0.125","0.13","0.12","0.12","978057"
"SAI","20090612","2.80","2.84","2.70","2.75","545471"
"SAKHA","20090612","73.50","74.00","73.00","73.00","10757"
"SAR","20090612","0.205","0.215","0.195","0.215","368439"
"SAU","20090612","0.145","0.145","0.125","0.125","45700"
"SAV","20090612","0.135","0.135","0.125","0.13","821859"
"SAY","20090612","0.095","0.095","0.089","0.089","32000"
"SBI","20090612","0.10","0.10","0.10","0.10","4500"
"SBL","20090612","0.022","0.023","0.022","0.023","90366"
"SBM","20090612","0.255","0.26","0.245","0.255","8364707"
"SBN","20090612","0.002","0.002","0.002","0.002","45000"
"SBS","20090612","0.023","0.023","0.021","0.021","200000"
"SCE","20090612","0.005","0.005","0.005","0.005","2103000"
"SDG","20090612","0.70","0.71","0.70","0.70","627466"
"SDL","20090612","0.18","0.18","0.165","0.165","25007993"
"SDM","20090612","1.10","1.12","1.10","1.11","273835"
"SEA","20090612","0.105","0.105","0.105","0.105","546746"
"SEK","20090612","4.30","4.33","4.13","4.15","977247"
"SEN","20090612","0.038","0.04","0.038","0.038","464645"
"SER","20090612","0.015","0.015","0.015","0.015","300000"
"SEV","20090612","5.77","5.77","5.56","5.62","983830"
"SEVPC","20090612","90.00","90.39","89.50","89.50","5927"
"SEY","20090612","0.07","0.07","0.07","0.07","50000"
"SFC","20090612","4.15","4.15","4.15","4.15","1200"
"SFH","20090612","0.59","0.60","0.55","0.60","134668"
"SFP","20090612","0.08","0.08","0.08","0.08","103000"
"SFR","20090612","0.725","0.73","0.66","0.69","626417"
"SFY","20090612","40.10","40.44","39.91","40.18","18516"
"SGH","20090612","1.80","1.80","1.80","1.80","216978"
"SGM","20090612","26.78","27.19","25.85","26.09","648818"
"SGN","20090612","0.645","0.65","0.63","0.64","1164038"
"SGP","20090612","3.40","3.45","3.30","3.40","15073185"
"SGPN","20090612","3.17","3.17","3.17","3.17","63"
"SGT","20090612","2.50","2.51","2.48","2.51","1642663"
"SGX","20090612","5.99","6.04","5.91","6.00","1048205"
"SGY","20090612","0.032","0.04","0.032","0.032","2533158"
"SHC","20090612","0.06","0.06","0.06","0.06","20000"
"SHE","20090612","0.029","0.039","0.029","0.038","714638"
"SHL","20090612","11.63","11.88","11.53","11.74","2835749"
"SHLIOD","20090612","1.285","1.285","1.285","1.285","6000"
"SHV","20090612","2.67","2.67","2.36","2.43","156739"
"SHX","20090612","0.155","0.155","0.155","0.155","3250"
"SIE","20090612","0.365","0.365","0.30","0.315","322599"
"SIP","20090612","1.06","1.065","1.02","1.035","3355758"
"SIU","20090612","0.04","0.04","0.04","0.04","33000"
"SIV","20090612","1.05","1.05","1.05","1.05","820"
"SKAG","20090612","91.00","91.75","91.00","91.75","410"
"SKC","20090612","2.17","2.17","2.15","2.15","757043"
"SKE","20090612","1.50","1.50","1.385","1.405","108860"
"SKI","20090612","1.14","1.14","1.105","1.135","3564522"
"SLA","20090612","0.085","0.085","0.085","0.085","212727"
"SLF","20090612","7.23","7.29","7.15","7.20","50072"
"SLM","20090612","3.75","3.77","3.75","3.76","35256"
"SLR","20090612","0.725","0.725","0.68","0.695","629165"
"SLT","20090612","0.004","0.004","0.004","0.004","100000"
"SLV","20090612","1.455","1.48","1.44","1.48","88020"
"SLX","20090612","6.16","6.23","5.98","6.03","173086"
"SMA","20090612","0.007","0.007","0.007","0.007","100000"
"SMC","20090612","0.042","0.042","0.042","0.042","15000"
"SML","20090612","0.018","0.018","0.017","0.017","904509"
"SMM","20090612","1.99","2.03","1.96","1.995","48110"
"SMN","20090612","0.009","0.009","0.009","0.009","250000"
"SMX","20090612","3.03","3.03","3.00","3.01","254749"
"SMZ","20090612","0.061","0.061","0.061","0.061","25000"
"SND","20090612","0.295","0.30","0.27","0.27","336000"
"SNO","20090612","0.35","0.35","0.35","0.35","1334"
"SOE","20090612","0.08","0.086","0.08","0.082","311255"
"SOEO","20090612","0.001","0.001","0.001","0.001","16742"
"SOL","20090612","10.05","10.10","9.99","10.00","180291"
"SOM","20090612","0.031","0.031","0.029","0.03","669158"
"SOO","20090612","0.062","0.062","0.061","0.061","118000"
"SOT","20090612","0.365","0.365","0.34","0.35","690583"
"SPH","20090612","0.80","0.90","0.80","0.90","90878"
"SPI","20090612","0.095","0.095","0.091","0.091","115500"
"SPL","20090612","0.33","0.33","0.32","0.33","102502"
"SPN","20090612","0.85","0.85","0.835","0.835","5137531"
"SPP","20090612","0.009","0.009","0.008","0.008","55716"
"SPT","20090612","2.19","2.20","2.06","2.06","243927"
"SRE","20090612","0.25","0.26","0.25","0.26","102500"
"SRH","20090612","0.48","0.48","0.475","0.475","22500"
"SRI","20090612","0.052","0.052","0.047","0.047","739500"
"SRK","20090612","0.485","0.49","0.46","0.465","518492"
"SRL","20090612","2.04","2.09","1.975","2.06","2592347"
"SRR","20090612","0.185","0.20","0.185","0.185","1024316"
"SRV","20090612","2.84","2.85","2.80","2.85","6390"
"SRX","20090612","3.07","3.07","3.02","3.02","2022"
"SRZ","20090612","0.042","0.054","0.042","0.053","2297263"
"SSC","20090612","0.009","0.009","0.008","0.008","641052"
"SSI","20090612","0.74","0.74","0.74","0.74","2000"
"SSM","20090612","0.425","0.465","0.425","0.45","1107467"
"SSN","20090612","0.037","0.037","0.037","0.037","140690"
"SSS","20090612","0.009","0.009","0.009","0.009","625000"
"STB","20090612","0.12","0.125","0.12","0.125","146000"
"STG","20090612","0.047","0.047","0.045","0.046","540000"
"STI","20090612","0.024","0.025","0.023","0.023","2474100"
"STO","20090612","15.50","15.54","14.91","14.99","10576467"
"STOIMB","20090612","5.01","5.01","5.01","5.01","250"
"STOIZQ","20090612","9.47","9.47","9.47","9.47","1000"
"STOJZA","20090612","2.56","2.56","2.56","2.56","500"
"STOKZD.","20090612","6.26","6.28","6.02","6.20","42000"
"STOKZE.","20090612","7.17","7.17","7.17","7.17","1000"
"STOPB","20090612","99.83","99.85","99.65","99.71","6582"
"STOSZX.","20090612","7.51","7.51","7.44","7.44","3000"
"STOVZH","20090612","0.395","0.395","0.395","0.395","5000"
"STOWOA","20090612","0.32","0.325","0.305","0.305","120000"
"STOWOB","20090612","0.12","0.125","0.12","0.125","48000"
"STP","20090612","0.90","0.90","0.89","0.89","7910"
"STS","20090612","0.83","0.83","0.825","0.825","46000"
"STU","20090612","0.75","0.75","0.745","0.75","15500"
"STW","20090612","38.74","38.86","38.46","38.70","261417"
"STWIZQ","20090612","19.09","19.09","19.09","19.09","5000"
"STWSWA","20090612","28.35","28.35","28.35","28.35","2000"
"STX","20090612","0.22","0.22","0.215","0.22","805619"
"SUL","20090612","3.52","3.85","3.52","3.74","75709"
"SUN","20090612","6.59","6.98","6.54","6.76","9898056"
"SUNIMG","20090612","2.10","2.10","2.10","2.10","500"
"SUNJZA","20090612","2.91","2.91","2.91","2.91","2876"
"SUNKZM.","20090612","2.22","2.30","2.22","2.30","4000"
"SUNPA","20090612","96.00","96.00","94.54","94.54","586"
"SUNPB","20090612","87.25","88.00","86.80","88.00","5044"
"SUNSMT.","20090612","5.89","5.89","5.89","5.89","930"
"SUNSZX.","20090612","3.93","3.93","3.93","3.93","800"
"SUR","20090612","0.087","0.09","0.085","0.085","380750"
"SWK","20090612","0.425","0.435","0.425","0.43","144813"
"SWN","20090612","0.33","0.34","0.32","0.33","130000"
"SWW","20090612","0.16","0.16","0.155","0.155","67828"
"SXE","20090612","0.81","0.85","0.80","0.85","62125"
"SXG","20090612","0.084","0.085","0.082","0.085","40706"
"SXM","20090612","0.115","0.12","0.115","0.12","399850"
"SYG","20090612","0.004","0.005","0.004","0.005","4774927"
"SYL","20090612","3.00","3.00","3.00","3.00","167"
"SYM","20090612","0.455","0.47","0.45","0.45","151956"
"SYS","20090612","0.032","0.038","0.032","0.035","1555321"
"TAH","20090612","7.30","7.34","7.18","7.25","2433410"
"TAHHA","20090612","103.00","103.14","102.35","102.35","18200"
"TAHSWA.","20090612","3.78","3.78","3.78","3.78","360"
"TAL","20090612","2.78","2.88","2.66","2.81","708688"
"TAM","20090612","0.032","0.032","0.031","0.031","1943257"
"TAN","20090612","0.29","0.29","0.29","0.29","30000"
"TAP","20090612","1.26","1.29","1.255","1.29","431143"
"TAS","20090612","0.027","0.027","0.026","0.026","25000"
"TASO","20090612","0.003","0.003","0.002","0.002","200000"
"TBG","20090612","0.695","0.695","0.66","0.66","16205"
"TBR","20090612","0.83","0.83","0.83","0.83","3000"
"TCL","20090612","4.14","4.14","4.03","4.13","2003181"
"TCLIOO","20090612","1.025","1.025","1.025","1.025","19851"
"TCLSWB.","20090612","1.94","1.94","1.94","1.94","660"
"TCQ","20090612","0.205","0.215","0.19","0.205","191187"
"TDI","20090612","0.19","0.19","0.19","0.19","1652"
"TDO","20090612","0.14","0.14","0.11","0.115","287788"
"TDX","20090612","0.026","0.028","0.026","0.028","750060"
"TEL","20090612","2.00","2.04","1.98","2.04","2969594"
"TEN","20090612","1.285","1.285","1.15","1.20","1104030"
"TEX","20090612","0.064","0.064","0.062","0.062","190000"
"TEXO","20090612","0.001","0.001","0.001","0.001","50000"
"TEY","20090612","0.185","0.185","0.185","0.185","45000"
"TFC","20090612","1.10","1.15","1.10","1.11","261861"
"TGG","20090612","0.74","0.75","0.74","0.745","56105"
"TGP","20090612","0.38","0.38","0.33","0.33","6900"
"TGR","20090612","2.26","2.31","2.20","2.25","89207"
"TGS","20090612","0.12","0.12","0.115","0.12","943750"
"THG","20090612","0.25","0.26","0.245","0.26","3206586"
"THO","20090612","0.62","0.62","0.60","0.62","39120"
"THR","20090612","0.035","0.038","0.035","0.037","101170"
"THX","20090612","0.195","0.20","0.185","0.185","433784"
"TIS","20090612","0.175","0.175","0.17","0.17","128500"
"TKL","20090612","0.11","0.11","0.10","0.10","57500"
"TLM","20090612","0.32","0.35","0.32","0.35","50713"
"TLS","20090612","3.30","3.37","3.30","3.33","72852210"
"TLSIMG","20090612","0.665","0.665","0.665","0.665","17000"
"TLSIMJ","20090612","0.875","0.875","0.875","0.875","2250"
"TLSIOA","20090612","1.01","1.01","1.01","1.01","24700"
"TLSIOD","20090612","0.09","0.10","0.09","0.10","14000"
"TLSIOO","20090612","1.00","1.00","1.00","1.00","10000"
"TLSKZC.","20090612","0.765","0.765","0.755","0.755","24000"
"TLSKZD.","20090612","0.48","0.48","0.47","0.47","65000"
"TLSSMT.","20090612","1.65","1.65","1.65","1.65","3000"
"TLSSZX.","20090612","1.405","1.405","1.395","1.395","9000"
"TMX","20090612","0.054","0.06","0.05","0.06","544923"
"TNC","20090612","0.004","0.005","0.004","0.005","2389000"
"TNE","20090612","0.84","0.87","0.84","0.87","146981"
"TNG","20090612","0.059","0.059","0.055","0.056","766500"
"TOE","20090612","0.27","0.285","0.26","0.265","4819678"
"TOL","20090612","6.95","7.01","6.83","6.83","3747908"
"TOLJMF","20090612","3.20","3.20","3.20","3.20","1000"
"TOX","20090612","1.86","1.895","1.82","1.83","222178"
"TPX","20090612","2.70","2.70","2.60","2.61","7742"
"TRF","20090612","0.18","0.185","0.18","0.185","181153"
"TRG","20090612","4.69","4.69","4.51","4.51","6500"
"TRH","20090612","0.22","0.22","0.22","0.22","25000"
"TRS","20090612","12.20","12.20","11.90","12.14","40977"
"TRU","20090612","5.30","5.30","5.30","5.30","3040"
"TRY","20090612","1.50","1.575","1.50","1.52","41861"
"TSE","20090612","2.76","2.77","2.69","2.72","904810"
"TSEIOO","20090612","0.31","0.31","0.31","0.31","500"
"TSI","20090612","0.985","1.00","0.975","0.995","143812"
"TSM","20090612","0.50","0.515","0.495","0.51","301964"
"TSO","20090612","0.255","0.275","0.255","0.275","1348495"
"TSV","20090612","0.027","0.028","0.027","0.028","3708107"
"TTI","20090612","0.03","0.031","0.027","0.027","120313"
"TTR","20090612","0.026","0.026","0.026","0.026","157737"
"TTS","20090612","2.52","2.53","2.51","2.52","5145593"
"TTXPA","20090612","92.50","92.50","92.50","92.50","180"
"TTY","20090612","0.28","0.285","0.27","0.275","1067778"
"TUC","20090612","0.099","0.10","0.099","0.10","71999"
"TWO","20090612","1.00","1.00","0.98","1.00","81178"
"TWR","20090612","1.42","1.44","1.40","1.44","9604"
"TWT","20090612","0.11","0.12","0.10","0.12","33518"
"TXN","20090612","0.23","0.24","0.23","0.24","40000"
"TYS","20090612","0.019","0.025","0.019","0.02","110095"
"TZN","20090612","0.845","0.88","0.83","0.835","363502"
"UBI","20090612","1.105","1.105","1.055","1.055","4278"
"UCL","20090612","0.006","0.006","0.006","0.006","57000"
"UCW","20090612","0.225","0.23","0.225","0.23","25000"
"UEQ","20090612","0.135","0.135","0.13","0.135","112500"
"UGL","20090612","10.35","10.83","10.26","10.61","861590"
"UMC","20090612","1.07","1.095","1.055","1.055","1036407"
"UMS","20090612","0.90","0.90","0.87","0.87","405301"
"UNI","20090612","0.30","0.30","0.29","0.29","289080"
"UNO","20090612","0.40","0.405","0.38","0.38","314749"
"UNX","20090612","0.48","0.485","0.475","0.485","104744"
"UOG","20090612","0.04","0.04","0.039","0.039","82500"
"UOGO","20090612","0.006","0.006","0.006","0.006","12500"
"URA","20090612","0.051","0.051","0.047","0.05","432486"
"URL","20090612","0.019","0.019","0.017","0.019","3512620"
"URM","20090612","0.044","0.044","0.044","0.044","5000"
"USA","20090612","0.089","0.10","0.082","0.082","4470000"
"UTO","20090612","0.15","0.16","0.12","0.12","230917"
"UUL","20090612","0.077","0.077","0.077","0.077","15000"
"UXA","20090612","0.105","0.105","0.105","0.105","50000"
"UXC","20090612","0.56","0.56","0.525","0.55","276875"
"VAS","20090612","52.81","52.97","52.60","52.97","3571"
"VBA","20090612","0.32","0.35","0.32","0.335","25699222"
"VCN","20090612","0.115","0.115","0.115","0.115","237711"
"VEU","20090612","46.10","46.10","46.04","46.04","325"
"VGH","20090612","0.805","0.88","0.80","0.85","149816"
"VHL","20090612","0.032","0.032","0.031","0.031","251103"
"VID","20090612","0.003","0.003","0.002","0.002","2545569"
"VIR","20090612","0.21","0.21","0.205","0.21","60000"
"VLA","20090612","0.035","0.039","0.035","0.039","1382600"
"VMG","20090612","0.24","0.25","0.235","0.25","509277"
"VML","20090612","0.065","0.065","0.059","0.06","896381"
"VMS","20090612","0.20","0.20","0.20","0.20","100000"
"VMT","20090612","0.055","0.056","0.055","0.056","400000"
"VPE","20090612","0.40","0.425","0.395","0.425","1680401"
"VPEO","20090612","0.17","0.18","0.165","0.17","332625"
"VPG","20090612","0.078","0.085","0.077","0.084","33139216"
"VRL","20090612","1.02","1.02","1.02","1.02","3050"
"VRLPA","20090612","0.66","0.66","0.66","0.66","200"
"VSC","20090612","0.21","0.21","0.21","0.21","45026"
"VTG","20090612","0.12","0.12","0.12","0.12","29041"
"VTP","20090612","0.77","0.77","0.77","0.77","16279"
"VTS","20090612","58.57","58.57","58.57","58.57","50"
"VXR","20090612","0.037","0.037","0.037","0.037","130000"
"WAA","20090612","0.79","0.81","0.79","0.81","20000"
"WAB","20090612","0.061","0.061","0.061","0.061","160000"
"WAM","20090612","1.05","1.10","1.05","1.10","55907"
"WAN","20090612","4.56","4.78","4.56","4.68","804624"
"WANIOA","20090612","1.425","1.425","1.425","1.425","5000"
"WAS","20090612","0.013","0.015","0.012","0.015","3468520"
"WAT","20090612","0.60","0.60","0.60","0.60","7435"
"WBA","20090612","0.67","0.67","0.665","0.665","10500"
"WBB","20090612","7.30","7.30","7.25","7.25","2750"
"WBC","20090612","19.75","20.00","19.62","19.92","8123422"
"WBCIMB","20090612","6.50","6.58","6.50","6.58","1500"
"WBCIMC","20090612","11.74","11.74","11.74","11.74","300"
"WBCIMM","20090612","8.80","8.80","8.80","8.80","700"
"WBCIMW","20090612","2.57","2.60","2.57","2.60","11600"
"WBCIOC","20090612","1.185","1.185","1.185","1.185","3000"
"WBCIOI","20090612","3.19","3.19","3.19","3.19","8000"
"WBCISF","20090612","4.80","4.80","4.77","4.77","15325"
"WBCIYH","20090612","3.70","3.70","3.70","3.70","1000"
"WBCIZW","20090612","7.24","7.24","7.24","7.24","521"
"WBCIZZ","20090612","6.87","6.87","6.87","6.87","600"
"WBCJMF","20090612","0.10","0.10","0.10","0.10","2000"
"WBCJMN","20090612","0.034","0.034","0.034","0.034","3000"
"WBCKZJ.","20090612","8.64","8.75","8.64","8.75","4465"
"WBCKZK.","20090612","7.05","7.05","7.05","7.05","37"
"WBCPA","20090612","97.65","98.20","97.65","97.76","12788"
"WBCPB","20090612","105.80","105.80","105.35","105.50","3553"
"WBCSMY","20090612","6.73","6.73","6.73","6.73","200"
"WBCSOA","20090612","8.03","8.03","8.03","8.03","760"
"WBCSOB","20090612","11.89","12.01","11.89","12.01","1840"
"WBCSWZ","20090612","10.69","10.69","10.64","10.64","3208"
"WBCSZC","20090612","6.73","6.73","6.73","6.73","100"
"WBCWMQ","20090612","0.305","0.305","0.305","0.305","6500"
"WBCWOG","20090612","0.092","0.10","0.092","0.10","55000"
"WBCXOB","20090612","1.92","1.92","1.92","1.92","1500"
"WCB","20090612","1.95","1.95","1.91","1.95","7041"
"WCL","20090612","0.58","0.58","0.545","0.55","42310"
"WCP","20090612","0.034","0.034","0.033","0.033","400000"
"WCPO","20090612","0.019","0.019","0.019","0.019","125000"
"WCTPA","20090612","83.99","84.00","83.10","83.10","2719"
"WCU","20090612","0.32","0.34","0.305","0.32","307873"
"WCUO","20090612","0.10","0.10","0.093","0.10","296000"
"WDC","20090612","11.51","11.80","11.46","11.68","9210730"
"WDCIOA","20090612","3.35","3.35","3.35","3.35","2950"
"WDCKZG.","20090612","4.83","4.83","4.83","4.83","520"
"WDCSZX.","20090612","6.10","6.10","6.10","6.10","1250"
"WDR","20090612","0.11","0.125","0.11","0.125","170271"
"WDS","20090612","1.60","1.63","1.58","1.63","89646"
"WEB","20090612","1.32","1.32","1.31","1.31","63535"
"WEC","20090612","1.66","1.705","1.66","1.70","546798"
"WES","20090612","22.68","22.69","22.28","22.35","4448337"
"WESIZZ","20090612","5.21","5.21","5.21","5.21","1368"
"WESKZS.","20090612","5.82","5.82","5.82","5.82","4200"
"WESN","20090612","22.74","22.74","22.30","22.65","1546059"
"WESSWZ.","20090612","3.96","3.96","3.96","3.96","4100"
"WESSZX.","20090612","13.36","13.36","13.36","13.36","300"
"WESXOQ","20090612","0.795","0.795","0.795","0.795","7000"
"WFL","20090612","0.65","0.66","0.635","0.66","14250"
"WFLPA","20090612","70.00","70.00","70.00","70.00","100"
"WFM","20090612","0.07","0.07","0.07","0.07","12000"
"WGO","20090612","0.12","0.12","0.12","0.12","20000"
"WGP","20090612","0.027","0.029","0.027","0.027","883071"
"WGR","20090612","0.30","0.305","0.30","0.305","339458"
"WHC","20090612","3.19","3.28","3.15","3.21","348000"
"WHE","20090612","0.29","0.305","0.285","0.30","568615"
"WHF","20090612","2.64","2.64","2.61","2.61","13803"
"WHG","20090612","0.98","0.98","0.945","0.955","17573"
"WHN","20090612","0.028","0.028","0.028","0.028","18000"
"WHS","20090612","2.88","2.88","2.88","2.88","3400"
"WIL","20090612","0.585","0.595","0.58","0.595","202000"
"WKR","20090612","0.016","0.019","0.016","0.019","914155"
"WLF","20090612","0.45","0.45","0.45","0.45","2000"
"WLL","20090612","1.64","1.70","1.64","1.70","8910"
"WME","20090612","0.22","0.23","0.22","0.225","799465"
"WOR","20090612","25.74","25.82","24.60","25.18","1336022"
"WORIMF","20090612","15.06","15.06","14.95","14.95","1000"
"WORJZA","20090612","2.10","2.10","2.10","2.10","1350"
"WORKZD.","20090612","15.96","15.96","15.96","15.96","200"
"WORWML","20090612","0.345","0.35","0.345","0.35","34000"
"WOTCA","20090612","0.275","0.275","0.27","0.27","116775"
"WOW","20090612","26.25","26.34","26.12","26.29","2724091"
"WOWHB","20090612","93.90","94.00","93.60","94.00","3449"
"WOWIOD","20090612","6.15","6.15","6.15","6.15","1004"
"WOWIOI","20090612","6.36","6.36","6.36","6.36","1500"
"WOWIZZ","20090612","11.73","11.73","11.69","11.69","1671"
"WOWKZF.","20090612","2.99","3.00","2.93","3.00","23230"
"WPG","20090612","0.45","0.45","0.43","0.44","79816"
"WPL","20090612","43.01","43.30","42.50","42.88","3120931"
"WPLIOD","20090612","11.96","11.96","11.95","11.95","700"
"WPLIWK","20090612","0.43","0.43","0.43","0.43","5823"
"WPLKZJ.","20090612","10.21","10.35","10.08","10.35","4517"
"WPLKZX.","20090612","11.70","11.70","11.69","11.69","197"
"WPLWML","20090612","0.675","0.675","0.675","0.675","2000"
"WPLWZK","20090612","1.095","1.095","1.095","1.095","1000"
"WRK","20090612","0.185","0.23","0.18","0.22","1984749"
"WRL","20090612","0.042","0.042","0.042","0.042","230000"
"WRR","20090612","0.003","0.003","0.003","0.003","780000"
"WSA","20090612","6.22","6.27","5.96","5.98","1432036"
"WTF","20090612","4.51","4.52","4.35","4.40","198591"
"WTG","20090612","0.065","0.08","0.065","0.08","41669"
"WTN","20090612","0.075","0.075","0.071","0.071","100000"
"WTP","20090612","1.08","1.12","1.07","1.115","63996"
"WWA","20090612","2.10","2.10","2.08","2.10","13846"
"WWG","20090612","0.125","0.20","0.125","0.20","12000"
"WWI","20090612","0.105","0.105","0.105","0.105","5100"
"WWM","20090612","0.075","0.075","0.075","0.075","31401"
"WWW","20090612","0.041","0.041","0.041","0.041","20000"
"WYL","20090612","0.46","0.465","0.455","0.46","674026"
"XAF","20090612","4059.20","4059.20","4059.20","4059.20","0"
"XAO","20090612","4047.30","4078.30","4038.80","4061.50","0"
"XAT","20090612","406290.00","406290.00","406290.00","406290.00","0"
"XBW","20090612","397.57","397.57","397.57","397.57","0"
"XCD","20090612","0.03","0.03","0.03","0.03","0"
"XDJ","20090612","1331.30","1334.00","1311.20","1314.70","0"
"XEJ","20090612","15275.40","15437.50","15159.40","15218.40","0"
"XEN","20090612","0.13","0.13","0.12","0.12","1391000"
"XENO","20090612","0.065","0.065","0.065","0.065","144222"
"XFJ","20090612","3696.90","3750.10","3696.10","3735.90","0"
"XFL","20090612","4052.50","4091.60","4045.70","4073.50","0"
"XGD","20090612","5161.80","5161.80","5161.80","5161.80","0"
"XHJ","20090612","7840.60","7875.90","7766.20","7826.70","0"
"XIJ","20090612","510.80","517.00","508.80","511.50","0"
"XJO","20090612","4044.00","4079.40","4037.50","4062.20","0"
"XJOKZJ.","20090612","8.19","8.25","7.96","8.21","21866"
"XJOKZT.","20090612","6.33","6.36","6.00","6.00","49000"
"XJOKZV.","20090612","3.09","3.18","2.78","2.90","38900"
"XJOKZW.","20090612","11.12","11.12","11.12","11.12","2500"
"XJOUMP","20090612","0.001","0.001","0.001","0.001","50000"
"XJOUMU","20090612","0.145","0.145","0.14","0.14","1010000"
"XJOVOD","20090612","1.26","1.29","1.24","1.29","38000"
"XJOVOE","20090612","0.805","0.84","0.78","0.835","110000"
"XJOVOS","20090612","0.41","0.42","0.40","0.40","136500"
"XJOVOT","20090612","0.655","0.675","0.635","0.65","210100"
"XJOVOU","20090612","1.025","1.04","0.99","1.005","139100"
"XJOVOV","20090612","1.50","1.50","1.485","1.485","3400"
"XJOWMA","20090612","2.80","2.82","2.80","2.82","40000"
"XJOWMB","20090612","2.32","2.44","2.32","2.44","80000"
"XJOWMC","20090612","2.00","2.00","2.00","2.00","20000"
"XJOWMD","20090612","1.76","1.775","1.70","1.735","120000"
"XJOWME","20090612","1.47","1.47","1.405","1.405","30000"
"XJOWMF","20090612","1.145","1.205","1.145","1.205","40000"
"XJOWMG","20090612","0.95","0.995","0.95","0.995","40000"
"XJOWMO","20090612","1.40","1.40","1.345","1.345","1500"
"XJOWMR","20090612","0.76","0.76","0.76","0.76","10000"
"XJOWMW","20090612","1.105","1.12","1.10","1.12","3300"
"XJOWMX","20090612","1.325","1.325","1.28","1.28","74400"
"XJOWMY","20090612","1.535","1.55","1.535","1.55","40000"
"XJOWMZ","20090612","1.785","1.845","1.76","1.76","115800"
"XKO","20090612","4039.70","4074.60","4033.30","4057.80","0"
"XMD","20090612","3649.30","3684.80","3633.50","3649.30","0"
"XMJ","20090612","11086.80","11201.30","11055.10","11120.00","0"
"XMM","20090612","3985.50","3985.50","3985.50","3985.50","0"
"XNJ","20090612","3089.00","3119.80","3089.00","3097.90","0"
"XPJ","20090612","767.40","786.00","767.40","777.30","0"
"XRF","20090612","0.12","0.12","0.10","0.10","504160"
"XSJ","20090612","6614.80","6635.00","6593.10","6626.40","0"
"XSO","20090612","2197.90","2213.50","2192.40","2205.50","0"
"XST","20090612","0.04","0.04","0.04","0.04","0"
"XTE","20090612","0.00","0.00","0.00","0.00","0"
"XTJ","20090612","1135.40","1156.40","1135.40","1146.00","0"
"XTL","20090612","2428.30","2457.10","2425.30","2446.10","0"
"XTO","20090612","3306.40","3335.70","3301.30","3321.60","0"
"XUJ","20090612","4141.80","4163.00","4128.90","4136.70","0"
"XXJ","20090612","4234.60","4292.60","4233.30","4277.30","0"
"YLDSO1","20090612","9.62","9.62","9.62","9.62","8500"
"YRR","20090612","0.056","0.056","0.056","0.056","46105"
"YTC","20090612","0.15","0.15","0.15","0.15","750"
"ZAUWBA","20090612","11.70","11.74","11.70","11.70","4400"
"ZDX","20090612","0.098","0.10","0.098","0.10","20000"
"ZGL","20090612","0.12","0.12","0.12","0.12","17430"
"ZGM","20090612","0.03","0.03","0.03","0.03","25000"
"ZIM","20090612","8.22","8.40","8.22","8.40","5000"
"ZYL","20090612","0.021","0.024","0.021","0.021","596567"
