AGKFZ8,20120523,0,0,0,0,30
AGKG18,20120523,0,0,0,.245,30
AGKJ77,20120523,.05,.05,.05,.05,40
AGKKA7,20120523,.63,.63,.63,.63,40
AGKKG7,20120523,.27,.305,.27,.305,180
AGKKH7,20120523,.32,.32,.315,.315,120
AGKKT7,20120523,0,0,0,.59,50
AGKKU7,20120523,0,0,0,.7,50
AGKKW7,20120523,.37,.37,.37,.37,450
AGKL17,20120523,.5,.535,.5,.535,50
AGKL27,20120523,.79,.81,.79,.81,549
AGKL37,20120523,.885,.91,.885,.91,591
AGKL97,20120523,0,0,0,.12,50
AGKLT7,20120523,.65,.65,.65,.65,32
AGKMT7,20120523,.39,.39,.39,.39,99
AGKQB7,20120523,0,0,0,.035,50
AGKTX7,20120523,.055,.06,.055,.06,230
AGKU27,20120523,0,0,0,.14,40
AGKUC7,20120523,1.12,1.125,1.12,1.125,40
AGKUU7,20120523,.725,.725,.725,.725,90
AGKV17,20120523,0,0,0,.45,150
AGKV27,20120523,0,0,0,.535,50
AGKV47,20120523,.135,.135,.135,.135,50
AGKVP7,20120523,.935,.935,.935,.935,50
AGKVR7,20120523,.265,.265,.265,.265,50
AGKW87,20120523,.095,.095,.095,.095,100
AGKXW7,20120523,0,0,0,.19,30
AIOWC7,20120523,.09,.09,.08,.085,7471
AIOXY7,20120523,4.5,4.5,4.5,4.5,200
AMCF38,20120523,.12,.12,.12,.12,80
AMCG28,20120523,1.61,1.61,1.61,1.61,50
AMCJG8,20120523,.4,.4,.4,.4,61
AMCK78,20120523,0,0,0,.17,290
AMCK98,20120523,0,0,0,.24,290
AMCKL8,20120523,.36,.36,.36,.36,61
AMCKM8,20120523,.24,.24,.24,.24,10
AMCL18,20120523,0,0,0,.125,60
AMCMQ8,20120523,.53,.53,.52,.52,800
AMCMS8,20120523,0,0,0,.16,60
AMPCR9,20120523,.145,.145,.145,.145,102
AMPCX9,20120523,.43,.43,.43,.43,100
AMPCZ9,20120523,.02,.02,.02,.02,70
AMPD19,20120523,.53,.53,.53,.53,96
AMPGW9,20120523,.33,.33,.33,.33,90
AMPIF9,20120523,0,0,0,.29,100
AMPIH9,20120523,.065,.065,.065,.065,50
AMPIX9,20120523,0,0,0,.26,60
AMPJI9,20120523,.205,.205,.205,.205,75
AMPKN9,20120523,.195,.195,.195,.195,100
AMPP28,20120523,.395,.395,.395,.395,110
AMPQ18,20120523,.095,.095,.09,.09,600
AMPQ28,20120523,.205,.205,.205,.205,400
AMPRN8,20120523,.095,.095,.095,.095,270
AMPS48,20120523,0,0,0,.05,150
AMPUE8,20120523,1.46,1.46,1.46,1.46,96
AMPVD,20120523,.095,.095,.095,.095,93
AMPVM8,20120523,0,0,0,.35,100
AMPVN8,20120523,.009,.009,.009,.009,200
AMPVO8,20120523,0,0,0,.13,200
AMPW58,20120523,.22,.22,.22,.22,950
AMPWW8,20120523,0,0,0,.125,80
AMPWZ8,20120523,.13,.13,.13,.13,730
AMPX38,20120523,.135,.135,.135,.135,80
AMPYR8,20120523,0,0,0,0,80
ANZB67,20120523,.62,.62,.62,.62,30
ANZB68,20120523,1.025,1.025,1.025,1.025,470
ANZBF8,20120523,.245,.245,.245,.245,10
ANZBJ8,20120523,.3,.325,.3,.325,120
ANZBU7,20120523,1.19,1.19,1.19,1.19,50
ANZCO7,20120523,0,0,0,1.475,40
ANZCP7,20120523,0,0,0,.22,150
ANZCQ7,20120523,.035,.035,.035,.035,124
ANZCR7,20120523,0,0,0,.835,100
ANZCW7,20120523,.02,.02,.015,.015,150
ANZCX7,20120523,2.74,2.74,2.74,2.74,10
ANZD17,20120523,.225,.225,.225,.225,20
ANZD47,20120523,.155,.155,.155,.155,99
ANZE88,20120523,.205,.205,.2,.2,135
ANZIY7,20120523,.25,.28,.25,.28,517
ANZJ87,20120523,.17,.17,.17,.17,160
ANZJI7,20120523,.02,.02,.02,.02,30
ANZJJ7,20120523,0,0,0,0,100
ANZJV7,20120523,.02,.025,.02,.025,475
ANZK47,20120523,.54,.54,.54,.54,100
ANZK67,20120523,.375,.375,.26,.26,112
ANZK77,20120523,.06,.1,.06,.1,289
ANZKE7,20120523,0,0,0,3.65,1500
ANZKG7,20120523,.1,.1,.06,.06,450
ANZKH7,20120523,.28,.31,.28,.31,105
ANZKJ7,20120523,.75,.75,.75,.75,680
ANZKL9,20120523,.81,.81,.81,.81,370
ANZKM9,20120523,.49,.575,.49,.57,745
ANZKN7,20120523,1.26,1.345,1.23,1.345,344
ANZKN9,20120523,.295,.295,.27,.28,635
ANZKO9,20120523,1,1.06,.98,1.06,790
ANZKP9,20120523,.065,.07,.06,.07,520
ANZKQ7,20120523,.07,.07,.065,.065,160
ANZKQ9,20120523,1.85,1.85,1.8,1.8,45
ANZKR9,20120523,20.835,20.835,20.835,20.835,35
ANZKU7,20120523,0,0,0,.565,100
ANZKZ7,20120523,0,0,0,1.6,53
ANZLD7,20120523,0,0,0,1.47,10
ANZLE7,20120523,0,0,0,0,10
ANZLF7,20120523,0,0,0,1.91,10
ANZLG7,20120523,0,0,0,2.815,10
ANZLW7,20120523,0,0,0,0,145
ANZLY7,20120523,1,1,1,1,200
ANZLZ7,20120523,0,0,0,.63,150
ANZM17,20120523,0,0,0,.335,567
ANZM37,20120523,.755,.755,.72,.73,90
ANZM47,20120523,.93,.93,.93,.93,85
ANZM67,20120523,.56,.56,.555,.555,109
ANZM77,20120523,.485,.485,.48,.48,125
ANZMB7,20120523,1.78,1.78,1.78,1.78,100
ANZMC7,20120523,.165,.165,.165,.165,48
ANZMS7,20120523,0,0,0,1.835,53
ANZMW7,20120523,0,0,0,.18,16
ANZMX7,20120523,.37,.37,.37,.37,20
ANZN77,20120523,0,0,0,1.55,16
ANZP29,20120523,.3,.3,.3,.3,1415
ANZP67,20120523,0,0,0,.085,30
ANZP97,20120523,0,0,0,.155,40
ANZPR7,20120523,0,0,0,1.885,16
ANZPT7,20120523,.045,.045,.045,.045,54
ANZQ77,20120523,.97,.97,.95,.95,45
ANZQ97,20120523,.21,.215,.21,.215,140
ANZQB7,20120523,.5,.5,.5,.5,20
ANZQD7,20120523,0,0,0,.8,20
ANZQN9,20120523,0,0,0,1.365,55
ANZQO9,20120523,.035,.035,.035,.035,1231
ANZQP9,20120523,.53,.53,.53,.53,35
ANZR77,20120523,1.27,1.27,1.27,1.27,33
ANZR97,20120523,0,0,0,1.35,100
ANZRJ7,20120523,.46,.46,.46,.46,100
ANZRU7,20120523,.08,.08,.08,.08,78
ANZT39,20120523,.08,.105,.08,.105,461
ANZT49,20120523,.15,.15,.15,.15,200
ANZT79,20120523,.2,.25,.2,.25,610
ANZTM7,20120523,0,0,0,1.455,10
ANZTO7,20120523,0,0,0,2.82,200
ANZTP7,20120523,2.17,2.17,2.17,2.17,250
ANZTV7,20120523,.01,.01,.01,.01,360
ANZUO7,20120523,0,0,0,0,145
ANZUQ7,20120523,1.2,1.2,1.2,1.2,40
ANZUS7,20120523,0,0,0,.895,14
ANZUW7,20120523,.09,.09,.09,.09,50
ANZV69,20120523,.405,.415,.4,.415,940
ANZV79,20120523,.725,.73,.725,.73,765
ANZV89,20120523,.53,.53,.505,.52,1488
ANZV99,20120523,.15,.15,.135,.135,1042
ANZVA9,20120523,1.4,1.4,1.4,1.4,155
ANZVB7,20120523,.495,.495,.49,.49,93
ANZVL,20120523,1.11,1.125,1.1,1.125,430
ANZVM,20120523,1.415,1.415,1.415,1.415,20
ANZWZ9,20120523,.175,.195,.175,.195,250
ANZX89,20120523,.09,.12,.09,.12,506
ANZY77,20120523,.29,.29,.29,.29,100
ANZYO7,20120523,5.7,5.7,5.7,5.7,50
ANZYO9,20120523,0,0,0,.94,80
ANZZ87,20120523,.825,.825,.825,.825,40
ANZZQ9,20120523,.075,.075,.075,.075,50
ANZZX9,20120523,5.14,5.14,5.14,5.14,100
ASXD67,20120523,0,0,0,.66,240
ASXGV7,20120523,1.985,2.01,1.985,2.01,400
ASXIG7,20120523,0,0,0,.715,100
ASXII7,20120523,.87,.87,.87,.87,42
ASXIS,20120523,2.27,2.285,2.27,2.285,75
ASXJR7,20120523,0,0,0,0,100
ASXJT7,20120523,0,0,0,.43,100
ASXJU7,20120523,0,0,0,0,48
ASXK17,20120523,0,0,0,0,100
ASXK67,20120523,0,0,0,0,100
ASXL37,20120523,0,0,0,0,20
ASXT27,20120523,1.015,1.015,1.015,1.015,8
ASXT69,20120523,0,0,0,.69,140
ASXT99,20120523,.48,.49,.48,.49,60
ASXTC9,20120523,0,0,0,.475,100
ASXTR9,20120523,0,0,0,.62,100
ASXTV9,20120523,0,0,0,2.34,25
ASXXK7,20120523,0,0,0,0,20
AWCB58,20120523,.03,.03,.03,.03,200
AWCB68,20120523,.1,.1,.1,.1,831
AWCBI8,20120523,.025,.025,.025,.025,200
AWCBU8,20120523,.21,.21,.21,.21,830
AWCC28,20120523,.04,.04,.04,.04,600
AWCCS8,20120523,.009,.01,.009,.01,1000
AWCD68,20120523,.045,.045,.045,.045,300
AWCDT8,20120523,0,0,0,.185,200
AWCEQ8,20120523,.13,.13,.13,.13,1001
AWCF28,20120523,.05,.05,.05,.05,90
AWCF58,20120523,.03,.03,.03,.03,100
AWCFO8,20120523,.03,.04,.03,.035,675
AWCFR8,20120523,0,0,0,0,200
AWCI98,20120523,.08,.08,.08,.08,12854
AWCIF8,20120523,0,0,0,0,11654
AWCK58,20120523,.015,.015,.015,.015,350
AWCK68,20120523,.045,.045,.045,.045,360
AWCMB7,20120523,.16,.165,.16,.165,900
AWCMF7,20120523,.08,.085,.08,.08,4000
AWCQU8,20120523,0,0,0,0,66
AWCSL7,20120523,.003,.003,.003,.003,350
AWCWM7,20120523,.007,.008,.007,.008,1000
AWCWN7,20120523,0,0,0,.22,243
AWCWX7,20120523,0,0,0,.415,66
AWCZ17,20120523,.19,.19,.19,.19,170
BHPB27,20120523,0,0,0,5.8,40
BHPB28,20120523,0,0,0,5.17,31
BHPB37,20120523,0,0,0,7.75,30
BHPB57,20120523,.98,.98,.98,.98,100
BHPB58,20120523,0,0,0,.865,23
BHPBH8,20120523,1.115,1.12,1.115,1.12,153
BHPBI8,20120523,0,0,0,2.975,40
BHPBM8,20120523,0,0,0,1.9,75
BHPBO8,20120523,0,0,0,4.05,20
BHPBP8,20120523,0,0,0,.775,20
BHPBZ8,20120523,.15,.15,.15,.15,10
BHPC39,20120523,7.95,7.95,7.95,7.95,34
BHPC79,20120523,1.27,1.27,1.27,1.27,295
BHPCI8,20120523,10.95,10.95,10.95,10.95,20
BHPCZ8,20120523,0,0,0,1.95,100
BHPD28,20120523,.335,.335,.335,.335,30
BHPDR8,20120523,.3,.3,.29,.29,50
BHPDS8,20120523,.28,.28,.215,.215,120
BHPDX7,20120523,0,0,0,4.55,2900
BHPDY7,20120523,.295,.3,.285,.3,670
BHPDZ7,20120523,.435,.435,.4,.425,1045
BHPE37,20120523,.565,.625,.565,.595,1234
BHPE87,20120523,1.885,1.925,1.885,1.925,60
BHPE97,20120523,.835,.88,.835,.87,1310
BHPEF8,20120523,.18,.18,.18,.18,100
BHPEI8,20120523,0,0,0,.73,60
BHPEL8,20120523,5.93,5.93,5.93,5.93,97
BHPEO8,20120523,0,0,0,4.6,10
BHPES8,20120523,0,0,0,0,20
BHPEW8,20120523,0,0,0,0,40
BHPF17,20120523,0,0,0,1.905,1392
BHPF27,20120523,.46,.46,.46,.46,340
BHPF37,20120523,.22,.22,.19,.19,770
BHPF47,20120523,3.105,3.105,3.105,3.105,41
BHPF49,20120523,.67,.765,.67,.725,1237
BHPF57,20120523,3.85,3.85,3.85,3.85,311
BHPF67,20120523,.09,.09,.09,.09,70
BHPFH9,20120523,1.3,1.3,1.18,1.23,640
BHPFI9,20120523,1.1,1.24,1.1,1.24,1562
BHPFJ9,20120523,1.405,1.46,1.405,1.46,540
BHPFK9,20120523,.985,1.01,.935,.94,609
BHPFL9,20120523,.56,.57,.53,.535,815
BHPFM9,20120523,2.06,2.06,2.06,2.06,427
BHPFN9,20120523,2.24,2.35,2.24,2.35,425
BHPFO9,20120523,.5,.5,.375,.38,3532
BHPFP9,20120523,.32,.32,.27,.28,180
BHPFQ9,20120523,2.8,2.8,2.75,2.77,108
BHPFS9,20120523,.135,.135,.13,.13,55
BHPFT9,20120523,.07,.07,.07,.07,4
BHPFU9,20120523,0,0,0,4.42,122
BHPFW9,20120523,.035,.035,.035,.035,43
BHPG39,20120523,1.84,1.85,1.84,1.85,56
BHPG49,20120523,0,0,0,2.19,10
BHPG79,20120523,0,0,0,2.25,200
BHPG88,20120523,.61,.61,.61,.61,9
BHPG99,20120523,2.19,2.19,2.17,2.17,30
BHPGM9,20120523,2.9,2.9,2.9,2.9,10
BHPGN9,20120523,1.72,1.72,1.72,1.72,10
BHPGO9,20120523,1.245,1.245,1.22,1.22,42
BHPGR9,20120523,1.075,1.075,1.075,1.075,163
BHPGX8,20120523,12.12,12.12,12.12,12.12,20
BHPI18,20120523,1.35,1.35,1.35,1.35,20
BHPI79,20120523,5.55,5.55,5.55,5.55,250
BHPIF8,20120523,.82,.82,.725,.725,70
BHPIH8,20120523,0,0,0,2.15,1154
BHPIH9,20120523,10.4,10.4,10.4,10.4,10
BHPIQ8,20120523,.14,.21,.115,.15,2296
BHPIR8,20120523,.66,.66,.55,.55,193
BHPJ67,20120523,.095,.095,.095,.095,331
BHPJ7,20120523,.2,.22,.195,.21,1050
BHPJ77,20120523,7.04,7.04,7.04,7.04,10
BHPJ88,20120523,0,0,0,1.93,310
BHPJ97,20120523,.125,.145,.125,.135,1504
BHPJC,20120523,3.26,3.26,3.26,3.26,360
BHPJD,20120523,.19,.215,.185,.185,549
BHPJE,20120523,.04,.045,.04,.045,705
BHPJE8,20120523,2.345,2.345,2.3,2.3,120
BHPJF8,20120523,0,0,0,1.8,10
BHPJG8,20120523,0,0,0,0,40
BHPJI8,20120523,0,0,0,3.2,30
BHPJJ8,20120523,2.555,2.625,2.555,2.625,40
BHPJS9,20120523,.02,.02,.02,.02,60
BHPJT9,20120523,.015,.015,.015,.015,40
BHPK98,20120523,6.78,6.9,6.745,6.9,73
BHPKG8,20120523,0,0,0,.355,20
BHPKH8,20120523,.7,.7,.7,.7,380
BHPKI8,20120523,0,0,0,.635,300
BHPKJ8,20120523,0,0,0,0,7750
BHPKK8,20120523,0,0,0,0,7750
BHPKL8,20120523,.57,.61,.57,.58,360
BHPKM8,20120523,.69,.735,.69,.72,190
BHPKO7,20120523,0,0,0,0,55
BHPKP8,20120523,.95,.95,.95,.95,11
BHPKV8,20120523,11.3,11.3,11.3,11.3,20
BHPKX8,20120523,0,0,0,1.465,30
BHPL67,20120523,0,0,0,10.26,15
BHPLA7,20120523,.03,.03,.03,.03,150
BHPLB7,20120523,6.01,6.01,6.01,6.01,35
BHPLB8,20120523,.26,.26,.26,.26,1100
BHPLC8,20120523,0,0,0,1.01,140
BHPLD8,20120523,.08,.085,.07,.07,90
BHPLE8,20120523,.9,1.02,.9,1.02,150
BHPLL8,20120523,0,0,0,1.3,220
BHPLN7,20120523,11.62,11.62,11.62,11.62,34
BHPLU8,20120523,.06,.06,.06,.06,250
BHPMB8,20120523,0,0,0,0,10
BHPMD8,20120523,0,0,0,0,13
BHPMF9,20120523,.015,.015,.015,.015,240
BHPMJ7,20120523,0,0,0,7,35
BHPMM8,20120523,0,0,0,0,39
BHPMO9,20120523,1.27,1.27,1.27,1.27,175
BHPMP8,20120523,0,0,0,0,100
BHPMP9,20120523,1.53,1.53,1.53,1.53,500
BHPMT9,20120523,2.11,2.11,2.08,2.08,120
BHPN49,20120523,2.99,2.99,2.93,2.95,84
BHPN58,20120523,3.075,3.1,3.075,3.1,36
BHPN79,20120523,3.41,3.41,3.41,3.41,2
BHPN99,20120523,1.88,1.88,1.85,1.85,290
BHPNL9,20120523,0,0,0,6.1,24
BHPPZ8,20120523,0,0,0,.76,10
BHPQ18,20120523,0,0,0,0,10
BHPQA8,20120523,2.04,2.065,2.03,2.03,60
BHPQF9,20120523,0,0,0,.67,20
BHPQG9,20120523,0,0,0,1.395,10
BHPQJ9,20120523,0,0,0,1.45,200
BHPQW8,20120523,0,0,0,.67,10
BHPR58,20120523,0,0,0,1.77,10
BHPRI7,20120523,1.035,1.035,1.035,1.035,20
BHPRN7,20120523,2.725,2.725,2.725,2.725,10
BHPRO7,20120523,.8,.8,.8,.8,85
BHPRP7,20120523,.65,.65,.65,.65,110
BHPRQ7,20120523,0,0,0,2.98,10
BHPRR7,20120523,3.42,3.42,3.42,3.42,194
BHPRS7,20120523,.52,.52,.52,.52,25
BHPRT7,20120523,.355,.355,.355,.355,20
BHPRU7,20120523,0,0,0,0,150
BHPRX7,20120523,.89,.955,.89,.955,500
BHPRX8,20120523,0,0,0,4.04,13
BHPS17,20120523,1.03,1.03,1.03,1.03,20
BHPS27,20120523,1.15,1.205,1.15,1.205,30
BHPS38,20120523,.605,.605,.605,.605,36
BHPS57,20120523,1.34,1.39,1.34,1.39,11
BHPS67,20120523,1.65,1.65,1.65,1.65,108
BHPS68,20120523,0,0,0,5.46,103
BHPS77,20120523,1.73,1.73,1.73,1.73,4
BHPS78,20120523,.395,.405,.395,.405,313
BHPS87,20120523,1.115,1.125,1.115,1.125,42
BHPS97,20120523,1.95,2.11,1.95,2.06,169
BHPSA7,20120523,2.33,2.33,2.33,2.33,40
BHPSB7,20120523,.93,.93,.915,.915,245
BHPSC7,20120523,.77,.77,.745,.745,138
BHPSD7,20120523,0,0,0,2.35,144
BHPSE7,20120523,0,0,0,2.53,259
BHPSF7,20120523,0,0,0,.665,120
BHPSO7,20120523,0,0,0,.57,100
BHPSP7,20120523,0,0,0,3.67,8
BHPSQ7,20120523,0,0,0,3.28,50
BHPSR7,20120523,.23,.26,.23,.24,276
BHPT47,20120523,4.535,4.62,4.535,4.62,135
BHPT48,20120523,2.14,2.14,2.14,2.14,60
BHPTJ7,20120523,0,0,0,.245,380
BHPTM7,20120523,.13,.13,.13,.13,115
BHPTP7,20120523,6.06,6.06,6.06,6.06,136
BHPTU7,20120523,.04,.04,.04,.04,20
BHPUG8,20120523,6.02,6.02,6.02,6.02,16
BHPUJ7,20120523,.01,.01,.01,.01,1600
BHPUK7,20120523,.04,.04,.02,.02,665
BHPUL7,20120523,0,0,0,1.3,50
BHPUM7,20120523,.965,1,.965,.97,49
BHPUN7,20120523,.08,.09,.055,.055,1310
BHPUN8,20120523,0,0,0,0,13
BHPUQ8,20120523,1.68,1.725,1.68,1.725,40
BHPUR8,20120523,0,0,0,0,150
BHPUU8,20120523,0,0,0,2.16,20
BHPUV7,20120523,0,0,0,5.805,30
BHPUV8,20120523,2.225,2.225,2.225,2.225,10
BHPUW8,20120523,1.82,1.82,1.82,1.82,20
BHPV78,20120523,6.1,6.1,6.08,6.08,160
BHPVE8,20120523,1.34,1.34,1.33,1.33,70
BHPVF8,20120523,0,0,0,0,10
BHPVG8,20120523,.86,.86,.845,.845,34
BHPVI8,20120523,0,0,0,0,60
BHPVM8,20120523,2.385,2.385,2.375,2.375,28
BHPVN8,20120523,.98,.99,.87,.87,80
BHPVW,20120523,0,0,0,.05,350
BHPWK9,20120523,1.115,1.115,1.11,1.11,580
BHPWN9,20120523,1.65,1.65,1.62,1.62,229
BHPWO9,20120523,2.2,2.2,2.2,2.2,168
BHPWR9,20120523,0,0,0,1.66,315
BHPWS9,20120523,3.085,3.085,3.085,3.085,210
BHPWV9,20120523,3.63,3.65,3.63,3.65,115
BHPWW9,20120523,4.135,4.135,4.085,4.085,295
BHPWZ9,20120523,4.7,4.7,4.7,4.7,330
BHPX19,20120523,0,0,0,4.74,20
BHPX49,20120523,5.635,5.65,5.635,5.65,36
BHPX59,20120523,6.09,6.09,6.09,6.09,159
BHPX89,20120523,0,0,0,6.68,700
BHPX99,20120523,7.13,7.13,7.13,7.13,742
BHPXC9,20120523,0,0,0,5,15
BHPXD9,20120523,.295,.32,.2,.2,3100
BHPXF9,20120523,.37,.42,.305,.32,1605
BHPXG7,20120523,0,0,0,0,39
BHPXG9,20120523,.55,.75,.55,.6,2407
BHPXH9,20120523,.15,.15,.055,.06,5231
BHPXI9,20120523,.025,.04,.025,.025,1100
BHPXJ7,20120523,0,0,0,8.16,35
BHPXJ9,20120523,1.15,1.15,1.1,1.15,1111
BHPXK9,20120523,1.54,1.65,1.54,1.65,2343
BHPXM9,20120523,0,0,0,.015,400
BHPXN9,20120523,2.1,2.2,2.1,2.1,1471
BHPXO9,20120523,2.58,2.64,2.55,2.64,489
BHPXP9,20120523,0,0,0,.02,200
BHPXQ9,20120523,.005,.005,.005,.005,70
BHPXR8,20120523,0,0,0,0,2900
BHPXR9,20120523,3.14,3.14,3.01,3.01,374
BHPXS8,20120523,.24,.24,.24,.24,110
BHPXS9,20120523,3.65,3.65,3.65,3.65,77
BHPXT8,20120523,0,0,0,0,50
BHPXV7,20120523,4.1,4.1,4.1,4.1,102
BHPXV9,20120523,4.09,4.09,4.09,4.09,167
BHPXW7,20120523,.09,.09,.09,.09,284
BHPXY9,20120523,0,0,0,.007,28
BHPY58,20120523,1.85,1.88,1.83,1.83,52
BHPY68,20120523,6.535,6.535,6.535,6.535,6
BHPY78,20120523,0,0,0,.335,30
BHPYC7,20120523,2.345,2.345,2.345,2.345,40
BHPYD7,20120523,4.63,4.63,4.63,4.63,40
BHPYE8,20120523,0,0,0,0,20
BHPYF8,20120523,0,0,0,0,64
BHPYI8,20120523,.76,.76,.715,.73,206
BHPYJ8,20120523,1.785,1.785,1.74,1.74,487
BHPYK8,20120523,.98,1.01,.98,.98,970
BHPYL8,20120523,1.595,1.595,1.51,1.51,45
BHPYL9,20120523,2.74,2.745,2.74,2.745,10
BHPYR7,20120523,2.34,2.345,2.34,2.345,16
BHPYT7,20120523,3.87,3.87,3.87,3.87,20
BHPZ97,20120523,1.275,1.275,1.24,1.24,170
BHPZA7,20120523,1.44,1.44,1.44,1.44,6
BHPZE8,20120523,6.1,6.1,6.1,6.1,75
BHPZE9,20120523,.05,.05,.05,.05,40
BHPZF7,20120523,1.53,1.53,1.53,1.53,5
BHPZG7,20120523,0,0,0,1.6,20
BHPZI7,20120523,2.14,2.14,2.14,2.14,100
BHPZJ7,20120523,0,0,0,1.8,50
BHPZK7,20120523,2.425,2.425,2.425,2.425,573
BHPZN7,20120523,0,0,0,2.815,10
BHPZO7,20120523,3.3,3.3,3.3,3.3,50
BHPZP7,20120523,0,0,0,1.045,100
BHPZQ7,20120523,.79,.79,.79,.79,754
BHPZR7,20120523,0,0,0,2.435,15
BHPZT7,20120523,.55,.55,.55,.55,130
BHPZX7,20120523,.33,.335,.33,.335,160
BLDDY8,20120523,.295,.295,.295,.295,175
BLDJC8,20120523,0,0,0,0,175
BLDTD7,20120523,.17,.17,.165,.165,20
BLDUS7,20120523,.43,.43,.405,.405,50
BSLBM8,20120523,.1,.1,.1,.1,150
BSLCH7,20120523,0,0,0,1.11,15
BSLE37,20120523,.04,.04,.04,.04,788
BSLE57,20120523,.035,.035,.035,.035,958
BSLEP7,20120523,.575,.575,.575,.575,400
BSLUX7,20120523,.455,.455,.455,.455,300
BSLUZ7,20120523,0,0,0,1.05,15
BXBV77,20120523,0,0,0,.97,100
BXBVC7,20120523,.11,.13,.11,.13,900
BXBVE7,20120523,.275,.275,.275,.275,30
BXBVH7,20120523,0,0,0,.33,298
BXBVJ7,20120523,.04,.04,.04,.04,220
BXBVK7,20120523,.68,.755,.68,.755,25
BXBXN7,20120523,0,0,0,0,100
BXBXV7,20120523,.035,.035,.035,.035,250
BXBXW7,20120523,.12,.12,.11,.11,260
BXBXY7,20120523,0,0,0,.185,298
BXBZW7,20120523,.065,.065,.065,.065,92
CBA29,20120523,.12,.14,.12,.14,1954
CBAB18,20120523,0,0,0,2.48,310
CBAB87,20120523,1,1,1,1,50
CBABF8,20120523,2.48,2.48,2.48,2.48,67
CBABI8,20120523,2.035,2.035,2.035,2.035,20
CBABJ8,20120523,1.53,1.63,1.53,1.63,52
CBABL8,20120523,.62,.645,.62,.645,105
CBABT8,20120523,0,0,0,1.945,100
CBABU7,20120523,.725,.725,.725,.725,640
CBABU8,20120523,.405,.485,.405,.44,880
CBABV8,20120523,0,0,0,2.36,20
CBAC38,20120523,0,0,0,0,20
CBAC58,20120523,.92,.98,.92,.98,240
CBAC68,20120523,1.28,1.285,1.21,1.21,391
CBAC78,20120523,1.34,1.34,1.34,1.34,131
CBAC88,20120523,.805,.81,.805,.81,69
CBAC98,20120523,0,0,0,1.655,260
CBACF8,20120523,.19,.225,.19,.21,585
CBACL8,20120523,.89,.9,.87,.87,455
CBACS8,20120523,.445,.475,.435,.465,1539
CBACT8,20120523,.81,.87,.81,.87,1660
CBAD38,20120523,.935,.945,.935,.935,200
CBAD68,20120523,.79,.79,.79,.79,122
CBADQ8,20120523,0,0,0,.3,100
CBADS8,20120523,.35,.35,.35,.35,10
CBADT8,20120523,.28,.28,.28,.28,53
CBADV8,20120523,0,0,0,1.54,50
CBADX8,20120523,0,0,0,.335,100
CBAE57,20120523,.995,.995,.995,.995,50
CBAF78,20120523,.91,.95,.91,.95,132
CBAF99,20120523,0,0,0,1.93,250
CBAFF9,20120523,1.025,1.17,1,1.16,940
CBAFG9,20120523,.57,.62,.57,.605,2066
CBAFH9,20120523,0,0,0,1.69,818
CBAFI9,20120523,49.465,49.465,49.455,49.455,39
CBAFL9,20120523,0,0,0,.15,150
CBAFT8,20120523,0,0,0,0,2820
CBAFU8,20120523,.09,.1,.09,.1,150
CBAFV8,20120523,0,0,0,.725,50
CBAFW7,20120523,.285,.285,.285,.285,1
CBAFZ8,20120523,.7,.735,.7,.735,400
CBAG88,20120523,5.61,5.61,5.61,5.61,10
CBAGO8,20120523,1.115,1.125,1.115,1.125,240
CBAGU9,20120523,1.765,1.88,1.75,1.88,513
CBAGX8,20120523,7.99,8.145,7.99,8.13,39
CBAGY8,20120523,0,0,0,0,200
CBAI98,20120523,.245,.245,.245,.245,1
CBAIG8,20120523,.915,.945,.915,.945,205
CBAIQ7,20120523,.72,.72,.61,.61,95
CBAIR7,20120523,.13,.205,.12,.2,4192
CBAIT7,20120523,.04,.045,.03,.04,1046
CBAIU7,20120523,0,0,0,3.14,10
CBAIU8,20120523,.24,.245,.235,.24,564
CBAIV7,20120523,.01,.01,.006,.006,1000
CBAIW7,20120523,0,0,0,0,50
CBAJ99,20120523,0,0,0,1.66,311
CBAJA9,20120523,1.9,2,1.9,2,390
CBAK57,20120523,.01,.01,.008,.01,525
CBAK67,20120523,1.55,1.55,1.55,1.55,3186
CBAK77,20120523,.125,.16,.075,.09,3080
CBAK87,20120523,.62,.7,.55,.64,535
CBAKV,20120523,1.425,1.47,1.425,1.47,350
CBAKW,20120523,1.05,1.11,1.05,1.075,455
CBAKX,20120523,.03,.03,.03,.03,1850
CBAKX7,20120523,.01,.01,.005,.005,950
CBAKY7,20120523,2.615,2.615,2.615,2.615,377
CBAKY8,20120523,0,0,0,1.75,630
CBALR8,20120523,.07,.085,.07,.08,1460
CBAMH8,20120523,.58,.58,.58,.58,143
CBANO7,20120523,.135,.135,.135,.135,1
CBANR7,20120523,.37,.37,.37,.37,1
CBAP87,20120523,0,0,0,1.51,130
CBAP97,20120523,1.06,1.08,1.06,1.08,150
CBAPL,20120523,1.16,1.16,1.135,1.155,290
CBAPW7,20120523,0,0,0,0,20
CBAPY7,20120523,.02,.02,.02,.02,160
CBAPY8,20120523,0,0,0,3.84,160
CBAPZ8,20120523,0,0,0,3.75,140
CBAQ27,20120523,.075,.08,.075,.08,1060
CBAQ37,20120523,.275,.4,.24,.4,1942
CBAQ47,20120523,.38,.43,.25,.25,287
CBAQ57,20120523,.04,.04,.02,.025,5105
CBAQ58,20120523,0,0,0,2.79,327
CBAQ67,20120523,.88,.95,.88,.95,3220
CBAQ68,20120523,.275,.33,.275,.3,1271
CBAQ77,20120523,1.805,1.805,1.805,1.805,63
CBAQ78,20120523,.05,.065,.045,.065,2345
CBAQ87,20120523,.005,.006,.005,.005,630
CBAQA7,20120523,0,0,0,2.75,20
CBAQC8,20120523,0,0,0,2.55,40
CBAQJ7,20120523,.73,.775,.73,.775,60
CBAQK9,20120523,0,0,0,7.9,50
CBAQL9,20120523,.34,.38,.34,.355,996
CBAQU7,20120523,1.8,1.8,1.8,1.8,10
CBAQY8,20120523,.92,.92,.92,.92,60
CBAR57,20120523,0,0,0,1.27,30
CBAR67,20120523,0,0,0,1.72,30
CBAR77,20120523,0,0,0,6.115,10
CBARX7,20120523,1.09,1.09,1.09,1.09,220
CBARY7,20120523,0,0,0,2.3,12
CBARZ7,20120523,1.57,1.67,1.55,1.555,273
CBAS17,20120523,1.9,1.92,1.855,1.92,95
CBAS37,20120523,1.1,1.2,1.1,1.2,315
CBAS38,20120523,.58,.62,.58,.58,115
CBAS57,20120523,1.4,1.57,1.4,1.57,1721
CBAS67,20120523,.66,.715,.66,.675,2160
CBASB7,20120523,.375,.375,.375,.375,204
CBASB8,20120523,.28,.28,.28,.28,1477
CBASJ7,20120523,.135,.135,.135,.135,20
CBASK7,20120523,0,0,0,1.37,2820
CBASQ9,20120523,0,0,0,3.125,750
CBASW7,20120523,4.14,4.27,4.115,4.27,870
CBASX7,20120523,2.6,2.6,2.6,2.6,50
CBAT59,20120523,2.52,2.52,2.48,2.48,68
CBATD9,20120523,1.05,1.05,1.05,1.05,13
CBATK9,20120523,2.16,2.16,2.16,2.16,30
CBATV8,20120523,0,0,0,.03,130
CBATY7,20120523,.45,.45,.45,.45,1
CBAU38,20120523,.72,.72,.72,.72,150
CBAUN7,20120523,.72,.78,.72,.78,45
CBAUQ7,20120523,0,0,0,.98,1816
CBAUS8,20120523,0,0,0,.965,30
CBAUT8,20120523,0,0,0,1.34,130
CBAUU7,20120523,3.28,3.4,3.28,3.4,110
CBAVG9,20120523,.215,.275,.215,.275,112
CBAVV7,20120523,.36,.375,.36,.36,140
CBAWD7,20120523,1.275,1.37,1.275,1.37,190
CBAWI7,20120523,2.65,2.69,2.65,2.67,300
CBAWJ7,20120523,1.82,1.82,1.82,1.82,120
CBAWK7,20120523,0,0,0,3.35,311
CBAWL7,20120523,.86,.89,.86,.89,40
CBAWT9,20120523,.155,.18,.155,.18,1077
CBAWV7,20120523,.08,.09,.08,.09,446
CBAWW7,20120523,.04,.045,.04,.045,1290
CBAX17,20120523,0,0,0,.015,350
CBAX37,20120523,.66,.75,.65,.75,902
CBAX47,20120523,0,0,0,0,10
CBAXA9,20120523,.97,.97,.97,.97,20
CBAXF7,20120523,1.47,1.47,1.47,1.47,20
CBAXI7,20120523,.185,.185,.185,.185,1
CBAXL7,20120523,.155,.155,.155,.155,1
CBAXM7,20120523,.13,.13,.13,.13,1
CBAXT9,20120523,2.57,2.57,2.57,2.57,90
CBAY17,20120523,.58,.58,.57,.57,325
CBAY67,20120523,.37,.39,.37,.39,32
CBAYA7,20120523,.235,.27,.235,.27,555
CBAYB9,20120523,0,0,0,.075,130
CBAYE7,20120523,.2,.2,.2,.2,350
CBAYH7,20120523,.155,.155,.155,.155,100
CBAYJ7,20120523,1.32,1.4,1.32,1.4,29
CBAYK7,20120523,1.01,1.01,1.01,1.01,200
CBAYN7,20120523,.91,.91,.91,.91,15
CBAYU9,20120523,2.865,2.865,2.85,2.85,100
CBAYW7,20120523,.375,.375,.37,.37,115
CBAZ27,20120523,.11,.11,.11,.11,105
CBAZ37,20120523,.57,.7,.555,.7,30
CBAZ57,20120523,0,0,0,.01,200
CBAZ87,20120523,.215,.22,.21,.215,494
CBAZB7,20120523,.12,.12,.12,.12,100
CBAZG7,20120523,.33,.33,.315,.315,120
CBAZI7,20120523,0,0,0,.77,40
CBAZL7,20120523,.345,.36,.345,.36,234
CBAZQ7,20120523,0,0,0,.13,20
CBAZR7,20120523,0,0,0,.07,350
CBAZS7,20120523,0,0,0,1.54,100
CBAZV9,20120523,.68,.68,.68,.68,15
CCLK67,20120523,.4,.4,.38,.38,483
CCLK77,20120523,0,0,0,.17,205
CCLKB7,20120523,0,0,0,.055,80
CCLKJ7,20120523,.175,.18,.155,.155,255
CCLKK7,20120523,.395,.395,.395,.395,225
CCLN77,20120523,0,0,0,0,220
CCLQ37,20120523,0,0,0,.33,400
CCLQ47,20120523,0,0,0,.53,400
CCLSC7,20120523,.002,.003,.001,.003,330
CCLSD7,20120523,0,0,0,.29,220
CCLSE7,20120523,.21,.25,.21,.25,673
CCLSF7,20120523,.001,.001,.001,.001,290
CCLT47,20120523,0,0,0,.23,222
CCLT67,20120523,0,0,0,.18,222
CCLTQ7,20120523,.325,.325,.325,.325,30
CCLUA7,20120523,0,0,0,.15,296
CCLVC7,20120523,0,0,0,.665,100
CCLVF7,20120523,.055,.055,.041,.041,425
CCLVG7,20120523,.001,.001,.001,.001,215
CCLVR7,20120523,.63,.63,.63,.63,10
CCLVS7,20120523,0,0,0,.29,220
CCLXZ7,20120523,0,0,0,0,296
CPUM88,20120523,.035,.035,.035,.035,40
CPUMD8,20120523,0,0,0,.43,250
CPUME8,20120523,0,0,0,.1,70
CPUNS8,20120523,.33,.33,.31,.31,102
CPUQH8,20120523,.505,.505,.49,.49,61
CPUTT8,20120523,.27,.27,.27,.27,180
CPUTY8,20120523,0,0,0,.65,70
CPUVT8,20120523,.43,.43,.43,.43,270
CPUWP8,20120523,.6,.6,.6,.6,100
CPUX18,20120523,.385,.385,.385,.385,56
CPUXB8,20120523,.585,.585,.585,.585,21
CSLBW8,20120523,1.6,1.6,1.6,1.6,5
CSLBY7,20120523,0,0,0,4.56,10
CSLCQ7,20120523,0,0,0,1.17,200
CSLCV7,20120523,0,0,0,3.01,10
CSLCX7,20120523,3.3,3.3,3.3,3.3,50
CSLD97,20120523,0,0,0,.7,150
CSLDN7,20120523,0,0,0,1.725,150
CSLEN7,20120523,0,0,0,1.47,10
CSLGX7,20120523,1.795,1.795,1.795,1.795,5
CSLI87,20120523,3.6,3.6,3.6,3.6,150
CSLI89,20120523,0,0,0,3.7,10
CSLIG7,20120523,3.1,3.1,3.1,3.1,293
CSLIH7,20120523,0,0,0,0,200
CSLIT7,20120523,0,0,0,0,10
CSLIU7,20120523,.45,.45,.45,.45,5
CSLJ97,20120523,2.09,2.6,2.09,2.6,106
CSLJA7,20120523,.01,.01,.01,.01,80
CSLJB7,20120523,.035,.035,.035,.035,98
CSLJF7,20120523,2.22,2.23,2.22,2.23,170
CSLJX7,20120523,1.25,1.25,1.25,1.25,50
CSLJY7,20120523,.045,.045,.045,.045,29
CSLJZ7,20120523,0,0,0,.53,1060
CSLK17,20120523,.085,.09,.085,.09,175
CSLK27,20120523,.195,.195,.18,.18,120
CSLK77,20120523,0,0,0,1.74,22
CSLK87,20120523,0,0,0,1.705,1050
CSLKB7,20120523,0,0,0,1.165,10
CSLKC7,20120523,0,0,0,2.94,153
CSLKF7,20120523,0,0,0,1.005,100
CSLKK7,20120523,1.55,1.65,1.55,1.65,65
CSLKL7,20120523,1.27,1.27,1.27,1.27,10
CSLKO9,20120523,.32,.32,.32,.32,25
CSLLR7,20120523,0,0,0,5.75,23
CSLM27,20120523,0,0,0,0,23
CSLM97,20120523,.155,.155,.155,.155,240
CSLMD7,20120523,0,0,0,1.345,20
CSLN97,20120523,1,1,1,1,5
CSLNL7,20120523,1.76,1.76,1.76,1.76,20
CSLNS7,20120523,0,0,0,.555,900
CSLNZ7,20120523,.775,.82,.775,.82,70
CSLP17,20120523,1.43,1.43,1.43,1.43,20
CSLPK7,20120523,2.75,2.75,2.75,2.75,40
CSLPN7,20120523,3.2,3.2,3.2,3.2,50
CSLPS7,20120523,0,0,0,2.32,22
CSLPV7,20120523,.05,.065,.05,.065,50
CSLPW7,20120523,0,0,0,.055,275
CSLQN7,20120523,0,0,0,.07,75
CSLQZ7,20120523,1.22,1.22,1.2,1.2,10
CSLR47,20120523,0,0,0,.975,100
CSLSG7,20120523,1.4,1.4,1.4,1.4,5
CSLSQ7,20120523,1.5,1.5,1.5,1.5,5
CSLU58,20120523,2.465,2.465,2.465,2.465,22
CSLUU7,20120523,0,0,0,.09,100
CSLXU9,20120523,1.01,1.01,1.01,1.01,320
CSRIZ7,20120523,.23,.23,.22,.22,1250
CSRLI,20120523,4.56,4.56,4.56,4.56,312
DJSFT9,20120523,0,0,0,.075,300
DJSKF9,20120523,0,0,0,.075,300
EGPJC8,20120523,.12,.125,.12,.125,599
EGPL28,20120523,0,0,0,.115,120
EGPM18,20120523,0,0,0,0,120
EGPR87,20120523,.075,.075,.075,.075,1000
FMGB28,20120523,.725,.725,.725,.725,300
FMGB38,20120523,.86,.86,.86,.86,100
FMGB48,20120523,.5,.5,.5,.5,20
FMGB58,20120523,.07,.08,.07,.07,1100
FMGB68,20120523,0,0,0,.65,140
FMGB88,20120523,.035,.045,.035,.045,646
FMGBF8,20120523,1.15,1.15,1.15,1.15,500
FMGBI8,20120523,.01,.01,.01,.01,20
FMGBO8,20120523,.31,.315,.31,.315,400
FMGE49,20120523,0,0,0,.46,63
FMGE79,20120523,0,0,0,0,40
FMGEO9,20120523,.29,.29,.29,.29,150
FMGES9,20120523,0,0,0,.51,20
FMGEX9,20120523,.105,.105,.105,.105,400
FMGF39,20120523,0,0,0,0,33
FMGFH9,20120523,.525,.525,.525,.525,150
FMGFO9,20120523,.23,.23,.22,.22,50
FMGG48,20120523,.12,.135,.12,.13,410
FMGG58,20120523,.455,.515,.455,.515,450
FMGG59,20120523,.325,.325,.325,.325,10
FMGG79,20120523,0,0,0,.325,200
FMGGL9,20120523,.59,.62,.59,.61,954
FMGKJ8,20120523,.23,.24,.215,.24,480
FMGKK8,20120523,.375,.375,.35,.35,510
FMGM28,20120523,.14,.155,.14,.155,430
FMGM68,20120523,.45,.45,.45,.45,50
FMGMA8,20120523,.695,.725,.695,.725,946
FMGQ98,20120523,0,0,0,.055,200
FMGQA8,20120523,.1,.11,.1,.11,160
FMGQC8,20120523,.365,.38,.355,.355,250
FMGQD8,20120523,.25,.255,.215,.215,930
FMGSB8,20120523,.195,.195,.195,.195,150
FMGTL8,20120523,.13,.13,.125,.125,110
FMGTM8,20120523,.05,.055,.05,.05,1258
FMGTQ8,20120523,0,0,0,.22,100
FMGTT8,20120523,.045,.045,.045,.045,227
FMGTU8,20120523,.115,.115,.115,.115,174
FMGU18,20120523,.001,.001,.001,.001,30
FMGU28,20120523,0,0,0,.43,140
FMGV18,20120523,0,0,0,.805,1833
FMGVG8,20120523,0,0,0,.52,30
FMGVJ8,20120523,1.87,1.87,1.87,1.87,90
FMGWB8,20120523,0,0,0,.295,200
FMGX48,20120523,1.1,1.175,1.1,1.175,679
FMGX78,20120523,.3,.3,.3,.3,100
FMGXB8,20120523,.225,.225,.225,.225,70
FMGXH8,20120523,.305,.305,.305,.305,200
FMGXM8,20120523,.23,.23,.23,.23,100
FMGXN8,20120523,0,0,0,.5,200
FMGXP8,20120523,.13,.13,.13,.13,200
FMGXQ8,20120523,.52,.52,.52,.52,180
FMGXW8,20120523,1.38,1.38,1.38,1.38,870
FMGYL7,20120523,.6,.61,.6,.61,150
FMGYP7,20120523,.4,.4,.4,.4,350
FMGZ28,20120523,.009,.009,.009,.009,180
FMGZE8,20120523,.66,.66,.66,.66,80
FMGZI8,20120523,0,0,0,.555,1842
FMGZV7,20120523,1.38,1.38,1.38,1.38,50
FXJWS7,20120523,.075,.075,.075,.075,150
GPTDM8,20120523,.065,.065,.065,.065,30
HVNB18,20120523,.05,.06,.05,.06,700
HVNSH8,20120523,0,0,0,.065,100
HVNUJ8,20120523,0,0,0,0,100
IAGBU7,20120523,0,0,0,.05,20
IAGE37,20120523,.325,.325,.325,.325,10
IAGE47,20120523,0,0,0,.4,350
IAGE87,20120523,.11,.11,.11,.11,10
IAGEY7,20120523,0,0,0,0,20
IAGS47,20120523,0,0,0,0,350
IAGSL7,20120523,0,0,0,0,1000
IAGUL7,20120523,0,0,0,.09,200
IAGV87,20120523,0,0,0,0,1200
IAGZI7,20120523,.115,.12,.115,.12,70
IFLEU8,20120523,.03,.03,.03,.03,64
IFLMK8,20120523,.185,.185,.185,.185,87
ILUB48,20120523,3.75,3.75,3.75,3.75,155
ILUFP8,20120523,2.335,2.35,2.335,2.35,72
ILUG98,20120523,0,0,0,1.345,210
ILUGN7,20120523,.45,.45,.45,.45,20
ILUGQ7,20120523,.365,.365,.365,.365,320
ILUGR7,20120523,.34,.34,.34,.34,30
ILUGU7,20120523,.24,.24,.24,.24,140
ILUI68,20120523,.69,.69,.69,.69,25
ILUKQ8,20120523,.38,.38,.38,.38,130
ILUKT8,20120523,.765,.765,.765,.765,12
ILUKU8,20120523,.89,.89,.89,.89,10
ILULU7,20120523,.7,.7,.7,.7,275
ILUM88,20120523,.91,.91,.91,.91,30
ILUMJ8,20120523,0,0,0,0,210
ILUNR8,20120523,.36,.38,.36,.38,200
ILUNV8,20120523,0,0,0,0,20
ILUPM7,20120523,.295,.295,.285,.285,315
ILUPR7,20120523,1.035,1.035,1.035,1.035,15
ILUPT7,20120523,.53,.53,.53,.53,10
ILUPU7,20120523,.66,.66,.66,.66,150
ILURI7,20120523,.81,.85,.81,.85,30
ILUVE7,20120523,.035,.035,.035,.035,36
ILUZR7,20120523,0,0,0,2.47,2
ILUZX7,20120523,.115,.115,.115,.115,30
IPLB78,20120523,.03,.03,.03,.03,100
IPLB88,20120523,.3,.3,.3,.3,350
IPLF38,20120523,.18,.18,.18,.18,12740
IPLF48,20120523,.155,.155,.155,.155,100
IPLFH8,20120523,0,0,0,0,148
IPLFR8,20120523,.205,.205,.205,.205,200
IPLJK8,20120523,.175,.175,.175,.175,4947
IPLJM8,20120523,.48,.485,.48,.485,289
IPLJO8,20120523,.285,.285,.285,.285,750
IPLJS8,20120523,.02,.02,.02,.02,500
IPLJT8,20120523,0,0,0,.035,9600
IPLJW8,20120523,.04,.04,.04,.04,174
IPLJX8,20120523,.025,.025,.025,.025,100
IPLK98,20120523,.09,.09,.09,.09,125
IPLKA8,20120523,0,0,0,.18,100
IPLL78,20120523,.055,.055,.055,.055,350
IPLLI8,20120523,0,0,0,0,150
IPLMK8,20120523,0,0,0,.17,400
IPLMS8,20120523,0,0,0,.4,500
IPLMU8,20120523,0,0,0,.275,100
IPLMV8,20120523,0,0,0,.075,500
IPLPO8,20120523,.12,.12,.12,.12,171
IPLPQ8,20120523,.215,.215,.205,.205,515
IPLPV8,20120523,.13,.13,.13,.13,200
IPLTB7,20120523,.43,.43,.43,.43,50
IPLWE7,20120523,.105,.105,.105,.105,960
IPLWF7,20120523,.19,.19,.17,.17,248
IPLWH7,20120523,.24,.24,.24,.24,7400
IPLZ27,20120523,0,0,0,.025,148
JHXJ77,20120523,.13,.15,.13,.15,150
JHXJ87,20120523,.035,.035,.035,.035,30
JHXJ97,20120523,0,0,0,.17,60
JHXMA7,20120523,0,0,0,0,60
JHXMH7,20120523,.11,.11,.11,.11,100
LEIDP8,20120523,0,0,0,.42,40
LEIE38,20120523,.19,.19,.19,.19,50
LEIF37,20120523,0,0,0,.56,25
LEIF47,20120523,0,0,0,1.09,10
LEIFZ8,20120523,0,0,0,.73,275
LEII68,20120523,0,0,0,0,275
LEII98,20120523,1.61,1.61,1.61,1.61,65
LEIIF8,20120523,1.86,1.955,1.86,1.955,108
LEIIS8,20120523,2.01,2.01,1.97,2,110
LEIJ28,20120523,0,0,0,.775,40
LEIJC8,20120523,0,0,0,0,140
LEIJT8,20120523,.175,.175,.175,.175,30
LEIL48,20120523,0,0,0,0,45
LEIL88,20120523,0,0,0,0,45
LEILJ8,20120523,0,0,0,0,10
LEILQ8,20120523,1.19,1.19,1.19,1.19,25
LEILR8,20120523,1.395,1.395,1.395,1.395,60
LEIM97,20120523,0,0,0,.25,25
LEIMC7,20120523,0,0,0,.56,10
LEIMD7,20120523,.54,.57,.53,.53,135
LEIMD8,20120523,0,0,0,0,32
LEIMI7,20120523,.64,.64,.515,.515,70
LEIWD7,20120523,.245,.245,.245,.245,23
LEIX47,20120523,0,0,0,12.7,140
LEIYB7,20120523,0,0,0,12.88,32
LEIYU7,20120523,.515,.515,.5,.5,65
LEIZD7,20120523,0,0,0,.225,45
LLCDV7,20120523,.17,.17,.17,.17,160
LLCII7,20120523,2.245,2.245,2.245,2.245,40
LLCJ67,20120523,0,0,0,.05,100
LLCJC7,20120523,.015,.015,.015,.015,58
LLCRK7,20120523,.325,.325,.325,.325,58
MQGB28,20120523,1.06,1.065,1.06,1.065,30
MQGB47,20120523,0,0,0,1.59,10
MQGB48,20120523,.12,.12,.12,.12,20
MQGBZ7,20120523,0,0,0,3.63,10
MQGCK8,20120523,0,0,0,0,27
MQGCN8,20120523,.18,.18,.18,.18,4
MQGE57,20120523,3.1,3.1,3.1,3.1,33
MQGE67,20120523,2.715,2.715,2.715,2.715,30
MQGEV9,20120523,.085,.085,.085,.085,4
MQGF39,20120523,0,0,0,3.62,10
MQGIJ9,20120523,0,0,0,1.06,30
MQGJM8,20120523,0,0,0,2.15,10
MQGJM9,20120523,.5,.55,.5,.55,40
MQGJN9,20120523,2.03,2.03,2.03,2.03,70
MQGJU9,20120523,0,0,0,2.76,10
MQGMV8,20120523,12,12,12,12,24
MQGNK9,20120523,0,0,0,.85,100
MQGNL9,20120523,0,0,0,1.43,145
MQGNP7,20120523,.62,.62,.62,.62,20
MQGNQ7,20120523,.145,.145,.145,.145,376
MQGNU7,20120523,0,0,0,.37,250
MQGNV7,20120523,.25,.25,.23,.23,514
MQGNW7,20120523,0,0,0,.36,61
MQGNY9,20120523,1.23,1.23,1.17,1.17,28
MQGNZ7,20120523,0,0,0,0,27
MQGNZ9,20120523,1.17,1.175,1.17,1.175,758
MQGP37,20120523,11.08,11.08,11.08,11.08,11
MQGP77,20120523,13.07,13.08,13.07,13.08,13
MQGQ88,20120523,0,0,0,0,100
MQGQM7,20120523,0,0,0,.905,100
MQGQO8,20120523,.52,.52,.52,.52,20
MQGQS8,20120523,.3,.3,.3,.3,20
MQGQW9,20120523,0,0,0,1.93,10
MQGQY9,20120523,1.83,1.835,1.83,1.83,97
MQGQZ8,20120523,3.29,3.29,3.26,3.26,75
MQGQZ9,20120523,.8,.83,.785,.785,230
MQGR18,20120523,3.385,3.385,3.385,3.385,3
MQGRH9,20120523,.51,.55,.51,.55,130
MQGRI8,20120523,0,0,0,0,250
MQGRT8,20120523,.89,.89,.89,.89,20
MQGRY7,20120523,1,1,1,1,50
MQGSE7,20120523,0,0,0,1.375,30
MQGSG7,20120523,.835,.835,.835,.835,40
MQGSI7,20120523,1.54,1.54,1.54,1.54,20
MQGSK7,20120523,.815,.815,.815,.815,10
MQGSL7,20120523,1.8,1.8,1.8,1.8,20
MQGT37,20120523,1.15,1.15,1.12,1.12,922
MQGT67,20120523,1.58,1.58,1.58,1.58,365
MQGT77,20120523,2.02,2.09,2.02,2.09,74
MQGT87,20120523,0,0,0,.08,265
MQGT97,20120523,.13,.13,.09,.09,70
MQGTA7,20120523,.58,.58,.58,.58,415
MQGTW7,20120523,1.2,1.2,1.2,1.2,30
MQGU27,20120523,1.05,1.05,1.05,1.05,5
MQGU37,20120523,0,0,0,2.2,280
MQGU47,20120523,0,0,0,2.5,21
MQGU57,20120523,0,0,0,1.85,21
MQGU97,20120523,0,0,0,2.08,30
MQGV79,20120523,.28,.29,.26,.26,220
MQGVR7,20120523,.58,.58,.58,.58,5
MQGXF8,20120523,0,0,0,1.63,15
MQGXH8,20120523,.36,.36,.36,.36,30
MQGY99,20120523,.12,.12,.12,.12,63
MQGZ38,20120523,2.815,2.815,2.815,2.815,20
MQGZ97,20120523,.715,.715,.715,.715,20
MYRCZ8,20120523,.12,.12,.12,.12,50
MYRF58,20120523,.355,.375,.355,.375,130
MYRFS8,20120523,.065,.065,.065,.065,500
MYRNL8,20120523,.05,.05,.05,.05,40
MYRPX8,20120523,.125,.125,.125,.125,50
MYRPY8,20120523,0,0,0,.445,450
MYRQK8,20120523,.08,.08,.08,.08,250
MYRQL8,20120523,0,0,0,0,150
MYRRI8,20120523,0,0,0,0,100
MYRTK7,20120523,.03,.03,.03,.03,500
MYRTO7,20120523,.095,.095,.095,.095,700
MYRTP7,20120523,0,0,0,.08,500
MYRTR7,20120523,0,0,0,0,450
MYRTS7,20120523,0,0,0,.08,200
MYRYJ7,20120523,.035,.035,.035,.035,256
MYRYN7,20120523,.05,.05,.05,.05,1040
NABB59,20120523,1.325,1.325,1.325,1.325,60
NABB78,20120523,0,0,0,.675,200
NABB88,20120523,.375,.4,.36,.38,534
NABB98,20120523,.21,.21,.205,.205,505
NABBH8,20120523,.11,.11,.11,.11,70
NABBK8,20120523,.365,.365,.365,.365,100
NABBM9,20120523,.315,.315,.315,.315,99
NABBW9,20120523,0,0,0,0,530
NABBZ9,20120523,0,0,0,0,500
NABCG9,20120523,0,0,0,3.02,614
NABCK9,20120523,0,0,0,2.35,120
NABG17,20120523,0,0,0,.71,50
NABIQ7,20120523,0,0,0,2.395,120
NABIS7,20120523,0,0,0,.91,190
NABJF8,20120523,0,0,0,.425,300
NABJH8,20120523,.62,.62,.58,.6,385
NABJI8,20120523,0,0,0,.265,245
NABK78,20120523,.05,.05,.05,.05,200
NABKA8,20120523,0,0,0,2.12,100
NABKB8,20120523,.01,.01,.01,.01,200
NABKF8,20120523,.32,.34,.245,.33,434
NABKG8,20120523,.13,.17,.115,.12,935
NABKH8,20120523,.07,.09,.05,.05,3244
NABKI8,20120523,.375,.395,.33,.395,690
NABKJ8,20120523,.015,.015,.01,.01,1850
NABKK8,20120523,.815,.82,.76,.76,1163
NABKL8,20120523,.007,.01,.007,.01,105
NABKM8,20120523,0,0,0,1.42,111
NABKV8,20120523,0,0,0,.01,50
NABKW8,20120523,1.82,1.82,1.82,1.82,70
NABLM8,20120523,0,0,0,.18,300
NABLO8,20120523,.06,.06,.06,.06,20
NABLP8,20120523,.4,.4,.395,.395,407
NABM8,20120523,0,0,0,3.045,30
NABMW8,20120523,.46,.46,.46,.46,150
NABMX8,20120523,.765,.83,.765,.8,916
NABMZ8,20120523,.245,.28,.24,.28,816
NABMZ9,20120523,1.685,1.685,1.685,1.685,240
NABN18,20120523,0,0,0,1.2,400
NABN38,20120523,.06,.06,.06,.06,411
NABN48,20120523,0,0,0,.02,100
NABN58,20120523,0,0,0,2.57,594
NABN68,20120523,0,0,0,4.125,30
NABN98,20120523,0,0,0,4.665,100
NABP58,20120523,1.01,1.025,1.01,1.025,160
NABP68,20120523,.39,.435,.39,.435,1390
NABP88,20120523,.225,.295,.225,.295,200
NABPK8,20120523,.615,.66,.615,.66,210
NABPN8,20120523,.84,.84,.82,.82,300
NABPR8,20120523,0,0,0,.185,15
NABPT8,20120523,0,0,0,.095,50
NABPU8,20120523,0,0,0,0,10
NABPX8,20120523,0,0,0,.425,245
NABQ18,20120523,0,0,0,.865,500
NABQ28,20120523,1.92,1.92,1.92,1.92,110
NABQ98,20120523,0,0,0,4.22,10
NABQI8,20120523,0,0,0,.625,90
NABQQ7,20120523,2.8,2.8,2.8,2.8,20
NABQX8,20120523,0,0,0,.695,250
NABR2,20120523,1.71,1.71,1.71,1.71,20
NABR6,20120523,1.19,1.19,1.19,1.19,80
NABRK8,20120523,2.19,2.25,2.19,2.25,90
NABSK8,20120523,.54,.54,.535,.535,120
NABSM8,20120523,0,0,0,0,1030
NABSR8,20120523,.66,.72,.66,.72,54
NABST8,20120523,.87,.87,.87,.87,70
NABT78,20120523,.5,.5,.5,.5,165
NABTT8,20120523,0,0,0,.86,10
NABTV8,20120523,.26,.26,.26,.26,40
NABTW8,20120523,0,0,0,.195,700
NABTX8,20120523,.93,.93,.93,.93,100
NABTY8,20120523,0,0,0,.495,300
NABU48,20120523,.235,.235,.235,.235,245
NABU98,20120523,.27,.27,.27,.27,50
NABUA8,20120523,0,0,0,.35,39
NABVV7,20120523,1.16,1.16,1.16,1.16,40
NABVZ7,20120523,2.55,2.55,2.55,2.55,40
NABW38,20120523,1.28,1.28,1.28,1.28,100
NABW48,20120523,0,0,0,.63,300
NABW58,20120523,0,0,0,.45,415
NABW68,20120523,0,0,0,0,80
NABW78,20120523,0,0,0,.51,25
NABWF8,20120523,0,0,0,.33,80
NABWN8,20120523,.155,.155,.155,.155,55
NABXQ8,20120523,1.03,1.06,1.03,1.06,90
NABXY8,20120523,0,0,0,0,109
NABY27,20120523,1.4,1.4,1.4,1.4,10
NABY37,20120523,0,0,0,0,10
NABY99,20120523,0,0,0,1.99,200
NABYA9,20120523,0,0,0,.49,500
NABYD9,20120523,1.01,1.11,1.01,1.02,335
NABYE9,20120523,.52,.535,.46,.535,164
NABYF9,20120523,.105,.135,.105,.135,301
NABYG9,20120523,0,0,0,1.505,160
NABYL7,20120523,0,0,0,1.52,20
NABZ18,20120523,0,0,0,1.55,50
NABZ28,20120523,.84,.84,.84,.84,33
NABZ38,20120523,.955,.955,.955,.955,370
NABZP7,20120523,0,0,0,2.405,100
NABZQ7,20120523,0,0,0,.07,150
NABZT7,20120523,.845,.845,.845,.845,25
NABZV7,20120523,0,0,0,.67,25
NCMB18,20120523,8.89,8.95,8.89,8.95,3
NCMB37,20120523,.185,.195,.185,.195,42
NCMB49,20120523,2.485,2.485,2.48,2.48,47
NCMB58,20120523,14.1,14.1,14.1,14.1,185
NCMB67,20120523,.38,.38,.38,.38,21
NCMB79,20120523,4.65,4.66,4.65,4.66,310
NCMB99,20120523,.535,.535,.535,.535,40
NCMBG9,20120523,2.4,2.4,2.35,2.35,160
NCMBH9,20120523,.45,.45,.45,.45,100
NCMBJ9,20120523,2.76,2.76,2.76,2.76,20
NCMBZ9,20120523,.1,.11,.1,.11,760
NCMC19,20120523,.73,.73,.73,.73,100
NCMC39,20120523,.02,.02,.02,.02,320
NCMC79,20120523,.01,.01,.01,.01,50
NCMCF9,20120523,1.3,1.3,1.3,1.3,200
NCMCM9,20120523,0,0,0,6.74,20
NCMCT9,20120523,7.15,7.15,7.15,7.15,10
NCMDV9,20120523,0,0,0,1.42,2255
NCMDW9,20120523,0,0,0,2.05,1905
NCMDX9,20120523,.68,.73,.68,.73,63
NCME19,20120523,0,0,0,.145,100
NCME38,20120523,.07,.07,.07,.07,2
NCME39,20120523,.155,.155,.155,.155,330
NCME49,20120523,0,0,0,1.2,100
NCME69,20120523,.06,.06,.06,.06,50
NCMEL9,20120523,2.18,2.18,2.18,2.18,20
NCMEW7,20120523,.675,.68,.655,.655,685
NCMEX7,20120523,1.11,1.11,1.11,1.11,2
NCMEY9,20120523,3.055,3.055,3.055,3.055,120
NCMF17,20120523,1.94,1.95,1.885,1.91,667
NCMF19,20120523,.95,.95,.95,.95,60
NCMF79,20120523,.76,.76,.76,.76,10
NCMFG9,20120523,0,0,0,0,110
NCMFJ9,20120523,0,0,0,4.375,35
NCMFQ8,20120523,12.05,12.05,12.05,12.05,2
NCMFT9,20120523,0,0,0,.415,510
NCMFU9,20120523,.49,.5,.48,.5,700
NCMG28,20120523,0,0,0,5.65,20
NCMG49,20120523,0,0,0,.855,50
NCMG59,20120523,1.05,1.05,.995,1.015,510
NCMGW9,20120523,.45,.475,.435,.475,990
NCMGX9,20120523,.55,.55,.53,.53,365
NCMGZ7,20120523,1.43,1.44,1.43,1.44,60
NCMI39,20120523,.315,.32,.315,.32,44
NCMI47,20120523,0,0,0,2.45,2000
NCMI57,20120523,2.855,2.855,2.855,2.855,11
NCMI67,20120523,0,0,0,1.56,2000
NCMI77,20120523,3.745,3.745,3.745,3.745,22
NCMIH9,20120523,.585,.585,.585,.585,32
NCMIL8,20120523,5.33,5.36,5.14,5.14,161
NCMIM8,20120523,6.39,6.46,6.32,6.36,130
NCMIP8,20120523,7.3,7.3,7.18,7.18,210
NCMIQ8,20120523,8.195,8.195,8.195,8.195,46
NCMIR9,20120523,.77,.775,.77,.775,200
NCMIU8,20120523,4.25,4.25,4.25,4.25,185
NCMIW8,20120523,1.8,1.8,1.65,1.65,1720
NCMIZ8,20120523,2.3,2.3,2.05,2.18,348
NCMJ18,20120523,2.77,2.77,2.725,2.725,1948
NCMJ48,20120523,3.04,3.17,3.04,3.17,123
NCMJ58,20120523,0,0,0,3.52,289
NCMJB8,20120523,8.75,8.75,8.75,8.75,260
NCMJB9,20120523,4.16,4.16,4.16,4.16,80
NCMJE9,20120523,0,0,0,0,41
NCMJF9,20120523,0,0,0,4.57,41
NCMJJ9,20120523,5.44,5.44,5.44,5.44,10
NCMJQ8,20120523,.3,.3,.3,.3,16
NCMK59,20120523,14.3,14.3,14.3,14.3,185
NCMKA7,20120523,2.93,2.93,2.93,2.93,148
NCMKF8,20120523,.735,.74,.73,.73,139
NCMKH8,20120523,4.1,4.1,4.1,4.1,80
NCMKL9,20120523,6.75,6.75,6.75,6.75,10
NCMKW8,20120523,.16,.16,.16,.16,60
NCMLF9,20120523,0,0,0,0,200
NCMLG9,20120523,2.3,2.3,2.3,2.3,60
NCMLI9,20120523,0,0,0,0,100
NCMLK9,20120523,0,0,0,0,28
NCMLM8,20120523,4.435,4.435,4.2,4.2,345
NCMLN8,20120523,4.93,4.93,4.93,4.93,13
NCMLQ8,20120523,0,0,0,3.99,160
NCMLX8,20120523,.65,.74,.65,.74,102
NCMLY8,20120523,.515,.515,.515,.515,10
NCMM18,20120523,0,0,0,3.19,48
NCMM28,20120523,.48,.48,.48,.48,80
NCMM48,20120523,0,0,0,4.52,100
NCMMD8,20120523,2.92,2.92,2.635,2.635,194
NCMME8,20120523,0,0,0,1.9,1315
NCMN18,20120523,.5,.65,.5,.605,241
NCMN28,20120523,2.1,2.1,2.1,2.1,1564
NCMN48,20120523,.38,.45,.38,.45,439
NCMN58,20120523,.3,.33,.275,.33,782
NCMN68,20120523,2.84,2.84,2.84,2.84,1849
NCMN78,20120523,0,0,0,2.97,150
NCMN98,20120523,0,0,0,.225,50
NCMNK8,20120523,0,0,0,3.43,100
NCMNY8,20120523,0,0,0,2.38,20
NCMP38,20120523,4.28,4.28,4.28,4.28,10
NCMP98,20120523,8.6,8.6,8.6,8.6,20
NCMPL8,20120523,6.38,6.38,6.38,6.38,20
NCMPQ8,20120523,0,0,0,.88,392
NCMPR8,20120523,.03,.03,.025,.025,643
NCMPS8,20120523,.06,.075,.055,.06,599
NCMPT8,20120523,.89,.89,.66,.66,339
NCMPU8,20120523,.44,.44,.35,.35,955
NCMPV8,20120523,.14,.17,.14,.17,600
NCMPW8,20120523,.43,.57,.4,.445,314
NCMPX8,20120523,.24,.26,.135,.135,693
NCMPY8,20120523,0,0,0,1.545,50
NCMPZ8,20120523,.665,.665,.64,.64,510
NCMQ18,20120523,.875,1.05,.875,1,489
NCMQ28,20120523,1.45,1.49,1.38,1.45,166
NCMQ38,20120523,1.205,1.29,1.205,1.26,655
NCMQ48,20120523,1.11,1.18,1.11,1.18,482
NCMQ58,20120523,1.35,1.35,1.35,1.35,20
NCMQ68,20120523,.99,.99,.99,.99,164
NCMQ78,20120523,0,0,0,.88,300
NCMQ88,20120523,1.705,1.75,1.705,1.75,350
NCMQ98,20120523,1.2,1.2,1.2,1.2,450
NCMQA8,20120523,2,2,2,2,10
NCMQC8,20120523,.84,.84,.815,.815,3255
NCMQD8,20120523,.65,.65,.57,.57,60
NCMQG8,20120523,3.82,3.82,3.61,3.61,50
NCMQM7,20120523,.14,.14,.14,.14,60
NCMQT8,20120523,0,0,0,0,50
NCMQX8,20120523,1.95,1.95,1.95,1.95,12
NCMR97,20120523,.345,.345,.345,.345,400
NCMRI8,20120523,0,0,0,6.17,20
NCMRO8,20120523,.29,.29,.29,.29,100
NCMT18,20120523,.73,.73,.73,.73,30
NCMTE7,20120523,8.46,8.46,8.46,8.46,3
NCMTL8,20120523,14.805,14.805,14.805,14.805,2
NCMV97,20120523,11.82,11.82,11.82,11.82,3
NCMVE7,20120523,13.31,13.35,13.31,13.34,9
NCMWF8,20120523,9.18,9.19,9.18,9.19,290
NCMWK8,20120523,9.06,9.06,9.06,9.06,30
NCMX18,20120523,1.12,1.12,1.12,1.12,35
NCMXI8,20120523,6.72,6.72,6.72,6.72,64
NCMXQ8,20120523,0,0,0,5.4,135
NCMXS8,20120523,4.7,4.7,4.7,4.7,119
NCMY98,20120523,0,0,0,0,16
NCMYM8,20120523,1.48,1.48,1.48,1.48,3060
NCMYN8,20120523,1.71,1.71,1.71,1.71,50
NCMYO8,20120523,1.5,1.57,1.5,1.57,26
NCMYP8,20120523,1.2,1.2,1.2,1.2,50
NCMYQ8,20120523,1.83,1.83,1.83,1.83,180
NCMYR8,20120523,0,0,0,2.66,150
NCMYT8,20120523,.94,.94,.94,.94,10
NCMYV8,20120523,1.655,1.655,1.655,1.655,10
NCMYX8,20120523,1.9,1.9,1.9,1.9,100
NCMZ38,20120523,1.54,1.54,1.54,1.54,50
NCMZ48,20120523,0,0,0,2.225,35
NCMZ68,20120523,1.27,1.27,1.27,1.27,40
NCMZ78,20120523,0,0,0,1.3,50
NCMZI8,20120523,2.67,2.67,2.67,2.67,524
NCMZO8,20120523,1.29,1.365,1.29,1.365,170
NCMZP8,20120523,0,0,0,2.71,1145
NCMZS8,20120523,0,0,0,8.68,130
NCMZV8,20120523,0,0,0,6.97,41
NWSDK8,20120523,0,0,0,4.3,80
NWSEJ8,20120523,0,0,0,1.25,10
NWSEK8,20120523,0,0,0,.6,180
NWSEL8,20120523,.595,.595,.595,.595,150
NWSGR8,20120523,.96,.96,.845,.845,895
NWSGS8,20120523,0,0,0,.07,500
NWSIW8,20120523,.38,.38,.38,.38,480
NWSIY8,20120523,0,0,0,.93,530
NWSIZ8,20120523,0,0,0,.48,500
NWSJ48,20120523,1.235,1.235,1.235,1.235,20
NWSJH8,20120523,.145,.145,.055,.055,160
NWSJI8,20120523,.21,.21,.2,.2,260
NWSJZ8,20120523,0,0,0,.81,10
NWSKB8,20120523,.51,.51,.51,.51,150
NWSKT8,20120523,.945,.945,.945,.945,99
NWSL48,20120523,0,0,0,.33,40
NWSLA8,20120523,1.2,1.2,1.2,1.2,80
NWSML8,20120523,1.265,1.265,1.265,1.265,99
NWSP78,20120523,.065,.065,.065,.065,150
ORGBX8,20120523,1.11,1.125,1.11,1.125,60
ORGBZ8,20120523,.885,.905,.885,.905,60
ORGC48,20120523,0,0,0,1.04,60
ORGC78,20120523,.695,.72,.695,.72,150
ORGDX8,20120523,.105,.105,.105,.105,70
ORGE28,20120523,.23,.255,.23,.255,500
ORGE38,20120523,.43,.5,.4,.46,370
ORGE48,20120523,.36,.37,.28,.325,131
ORGE58,20120523,.165,.165,.165,.165,200
ORGE68,20120523,.82,.82,.78,.78,150
ORGEV8,20120523,0,0,0,.31,80
ORGFM8,20120523,0,0,0,.25,718
ORGG68,20120523,.56,.56,.56,.56,75
ORGG78,20120523,.795,.795,.795,.795,150
ORGG88,20120523,.63,.63,.605,.605,175
ORGG98,20120523,.38,.38,.37,.37,195
ORGGK8,20120523,0,0,0,1.245,50
ORGI48,20120523,.335,.345,.335,.345,600
ORGI78,20120523,.42,.425,.42,.425,80
ORGI88,20120523,.545,.55,.545,.55,77
ORGIL8,20120523,1.285,1.29,1.285,1.285,180
ORGIM8,20120523,1.09,1.09,1.09,1.09,30
ORGIV8,20120523,.22,.22,.22,.22,28
ORGIX7,20120523,.56,.56,.56,.56,5
ORGL48,20120523,.17,.17,.17,.17,230
ORGL78,20120523,.285,.285,.285,.285,180
ORGL88,20120523,0,0,0,.25,575
ORGLA8,20120523,.49,.49,.44,.44,70
ORGLB8,20120523,0,0,0,.67,30
ORGMV8,20120523,.675,.8,.675,.78,485
ORGMW8,20120523,.76,.83,.76,.81,150
ORGN18,20120523,0,0,0,1.41,60
ORGNR8,20120523,2.9,2.9,2.9,2.9,50
ORGNW8,20120523,0,0,0,.38,75
ORGNX8,20120523,0,0,0,0,22
ORGP38,20120523,0,0,0,1.38,22
ORGPW8,20120523,2.79,2.79,2.79,2.79,50
ORGQ28,20120523,0,0,0,0,60
ORGQ58,20120523,.54,.54,.54,.54,40
ORGQ78,20120523,0,0,0,0,40
ORGQ98,20120523,0,0,0,0,75
ORGQA8,20120523,0,0,0,0,75
ORGS87,20120523,.41,.41,.41,.41,30
ORGTP7,20120523,.51,.51,.505,.505,150
ORGTT7,20120523,.15,.17,.145,.165,250
ORGXB7,20120523,.515,.56,.515,.56,500
ORGXN7,20120523,.24,.24,.225,.235,432
ORGXQ7,20120523,.155,.16,.125,.13,689
ORGZJ7,20120523,.075,.08,.035,.035,644
ORGZK7,20120523,.15,.33,.15,.25,169
ORGZM7,20120523,.775,.775,.705,.705,310
ORGZS7,20120523,.355,.355,.245,.28,80
ORGZT7,20120523,.04,.04,.035,.035,163
ORIJ58,20120523,.41,.41,.41,.41,30
ORIJA8,20120523,.725,.73,.725,.73,20
ORILK8,20120523,.085,.095,.04,.04,403
ORILS8,20120523,.14,.14,.11,.11,42
ORILT8,20120523,.195,.195,.195,.195,22
ORILW8,20120523,.65,.65,.54,.54,680
ORILY8,20120523,1.1,1.1,1.1,1.1,11
ORIPX8,20120523,0,0,0,0,10
ORIQH8,20120523,2.52,2.52,2.52,2.52,10
ORIQX8,20120523,0,0,0,.68,10
ORIRI8,20120523,.55,.55,.55,.55,10
ORIRP7,20120523,1.98,1.98,1.975,1.98,73
ORISG8,20120523,.08,.08,.08,.08,30
ORIVW7,20120523,.5,.5,.5,.5,10
ORIVY7,20120523,0,0,0,1.23,300
ORIVZ7,20120523,.23,.23,.23,.23,50
OSHFT7,20120523,.285,.32,.285,.32,40
OSHFU7,20120523,.18,.18,.18,.18,210
OSHP67,20120523,0,0,0,.375,100
OSHPR7,20120523,.135,.165,.13,.165,350
OSHPS7,20120523,.03,.04,.03,.04,1000
OSHPU7,20120523,0,0,0,.165,60
OSHQ47,20120523,.045,.045,.045,.045,100
OSHQG7,20120523,.38,.38,.38,.38,374
OSHRM7,20120523,.35,.35,.35,.35,80
OSHRQ7,20120523,.495,.495,.495,.495,50
OSHRR7,20120523,0,0,0,.295,100
OSHRV7,20120523,0,0,0,0,100
OSHRW7,20120523,.235,.235,.23,.23,170
OSHS37,20120523,0,0,0,0,100
OSHTR7,20120523,0,0,0,0,100
OSTCP8,20120523,.245,.245,.245,.245,244
OSTLU7,20120523,0,0,0,.17,40
OSTQT7,20120523,.105,.105,.105,.105,100
OSTQW7,20120523,0,0,0,.05,200
OSTXB7,20120523,.006,.006,.006,.006,50
OSTZ87,20120523,0,0,0,.08,200
OSTZK7,20120523,0,0,0,.125,100
OZLCH8,20120523,1.2,1.2,1.2,1.2,46
OZLCR8,20120523,34.77,34.77,34.77,34.77,90
OZLFK7,20120523,.35,.365,.35,.365,300
OZLRO7,20120523,1.2,1.2,1.2,1.2,46
OZLW17,20120523,1.71,1.71,1.71,1.71,30
OZLX27,20120523,34.89,34.89,34.89,34.89,41
OZLXM7,20120523,.5,.5,.41,.45,36
OZLYI7,20120523,.35,.35,.35,.35,20
OZLYL7,20120523,.78,.78,.78,.78,40
OZLYX7,20120523,.475,.475,.475,.475,10
QANGN7,20120523,.14,.14,.14,.14,100
QANJX7,20120523,0,0,0,.46,800
QANQV7,20120523,.075,.075,.075,.075,1000
QANRV7,20120523,0,0,0,0,800
QBEBI7,20120523,3.25,3.25,3.25,3.25,50
QBEDZ7,20120523,.035,.035,.035,.035,50
QBEEM7,20120523,.015,.015,.015,.015,100
QBEEO7,20120523,4.35,4.35,4.35,4.35,10
QBEIZ7,20120523,.79,.79,.79,.79,64
QBEJ87,20120523,.24,.24,.24,.24,100
QBEJ97,20120523,0,0,0,.38,100
QBEJL7,20120523,.35,.35,.35,.35,310
QBEJO7,20120523,0,0,0,1.215,18
QBEKN7,20120523,.58,.58,.58,.58,34
QBEKO7,20120523,.795,.83,.795,.83,345
QBEKO9,20120523,.15,.15,.15,.15,20
QBEKP7,20120523,0,0,0,0,32
QBEKP9,20120523,0,0,0,1.33,1000
QBEKQ7,20120523,.4,.4,.4,.4,70
QBEKQ9,20120523,.06,.06,.05,.055,210
QBEKR9,20120523,1.79,1.79,1.79,1.79,10
QBEKS7,20120523,.26,.325,.26,.325,206
QBEKU7,20120523,0,0,0,.59,550
QBEL59,20120523,.28,.28,.225,.235,190
QBEL69,20120523,0,0,0,.96,280
QBEMD7,20120523,.43,.43,.43,.43,30
QBEMG7,20120523,0,0,0,.115,260
QBEMM7,20120523,0,0,0,.8,200
QBEMR7,20120523,1.52,1.52,1.52,1.52,50
QBEMS7,20120523,0,0,0,1.275,90
QBEN87,20120523,0,0,0,.905,70
QBEN97,20120523,1.195,1.195,1.165,1.18,148
QBENL7,20120523,.595,.595,.595,.595,10
QBENN7,20120523,.54,.54,.54,.54,20
QBENO7,20120523,1.08,1.08,1.075,1.075,76
QBENP7,20120523,.9,.92,.9,.92,120
QBEPS7,20120523,1.05,1.05,1.04,1.04,55
QBEPV7,20120523,0,0,0,1.5,100
QBEQ77,20120523,0,0,0,.47,90
QBEQG7,20120523,.755,.755,.755,.755,960
QBEQJ7,20120523,.505,.505,.505,.505,60
QBEQV9,20120523,.425,.48,.42,.48,459
QBEQW9,20120523,.65,.68,.65,.68,874
QBEQX9,20120523,.725,.725,.725,.725,43
QBEQY9,20120523,.41,.49,.4,.49,1193
QBEQZ7,20120523,.15,.15,.15,.15,10
QBER49,20120523,0,0,0,.42,70
QBERQ7,20120523,.915,.915,.915,.915,132
QBESK9,20120523,0,0,0,.33,4433
QBESO9,20120523,.58,.58,.58,.58,79
QBESP9,20120523,.96,.97,.96,.97,200
QBESU9,20120523,0,0,0,.355,4433
QBESY7,20120523,0,0,0,0,140
QBESZ9,20120523,.085,.09,.085,.09,200
QBETB9,20120523,.27,.275,.27,.275,146
QBETD9,20120523,.165,.165,.165,.165,1151
QBEUH7,20120523,0,0,0,0,3
QBEUJ7,20120523,0,0,0,0,50
QBEUK7,20120523,0,0,0,.4,30
QBEUP7,20120523,1.025,1.025,1.025,1.025,180
QBEVH7,20120523,0,0,0,0,15
QBEVR7,20120523,.865,.87,.865,.87,150
QBEVV7,20120523,0,0,0,0,540
QBEVW7,20120523,0,0,0,0,20
QBEWC7,20120523,1,1,1,1,200
QBEWF9,20120523,.81,.865,.81,.865,470
QBEWG7,20120523,0,0,0,0,140
QBEX39,20120523,1.25,1.27,1.25,1.27,645
QBEX79,20120523,0,0,0,.42,640
QBEX99,20120523,1.72,1.72,1.72,1.72,31
QBEXI9,20120523,.335,.34,.29,.31,320
QBEXJ9,20120523,.08,.1,.08,.1,808
QBEXK9,20120523,.145,.145,.05,.055,369
QBEXL9,20120523,.25,.31,.25,.305,1181
QBEXS9,20120523,1.17,1.21,1.17,1.2,580
QBEXT9,20120523,1.32,1.32,1.32,1.32,100
QBEXY9,20120523,.705,.705,.705,.705,20
QBEYV9,20120523,.485,.51,.485,.51,300
QBEYX9,20120523,.73,.83,.73,.83,607
QBEZB9,20120523,.31,.31,.31,.31,68
QBEZF9,20120523,.215,.23,.215,.23,171
QRNJK8,20120523,0,0,0,.07,4250
QRNJR8,20120523,.36,.36,.36,.36,63
QRNNU7,20120523,3.355,3.355,3.355,3.355,100
QRNQ87,20120523,0,0,0,.095,4250
RIOB19,20120523,1.61,1.61,1.61,1.61,20
RIOB59,20120523,1.885,1.89,1.815,1.815,77
RIOB69,20120523,2.015,2.015,2.015,2.015,50
RIOB77,20120523,14.44,14.44,14.44,14.44,18
RIOB87,20120523,15,15,15,15,220
RIOB99,20120523,2.165,2.375,2.165,2.225,499
RIOBI9,20120523,2.505,2.59,2.495,2.495,282
RIOBJ9,20120523,0,0,0,3.6,20
RIOBO7,20120523,0,0,0,0,43
RIOBO9,20120523,0,0,0,0,8
RIOBQ7,20120523,0,0,0,0,35
RIOBQ9,20120523,15.24,15.33,15.24,15.33,327
RIOBS7,20120523,.27,.27,.27,.27,50
RIOBT7,20120523,0,0,0,0,10
RIOBT8,20120523,.01,.02,.01,.01,763
RIOBT9,20120523,13.1,13.105,13.1,13.105,23
RIOBU8,20120523,3.63,3.67,3.63,3.67,363
RIOBV8,20120523,.01,.01,.01,.01,700
RIOBW8,20120523,4.57,4.57,4.57,4.57,326
RIOBW9,20120523,2.5,2.9,2.485,2.63,319
RIOBX7,20120523,0,0,0,0,40
RIOBX8,20120523,.005,.005,.003,.003,110
RIOBX9,20120523,2.13,2.13,2.08,2.13,506
RIOBY7,20120523,0,0,0,0,570
RIOBY8,20120523,6.53,6.8,6.52,6.58,322
RIOBY9,20120523,.19,.19,.185,.185,40
RIOBZ7,20120523,1.82,1.82,1.76,1.76,1651
RIOC17,20120523,2.1,2.185,2.1,2.185,1722
RIOC18,20120523,7.71,7.76,7.4,7.44,100
RIOC27,20120523,0,0,0,0,300
RIOC38,20120523,5.73,5.73,5.6,5.6,316
RIOC39,20120523,1.92,1.965,1.92,1.965,160
RIOC58,20120523,0,0,0,9.77,4
RIOC69,20120523,2.25,2.26,2.24,2.24,59
RIOC79,20120523,2.4,2.48,2.4,2.48,278
RIOC89,20120523,0,0,0,4.4,120
RIOCG9,20120523,.795,.795,.725,.725,100
RIOCH9,20120523,0,0,0,4.02,10
RIOCI9,20120523,0,0,0,4.4,19
RIOCJ9,20120523,1.075,1.075,1.02,1.02,50
RIOCK8,20120523,9.53,9.53,9.53,9.53,50
RIOCO8,20120523,0,0,0,8.01,6
RIOCT9,20120523,0,0,0,0,43
RIOCX9,20120523,0,0,0,5.52,100
RIOCY9,20120523,3.98,3.98,3.98,3.98,10
RIODK9,20120523,0,0,0,1.13,110
RIODL9,20120523,5.1,5.1,5.1,5.1,460
RIODO9,20120523,5.82,5.82,5.82,5.82,55
RIODR9,20120523,4.8,4.8,4.75,4.75,35
RIODW9,20120523,0,0,0,.62,220
RIODY9,20120523,5.67,5.9,5.67,5.9,27
RIOE69,20120523,2.04,2.12,2.04,2.12,36
RIOE97,20120523,0,0,0,5.075,6
RIOEH7,20120523,0,0,0,4.875,20
RIOEI9,20120523,0,0,0,2.195,20
RIOEK7,20120523,2.605,2.605,2.605,2.605,11
RIOEL7,20120523,0,0,0,6.19,10
RIOEM7,20120523,0,0,0,6.865,140
RIOEM9,20120523,0,0,0,2.5,15
RIOEP9,20120523,8.23,8.23,8.23,8.23,20
RIOEQ7,20120523,1.9,1.9,1.89,1.89,28
RIOES7,20120523,8.32,8.32,8.32,8.32,20
RIOET9,20120523,0,0,0,9.85,41
RIOEY9,20120523,0,0,0,36.3,117
RIOEZ7,20120523,1.02,1.02,.995,.995,5
RIOF27,20120523,10.35,10.35,10.35,10.35,13
RIOF39,20120523,.34,.34,.34,.34,70
RIOF67,20120523,0,0,0,12.6,5
RIOF97,20120523,.33,.33,.33,.33,28
RIOFF7,20120523,14.15,14.15,14.15,14.15,30
RIOFH9,20120523,7.68,7.68,7.68,7.68,9
RIOFI9,20120523,0,0,0,1.74,50
RIOFJ7,20120523,16.05,16.05,16.05,16.05,32
RIOFL7,20120523,.15,.15,.15,.15,10
RIOFM8,20120523,6.515,6.515,6.465,6.47,23
RIOFZ9,20120523,9.03,9.03,9.03,9.03,74
RIOG99,20120523,.05,.05,.05,.05,7
RIOGL9,20120523,11.46,11.68,11.46,11.46,100
RIOGM9,20120523,0,0,0,0,87
RIOGO9,20120523,.04,.04,.04,.04,9
RIOGP9,20120523,0,0,0,0,36
RIOGS9,20120523,1.59,1.75,1.59,1.75,325
RIOGT8,20120523,.02,.02,.02,.02,1250
RIOGU8,20120523,2.99,2.99,2.53,2.53,690
RIOIL9,20120523,0,0,0,0,8
RIOIN9,20120523,6,6,6,6,20
RIOJC8,20120523,4.05,4.05,4.03,4.03,30
RIOJF8,20120523,0,0,0,4.15,8
RIOJO8,20120523,3.51,3.53,3.51,3.53,320
RIOJT7,20120523,2.78,2.78,2.74,2.74,200
RIOKF7,20120523,.945,.945,.785,.88,2743
RIOKF8,20120523,.09,.09,.04,.065,839
RIOKF9,20120523,2.64,2.67,2.64,2.67,205
RIOKG7,20120523,.75,.75,.605,.66,814
RIOKG8,20120523,2.29,2.29,1.64,1.8,905
RIOKH7,20120523,0,0,0,5.57,28
RIOKI7,20120523,3.4,3.46,3.4,3.46,506
RIOKK9,20120523,3.18,3.28,3.18,3.28,180
RIOKN7,20120523,0,0,0,4.18,72
RIOKN9,20120523,3.46,3.48,3.375,3.48,295
RIOKR9,20120523,3.89,3.89,3.82,3.85,120
RIOKS9,20120523,4.195,4.2,4.13,4.13,98
RIOKV9,20120523,4.345,4.37,4.345,4.37,150
RIOKW7,20120523,.395,.435,.34,.34,956
RIOKW9,20120523,4.595,4.595,4.595,4.595,4
RIOKZ7,20120523,.525,.58,.46,.48,642
RIOL17,20120523,.81,.84,.75,.75,1645
RIOL47,20120523,0,0,0,.855,320
RIOL57,20120523,1.055,1.185,1,1,260
RIOL59,20120523,5.87,5.945,5.865,5.945,48
RIOL87,20120523,1.315,1.315,1.165,1.2,493
RIOL89,20120523,0,0,0,6.28,8
RIOL97,20120523,1.42,1.42,1.42,1.42,129
RIOLA7,20120523,0,0,0,0,570
RIOLL9,20120523,.48,.48,.48,.48,10
RIOLN8,20120523,10.35,10.35,10.35,10.35,20
RIOLO9,20120523,.39,.39,.33,.33,64
RIOLP9,20120523,.25,.25,.25,.25,20
RIOLS9,20120523,0,0,0,.135,220
RIOLT9,20120523,.07,.07,.065,.07,90
RIOLU9,20120523,10.3,10.3,9.82,9.82,52
RIOLW9,20120523,0,0,0,13.78,138
RIOLX9,20120523,.02,.02,.02,.02,20
RIOLY9,20120523,.02,.02,.02,.02,20
RION58,20120523,25.8,25.8,25.8,25.8,20
RION78,20120523,0,0,0,6.405,8
RIONN8,20120523,1.355,1.355,1.355,1.355,10
RIONP7,20120523,0,0,0,1.45,12
RIOP58,20120523,2.83,2.87,2.75,2.75,463
RIOPK8,20120523,14.65,14.65,14.65,14.65,110
RIOPO8,20120523,15.67,15.67,15.67,15.67,17
RIOPR8,20120523,0,0,0,4.4,20
RIOQ27,20120523,0,0,0,32.5,117
RIOQB9,20120523,0,0,0,1.88,30
RIOQF8,20120523,1.06,1.06,1.06,1.06,120
RIOQZ9,20120523,0,0,0,0,12
RIOR38,20120523,4.475,4.475,4.475,4.475,10
RIOR49,20120523,4.39,4.39,4.39,4.39,40
RIORM9,20120523,0,0,0,4.85,87
RIORP9,20120523,2.5,2.5,2.485,2.485,65
RIORR9,20120523,1.91,1.91,1.8,1.85,137
RIORY9,20120523,2.805,3.12,2.805,2.855,364
RIORZ9,20120523,2.835,3.275,2.835,3.275,546
RIOS19,20120523,1.55,1.55,1.36,1.485,1091
RIOS29,20120523,1.13,1.14,1.13,1.14,20
RIOS37,20120523,.385,.385,.295,.295,284
RIOS47,20120523,.24,.24,.22,.22,864
RIOS49,20120523,3.75,3.85,3.75,3.85,88
RIOS69,20120523,.085,.095,.085,.095,270
RIOSE7,20120523,.115,.115,.11,.115,100
RIOSI7,20120523,.05,.05,.045,.045,32
RIOSJ9,20120523,.79,.79,.79,.79,36
RIOSW9,20120523,1.95,1.95,1.95,1.95,5
RIOT89,20120523,21.2,21.295,21.12,21.12,104
RIOTG9,20120523,0,0,0,5,10
RIOTK9,20120523,4.6,4.6,4.6,4.6,42
RIOTM9,20120523,0,0,0,2.51,10
RIOTN9,20120523,2.61,2.61,2.61,2.61,10
RIOTO9,20120523,0,0,0,5.14,63
RIOTR9,20120523,0,0,0,6,8
RIOTU9,20120523,0,0,0,0,290
RIOU59,20120523,0,0,0,0,10
RIOU78,20120523,1.2,1.2,1.2,1.2,95
RIOU88,20120523,.14,.275,.09,.125,2078
RIOU98,20120523,.085,.12,.04,.04,1796
RIOU99,20120523,8.7,8.7,8.65,8.65,112
RIOUA8,20120523,2.3,2.3,2.04,2.04,180
RIOUC8,20120523,.045,.045,.045,.045,30
RIOUI9,20120523,1.2,1.2,.5,.73,796
RIOUJ8,20120523,.02,.02,.01,.01,1450
RIOUJ9,20120523,.38,.62,.31,.36,1443
RIOUL8,20120523,5.3,5.3,5.3,5.3,20
RIOUN9,20120523,27.32,27.46,27.32,27.46,40
RIOUS9,20120523,.135,.15,.1,.1,1420
RIOUT8,20120523,.415,.415,.345,.345,226
RIOUT9,20120523,1.27,1.27,1.27,1.27,20
RIOUU8,20120523,2.125,2.145,2.125,2.145,398
RIOUV8,20120523,2.645,2.68,2.645,2.68,509
RIOUV9,20120523,.4,.4,.18,.21,1847
RIOUW8,20120523,8.7,8.7,8.7,8.7,50
RIOUW9,20120523,.43,.43,.36,.37,131
RIOUX9,20120523,.565,.565,.565,.565,150
RIOUY9,20120523,2.14,2.14,2.14,2.14,20
RIOUZ9,20120523,.045,.045,.03,.045,1097
RIOV19,20120523,.015,.015,.015,.015,70
RIOV67,20120523,0,0,0,.6,15
RIOVB9,20120523,3.38,3.38,3.38,3.38,105
RIOVG8,20120523,.435,.435,.43,.43,100
RIOVH8,20120523,0,0,0,11.49,6
RIOVJ8,20120523,10.22,10.22,10.22,10.22,38
RIOVN8,20120523,0,0,0,1.58,20
RIOVO8,20120523,9.36,9.36,9.36,9.36,87
RIOW58,20120523,0,0,0,7.36,304
RIOW68,20120523,9.15,9.15,8.4,8.575,208
RIOWA9,20120523,4.4,4.4,4.4,4.4,31
RIOWB9,20120523,0,0,0,0,8
RIOWC9,20120523,0,0,0,0,10
RIOWD8,20120523,11.68,11.68,11.68,11.68,70
RIOWE8,20120523,.515,.535,.49,.53,238
RIOWE9,20120523,0,0,0,0,157
RIOWF9,20120523,0,0,0,1.7,13
RIOWG8,20120523,.96,.96,.85,.88,306
RIOWG9,20120523,0,0,0,0,30
RIOWH8,20120523,8.7,8.7,8.7,8.7,24
RIOWI9,20120523,0,0,0,0,450
RIOWK8,20120523,.02,.02,.02,.02,10
RIOWL9,20120523,6.16,6.16,6.16,6.16,42
RIOWM8,20120523,15.4,15.4,15.4,15.4,14
RIOWX8,20120523,2.9,2.9,2.9,2.9,110
RIOWY8,20120523,3.065,3.2,3.02,3.02,206
RIOWZ8,20120523,3.12,3.29,3.12,3.29,75
RIOX18,20120523,2.735,2.735,2.735,2.735,50
RIOX38,20120523,0,0,0,1.95,10
RIOX48,20120523,1.785,1.785,1.78,1.78,208
RIOX58,20120523,1.48,1.63,1.465,1.58,459
RIOX68,20120523,5.3,5.3,5.3,5.3,90
RIOX78,20120523,0,0,0,4.1,129
RIOX88,20120523,1.335,1.335,1.335,1.335,20
RIOX98,20120523,.66,.68,.65,.68,422
RIOXA8,20120523,0,0,0,4.15,270
RIOXB8,20120523,1.13,1.13,1.13,1.13,10
RIOXD8,20120523,.93,.93,.87,.89,194
RIOXF9,20120523,4.62,4.76,4.62,4.76,30
RIOXG9,20120523,2.845,3.005,2.845,3.005,55
RIOXH9,20120523,0,0,0,3.1,110
RIOXI9,20120523,3.5,3.5,3.5,3.5,1013
RIOXJ9,20120523,2.88,3.15,2.88,3.05,615
RIOXL8,20120523,.415,.415,.37,.37,310
RIOXN9,20120523,0,0,0,4.85,20
RIOXP8,20120523,7.4,7.4,7.2,7.2,20
RIOXQ8,20120523,2.655,2.655,2.65,2.65,20
RIOXS8,20120523,1.64,1.8,1.64,1.655,4235
RIOXU8,20120523,1.29,1.29,1.145,1.175,173
RIOXV8,20120523,0,0,0,3.31,10
RIOY19,20120523,.485,.485,.485,.485,200
RIOY59,20120523,0,0,0,0,20
RIOY88,20120523,.745,.745,.745,.745,65
RIOY99,20120523,.215,.215,.21,.21,350
RIOYE9,20120523,2.775,2.78,2.775,2.78,47
RIOYG7,20120523,2.05,2.05,2.05,2.05,30
RIOYK7,20120523,2.58,2.62,2.48,2.48,68
RIOYL7,20120523,3.26,3.26,3.26,3.26,37
RIOYL9,20120523,0,0,0,3.3,10
RIOYM9,20120523,3.125,3.125,3.125,3.125,55
RIOYP7,20120523,1.19,1.2,1.19,1.2,30
RIOYR9,20120523,1.625,1.625,1.625,1.625,50
RIOYS7,20120523,1.31,1.31,1.31,1.31,9
RIOYT7,20120523,1.43,1.43,1.43,1.43,21
RIOYU8,20120523,1.245,1.245,1.17,1.185,407
RIOYV9,20120523,1,1,1,1,60
RIOYZ8,20120523,.645,.645,.64,.64,250
RIOZH9,20120523,0,0,0,0,10
RIOZL9,20120523,0,0,0,0,10
RIOZR8,20120523,1.06,1.06,1.025,1.04,200
RIOZV8,20120523,1.415,1.415,1.41,1.41,40
RIOZV9,20120523,0,0,0,0,35
RIOZW8,20120523,1.59,1.59,1.59,1.59,20
RIOZW9,20120523,0,0,0,0,8
RIOZY8,20120523,0,0,0,6.07,1003
SGMCF8,20120523,.12,.12,.12,.12,80
SGMIQ8,20120523,.345,.345,.345,.345,29
SGMKR8,20120523,0,0,0,.105,40
SGMKX8,20120523,0,0,0,.195,40
SGPQS8,20120523,.13,.13,.13,.13,50
SGPVW8,20120523,.29,.29,.29,.29,50
STOBF8,20120523,0,0,0,.535,2500
STOBO8,20120523,0,0,0,.7,70
STOCK8,20120523,.49,.49,.49,.49,37
STOCU8,20120523,2.62,2.62,2.62,2.62,110
STOD68,20120523,3.21,3.21,3.21,3.21,30
STODO7,20120523,0,0,0,1.785,29
STODP7,20120523,0,0,0,2.295,46
STOE28,20120523,.945,.945,.945,.945,15
STOEK8,20120523,0,0,0,0,30
STOF98,20120523,0,0,0,0,60
STOFO8,20120523,.23,.23,.23,.23,29
STOG28,20120523,0,0,0,1.85,166
STOG38,20120523,0,0,0,2.03,26
STOGK8,20120523,0,0,0,0,68
STOGL8,20120523,1.435,1.435,1.435,1.435,35
STOGT8,20120523,0,0,0,0,318
STOI58,20120523,1.035,1.035,1.035,1.035,30
STOIN8,20120523,0,0,0,0,172
STOIO8,20120523,0,0,0,0,91
STOIP8,20120523,.63,.63,.63,.63,160
STOIQ8,20120523,0,0,0,0,119
STOIW8,20120523,0,0,0,0,60
STOKB7,20120523,0,0,0,.03,150
STOKC7,20120523,0,0,0,.37,250
STOKG7,20120523,.26,.265,.245,.25,395
STOQF7,20120523,0,0,0,.905,46
STOQH7,20120523,.305,.31,.305,.31,670
STOQJ7,20120523,0,0,0,1.24,46
STORQ7,20120523,.14,.14,.14,.14,19
STORS7,20120523,1.41,1.41,1.41,1.41,53
STOTP7,20120523,.265,.265,.265,.265,100
STOTQ7,20120523,0,0,0,.575,664
STOUW7,20120523,0,0,0,1.11,70
STOV17,20120523,.43,.44,.425,.425,184
STOV27,20120523,.14,.14,.14,.14,50
STOV37,20120523,.085,.085,.085,.085,25
STOV57,20120523,.92,.92,.92,.92,123
STOVA7,20120523,0,0,0,2.1,138
STOVC7,20120523,2.45,2.45,2.45,2.45,73
STOVX7,20120523,0,0,0,.2,260
STOW17,20120523,0,0,0,1.135,146
STOW37,20120523,0,0,0,1.09,96
STOXQ7,20120523,0,0,0,.12,119
STOXY7,20120523,0,0,0,0,91
STOYE7,20120523,.235,.235,.235,.235,100
SUNBV9,20120523,.83,.83,.83,.83,10
SUNBW9,20120523,0,0,0,0,60
SUNC49,20120523,.76,.76,.76,.76,20
SUNCJ9,20120523,0,0,0,0,30
SUNCN9,20120523,.135,.135,.135,.135,30
SUNCQ9,20120523,.165,.165,.165,.165,40
SUNJC8,20120523,.47,.47,.47,.47,10
SUNJF8,20120523,.35,.35,.35,.35,210
SUNJH8,20120523,.405,.405,.405,.405,10
SUNKN8,20120523,.035,.035,.035,.035,30
SUNMU8,20120523,0,0,0,.15,30
SUNR1,20120523,0,0,0,.815,200
SUNR2,20120523,.605,.605,.605,.605,275
SUNV18,20120523,.04,.04,.04,.04,550
SUNV38,20120523,0,0,0,.24,1715
SUNV48,20120523,0,0,0,.015,165
SUNV58,20120523,0,0,0,.36,1165
SUNWJ8,20120523,.15,.15,.15,.15,60
SUNY98,20120523,.31,.335,.31,.335,230
SUNYI8,20120523,.225,.225,.225,.225,80
SUNYT8,20120523,0,0,0,.055,30
SUNZK8,20120523,0,0,0,0,30
SYDKS8,20120523,0,0,0,.18,300
SYDTX8,20120523,.035,.035,.035,.035,389
SYDW38,20120523,.05,.05,.05,.05,500
SYDZ77,20120523,0,0,0,.28,300
TA8Q67,20120523,1.8,1.8,1.8,1.8,95
TAHEN8,20120523,.165,.165,.165,.165,70
TAHQK8,20120523,.21,.21,.21,.21,500
TAHQN8,20120523,.15,.155,.15,.155,1000
TAHVZ7,20120523,0,0,0,.045,5000
TAHY77,20120523,.105,.105,.105,.105,500
TAHYH7,20120523,.03,.03,.03,.03,60
TCLC98,20120523,.05,.05,.05,.05,300
TCLEH8,20120523,.1,.1,.1,.1,488
TCLF78,20120523,.19,.19,.19,.19,271
TCLFF8,20120523,.07,.08,.07,.08,344
TLSB38,20120523,.325,.325,.325,.325,440
TLSCV8,20120523,.14,.145,.14,.145,3000
TLSCW8,20120523,.03,.03,.03,.03,6000
TLSF37,20120523,0,0,0,.17,399
TLSFN8,20120523,.28,.28,.28,.28,2240
TLSFU8,20120523,.18,.18,.175,.175,4100
TLSFW8,20120523,0,0,0,.255,680
TLSFZ8,20120523,0,0,0,.36,703
TLSG28,20120523,.04,.04,.04,.04,500
TLSG58,20120523,.095,.095,.065,.065,1900
TLSG68,20120523,.006,.008,.006,.007,9516
TLSJA8,20120523,.02,.02,.006,.006,7965
TLSJB8,20120523,.02,.05,.02,.05,12128
TLSLM8,20120523,.225,.225,.225,.225,392
TLSLQ8,20120523,0,0,0,.175,400
TLSLS8,20120523,0,0,0,.41,175
TLSM28,20120523,.1,.1,.1,.1,400
TLSMP7,20120523,.04,.05,.04,.05,3100
TLSMQ7,20120523,.15,.15,.15,.15,4022
TLSMR7,20120523,.07,.07,.055,.055,5318
TLSMS7,20120523,.08,.09,.08,.09,300
TLSMV7,20120523,.065,.07,.065,.07,500
TLSN48,20120523,.25,.25,.25,.25,2534
TLSPT7,20120523,.48,.48,.48,.48,3
TLSPU7,20120523,.009,.009,.009,.009,348
TLSPW7,20120523,.045,.045,.045,.045,896
TLSPX8,20120523,.23,.23,.23,.23,2939
TLSQE8,20120523,.002,.002,.002,.002,3500
TLSQF8,20120523,0,0,0,.12,200
TLSQG8,20120523,0,0,0,.13,1501
TLSQK8,20120523,.46,.46,.445,.445,60
TLSQM8,20120523,.2,.2,.2,.2,30
TLSQR7,20120523,0,0,0,.055,1400
TLSQX7,20120523,0,0,0,.15,100
TLSR47,20120523,.08,.08,.08,.08,2000
TLSR58,20120523,.09,.09,.09,.09,5000
TLSR68,20120523,.1,.1,.1,.1,1000
TLSRG8,20120523,.001,.001,.001,.001,30
TLSRI8,20120523,.05,.055,.05,.055,12010
TLSRJ7,20120523,.11,.11,.11,.11,10
TLSRJ8,20120523,.155,.155,.155,.155,1066
TLSRM8,20120523,.11,.11,.11,.11,1000
TLSRN8,20120523,.29,.29,.29,.29,2000
TLSRO8,20120523,0,0,0,.19,700
TLST47,20120523,.06,.06,.055,.055,945
TLST48,20120523,0,0,0,.405,2000
TLST67,20120523,0,0,0,.09,2000
TLSTM8,20120523,.09,.09,.09,.09,300
TLSTV7,20120523,0,0,0,.325,200
TLSTW7,20120523,.015,.015,.015,.015,200
TLSU17,20120523,.105,.115,.105,.115,1000
TLSUK8,20120523,.135,.135,.135,.135,250
TLSUM8,20120523,.08,.08,.08,.08,1000
TLSWF7,20120523,.21,.21,.21,.21,800
TLSWG7,20120523,0,0,0,.035,500
TLSWH7,20120523,.245,.245,.245,.245,633
TLSWK7,20120523,.14,.14,.14,.14,2000
TLSWM7,20120523,0,0,0,.185,700
TLSXI7,20120523,.285,.285,.285,.285,18
TLSZW7,20120523,.215,.215,.215,.215,2000
TOLJQ8,20120523,0,0,0,0,75
TOLK48,20120523,0,0,0,.21,75
TOLKC8,20120523,.105,.105,.105,.105,75
TOLZR7,20120523,.325,.325,.31,.31,300
TWELH7,20120523,.2,.2,.2,.2,25
WBC9D,20120523,.85,.9,.85,.9,562
WBCB58,20120523,.3,.325,.3,.325,711
WBCB68,20120523,.42,.46,.395,.46,1254
WBCB78,20120523,1.01,1.02,1.01,1.02,250
WBCBS7,20120523,.09,.09,.09,.09,83
WBCBT7,20120523,.145,.155,.145,.155,296
WBCBW7,20120523,.22,.255,.21,.255,205
WBCD87,20120523,0,0,0,.5,40
WBCD97,20120523,0,0,0,3.125,1000
WBCE28,20120523,.04,.05,.035,.035,1517
WBCE38,20120523,.345,.525,.34,.5,2439
WBCE58,20120523,.03,.04,.03,.03,860
WBCE78,20120523,.008,.008,.008,.008,100
WBCE88,20120523,.16,.16,.16,.16,225
WBCE98,20120523,.1,.165,.1,.165,1869
WBCEQ8,20120523,.01,.01,.01,.01,1000
WBCER8,20120523,.825,1,.825,1,850
WBCEZ8,20120523,1.4,1.4,1.4,1.4,545
WBCF48,20120523,0,0,0,1.225,100
WBCF68,20120523,0,0,0,1.285,396
WBCFN7,20120523,.24,.245,.205,.205,111
WBCFO7,20120523,1.02,1.02,1.02,1.02,125
WBCFP7,20120523,1.54,1.54,1.54,1.54,40
WBCFQ7,20120523,.1,.1,.1,.1,70
WBCFR7,20120523,.05,.05,.045,.045,184
WBCG37,20120523,.195,.195,.19,.195,105
WBCG67,20120523,.245,.245,.245,.245,10
WBCI8,20120523,0,0,0,1.39,500
WBCI9,20120523,0,0,0,1.96,80
WBCIX7,20120523,0,0,0,2.3,423
WBCJK,20120523,0,0,0,1.47,60
WBCJK8,20120523,.54,.54,.54,.54,300
WBCJM8,20120523,.1,.1,.1,.1,20
WBCJN8,20120523,0,0,0,1.2,10
WBCJO8,20120523,.01,.02,.01,.02,493
WBCJP8,20120523,0,0,0,.68,30
WBCJQ8,20120523,.83,.83,.83,.83,110
WBCJR8,20120523,.01,.01,.01,.01,1000
WBCJU8,20120523,0,0,0,.375,40
WBCKV8,20120523,2.51,2.51,2.51,2.51,70
WBCL88,20120523,0,0,0,1.68,10
WBCLI8,20120523,.68,.68,.615,.625,157
WBCLL8,20120523,.425,.47,.425,.47,220
WBCLN8,20120523,.735,.795,.735,.795,2275
WBCLS8,20120523,0,0,0,1.45,495
WBCM48,20120523,0,0,0,0,30
WBCMG8,20120523,.325,.325,.325,.325,50
WBCMU8,20120523,1.1,1.1,1.1,1.1,67
WBCMX8,20120523,.65,.675,.63,.63,330
WBCN18,20120523,.93,.93,.93,.93,20
WBCN78,20120523,.45,.465,.445,.465,378
WBCP27,20120523,.74,.74,.69,.69,310
WBCP37,20120523,.51,.58,.51,.58,86
WBCP47,20120523,.765,.765,.765,.765,141
WBCP57,20120523,.43,.46,.425,.425,318
WBCPR7,20120523,.5,.5,.5,.5,30
WBCPV8,20120523,0,0,0,1.815,120
WBCPW8,20120523,.29,.29,.29,.29,125
WBCPX8,20120523,0,0,0,.94,436
WBCQ48,20120523,.295,.32,.295,.32,1910
WBCQG8,20120523,.47,.545,.47,.545,515
WBCQN8,20120523,1.99,1.99,1.99,1.99,220
WBCR88,20120523,0,0,0,2.41,60
WBCRP8,20120523,0,0,0,0,80
WBCRR8,20120523,.17,.18,.17,.18,350
WBCSB8,20120523,0,0,0,0,60
WBCSJ8,20120523,0,0,0,0,16
WBCT38,20120523,1.605,1.605,1.605,1.605,40
WBCT6,20120523,.67,.675,.67,.675,307
WBCTB8,20120523,0,0,0,.19,30
WBCTH7,20120523,.18,.18,.18,.18,5
WBCTU7,20120523,0,0,0,.435,10
WBCTY7,20120523,0,0,0,.555,110
WBCTY8,20120523,0,0,0,.1,40
WBCU78,20120523,.28,.28,.28,.28,50
WBCUB7,20120523,.4,.45,.4,.45,33
WBCUZ8,20120523,0,0,0,0,255
WBCW78,20120523,.69,.69,.69,.69,10
WBCWH8,20120523,.75,.775,.75,.775,50
WBCWK8,20120523,.955,.955,.945,.945,35
WBCWZ8,20120523,.09,.09,.09,.09,83
WBCX27,20120523,.105,.105,.105,.105,214
WBCXP7,20120523,1.47,1.515,1.47,1.515,1200
WBCXR7,20120523,0,0,0,.855,1960
WBCXT7,20120523,0,0,0,1.25,60
WBCY99,20120523,0,0,0,0,80
WBCYD7,20120523,0,0,0,.655,241
WBCYJ7,20120523,.41,.41,.41,.41,40
WBCYK7,20120523,0,0,0,1.065,980
WBCYS7,20120523,.015,.015,.015,.015,1950
WBCZ47,20120523,2.6,2.6,2.6,2.6,416
WBCZ77,20120523,0,0,0,.34,90
WBCZ87,20120523,.235,.235,.23,.23,2150
WBCZ97,20120523,.11,.11,.11,.11,313
WBCZT7,20120523,.2,.2,.185,.185,1055
WDCF38,20120523,.305,.31,.29,.29,456
WDCF48,20120523,.17,.18,.17,.17,440
WDCFG8,20120523,0,0,0,.23,300
WDCFH8,20120523,0,0,0,.255,20
WDCFM8,20120523,.045,.045,.045,.045,30
WDCQS8,20120523,.36,.37,.33,.33,334
WDCQY8,20120523,.12,.12,.105,.105,905
WDCR18,20120523,0,0,0,.12,20
WDCR28,20120523,0,0,0,.07,230
WDCTU8,20120523,.675,.675,.675,.675,10
WDCTX8,20120523,0,0,0,0,38
WDCW38,20120523,0,0,0,.38,60
WDCX28,20120523,.845,.845,.845,.845,40
WESBP7,20120523,.095,.095,.095,.095,1
WESE67,20120523,0,0,0,.05,200
WESFI8,20120523,0,0,0,2.15,37
WESGQ8,20120523,0,0,0,.47,26
WESGR8,20120523,.36,.36,.36,.36,20
WESI18,20120523,.26,.26,.26,.26,90
WESI27,20120523,0,0,0,.37,50
WESI68,20120523,.35,.35,.35,.35,527
WESIO8,20120523,.36,.36,.36,.36,10
WESIR7,20120523,0,0,0,1.275,50
WESIY8,20120523,.365,.375,.355,.355,200
WESKB8,20120523,0,0,0,.54,6
WESKQ8,20120523,0,0,0,.64,100
WESKX7,20120523,.175,.175,.17,.17,150
WESL27,20120523,.01,.01,.01,.01,200
WESLG7,20120523,0,0,0,0,50
WESLH7,20120523,0,0,0,.56,50
WESME7,20120523,0,0,0,.035,50
WESMF7,20120523,0,0,0,.215,135
WESMR7,20120523,0,0,0,.245,30
WESMT7,20120523,.31,.31,.31,.31,10
WESMU7,20120523,.1,.11,.1,.11,100
WESP69,20120523,.68,.68,.68,.68,35
WESP79,20120523,.75,.86,.75,.84,265
WESPK9,20120523,0,0,0,1.35,15
WESPL9,20120523,.445,.445,.44,.44,145
WESPQ7,20120523,0,0,0,.165,100
WESPS7,20120523,0,0,0,.11,100
WESRV7,20120523,0,0,0,.325,50
WESRX7,20120523,0,0,0,0,50
WESRZ7,20120523,1,1,1,1,20
WESS27,20120523,0,0,0,.57,120
WESS47,20120523,.35,.35,.35,.35,250
WESSD7,20120523,0,0,0,0,50
WESSE7,20120523,0,0,0,0,50
WESSG9,20120523,.49,.49,.49,.49,5
WESSN9,20120523,2.335,2.335,2.335,2.335,3
WESSO9,20120523,.17,.18,.17,.18,115
WESU29,20120523,.87,.87,.87,.87,3
WESU49,20120523,0,0,0,.07,200
WESVW9,20120523,1.35,1.35,1.35,1.35,12
WESWJ9,20120523,0,0,0,.47,100
WESWM7,20120523,.45,.45,.45,.45,30
WESXO7,20120523,.91,.91,.91,.91,150
WESXS7,20120523,1.1,1.1,1.1,1.1,50
WESYI7,20120523,0,0,0,1.25,200
WESYN7,20120523,0,0,0,0,237
WESYT7,20120523,.77,.77,.77,.77,10
WESYX,20120523,1.41,1.415,1.38,1.38,222
WESZX9,20120523,0,0,0,.215,100
WORFV8,20120523,0,0,0,1.36,50
WORJW8,20120523,0,0,0,0,18
WORNO8,20120523,.095,.245,.095,.245,90
WORNQ8,20120523,.825,.825,.825,.825,15
WORNS8,20120523,.065,.065,.065,.065,174
WORNU8,20120523,.56,.56,.56,.56,20
WORNX8,20120523,1.155,1.155,1.155,1.155,70
WORYJ7,20120523,0,0,0,2.85,300
WORYK7,20120523,1.36,1.36,1.36,1.36,15
WORYN7,20120523,0,0,0,.39,300
WORYO7,20120523,0,0,0,.5,50
WORZ88,20120523,1.08,1.08,1.08,1.08,15
WORZF7,20120523,0,0,0,.54,18
WORZO8,20120523,.85,.865,.85,.865,40
WOWB77,20120523,0,0,0,1.88,14
WOWBO7,20120523,1.3,1.3,1.3,1.3,243
WOWBR7,20120523,0,0,0,1.845,305
WOWBX7,20120523,0,0,0,1.65,442
WOWBY7,20120523,.215,.215,.215,.215,50
WOWCI7,20120523,.88,.88,.88,.88,366
WOWCI9,20120523,0,0,0,1.155,665
WOWCJ7,20120523,.5,.5,.5,.5,225
WOWCP7,20120523,.3,.3,.3,.3,500
WOWCQ7,20120523,1.445,1.445,1.445,1.445,102
WOWD99,20120523,.225,.225,.225,.225,20
WOWDK9,20120523,.3,.3,.3,.3,100
WOWDW7,20120523,.59,.59,.555,.555,80
WOWEG7,20120523,.37,.37,.335,.335,95
WOWEJ9,20120523,0,0,0,.915,953
WOWEK7,20120523,0,0,0,1.125,20
WOWEK9,20120523,.4,.4,.37,.37,712
WOWEL9,20120523,.53,.53,.53,.53,302
WOWEN9,20120523,.21,.21,.18,.18,463
WOWEQ7,20120523,0,0,0,.865,300
WOWER7,20120523,.81,.82,.81,.82,70
WOWES7,20120523,0,0,0,.29,100
WOWES9,20120523,0,0,0,.02,150
WOWEY7,20120523,.23,.23,.23,.23,225
WOWF97,20120523,1.04,1.09,1.04,1.09,500
WOWFP7,20120523,1.42,1.425,1.42,1.425,500
WOWFZ7,20120523,.14,.14,.135,.135,500
WOWGV9,20120523,0,0,0,.145,400
WOWGZ7,20120523,0,0,0,0,400
WOWI27,20120523,.33,.33,.33,.33,540
WOWI37,20120523,0,0,0,.58,670
WOWI69,20120523,0,0,0,0,10
WOWIQ7,20120523,0,0,0,.63,10
WOWJJ7,20120523,0,0,0,0,17
WOWK17,20120523,0,0,0,0,500
WOWK27,20120523,.485,.485,.485,.485,30
WOWK67,20120523,0,0,0,0,400
WOWLE9,20120523,1.47,1.47,1.465,1.47,114
WOWQT9,20120523,.255,.27,.255,.27,350
WOWQX9,20120523,.38,.38,.34,.34,130
WOWRG9,20120523,1.3,1.305,1.3,1.305,699
WOWRH9,20120523,0,0,0,1.43,299
WOWRL9,20120523,.82,.82,.82,.82,200
WOWRR9,20120523,0,0,0,3,240
WOWRS9,20120523,0,0,0,0,240
WOWT1,20120523,.44,.44,.44,.44,100
WOWT9,20120523,0,0,0,3.58,170
WOWVA,20120523,0,0,0,4.82,170
WOWXA9,20120523,1.75,1.75,1.75,1.75,430
WOWXF9,20120523,1.36,1.36,1.28,1.29,1017
WOWXG9,20120523,.01,.01,.01,.01,210
WOWYE9,20120523,.835,.84,.825,.84,1658
WOWZ49,20120523,.335,.335,.335,.335,210
WOWZ59,20120523,.05,.05,.05,.05,600
WOWZ89,20120523,.875,.895,.74,.8,1630
WOWZE9,20120523,.04,.05,.04,.05,442
WOWZK,20120523,0,0,0,.9,14
WOWZM,20120523,1.245,1.245,1.245,1.245,50
WOWZS9,20120523,0,0,0,.65,14
WPLBH9,20120523,0,0,0,3.91,10
WPLBI7,20120523,0,0,0,1.09,65
WPLBJ9,20120523,3.7,3.81,3.7,3.81,387
WPLBL9,20120523,4.28,4.28,4.28,4.28,21
WPLBP7,20120523,2.28,2.28,2.28,2.28,60
WPLBQ9,20120523,0,0,0,3.21,36
WPLBT7,20120523,0,0,0,1.89,8
WPLBU8,20120523,.075,.075,.075,.075,30
WPLBX7,20120523,4.9,4.9,4.9,4.9,20
WPLBZ9,20120523,1.9,1.9,1.68,1.76,44
WPLC19,20120523,.02,.02,.02,.02,4
WPLC29,20120523,2.22,2.25,2.17,2.25,130
WPLC49,20120523,1.265,1.265,1.265,1.265,555
WPLC57,20120523,0,0,0,.98,20
WPLC69,20120523,2.8,2.8,2.76,2.76,249
WPLC97,20120523,.645,.65,.62,.635,133
WPLCH7,20120523,0,0,0,0,100
WPLCN7,20120523,0,0,0,4.06,79
WPLCP7,20120523,0,0,0,.5,350
WPLCP9,20120523,.74,.74,.74,.74,25
WPLCS9,20120523,6.87,6.87,6.87,6.87,12
WPLDN7,20120523,.99,.99,.99,.99,105
WPLDN9,20120523,.125,.2,.125,.2,236
WPLDO9,20120523,0,0,0,.34,200
WPLDQ9,20120523,.345,.345,.345,.345,65
WPLDT9,20120523,0,0,0,.68,115
WPLE77,20120523,0,0,0,.48,100
WPLEK8,20120523,0,0,0,2.9,5
WPLEL7,20120523,6.78,6.835,6.77,6.77,100
WPLEL8,20120523,.3,.345,.3,.315,595
WPLEM8,20120523,0,0,0,2.9,33
WPLEN8,20120523,.165,.165,.165,.165,30
WPLEP7,20120523,0,0,0,0,1000
WPLEQ7,20120523,0,0,0,2.7,81
WPLEW7,20120523,0,0,0,0,20
WPLEX7,20120523,0,0,0,0,20
WPLF57,20120523,0,0,0,3.66,40
WPLFH7,20120523,0,0,0,1.64,15
WPLFR7,20120523,1.92,1.94,1.92,1.94,110
WPLG17,20120523,3.01,3.01,3.01,3.01,189
WPLGU9,20120523,.7,.8,.7,.8,100
WPLGV9,20120523,.07,.07,.07,.07,60
WPLGW8,20120523,0,0,0,1.01,20
WPLIK7,20120523,0,0,0,0,20
WPLIN9,20120523,0,0,0,.28,50
WPLIW7,20120523,0,0,0,0,220
WPLIX7,20120523,0,0,0,0,67
WPLJ28,20120523,.815,.815,.815,.815,45
WPLJP7,20120523,0,0,0,0,8
WPLJQ7,20120523,11.365,11.365,11.23,11.23,190
WPLJX7,20120523,0,0,0,0,100
WPLK87,20120523,0,0,0,0,9
WPLKW7,20120523,0,0,0,2.62,115
WPLLZ9,20120523,0,0,0,2.155,18
WPLM49,20120523,0,0,0,3.3,410
WPLM57,20120523,.435,.435,.435,.435,350
WPLM67,20120523,.105,.105,.105,.105,30
WPLM77,20120523,0,0,0,2.765,30
WPLME7,20120523,0,0,0,11.74,6
WPLMM9,20120523,2.77,2.77,2.77,2.77,1070
WPLMQ9,20120523,3.74,3.74,3.74,3.74,50
WPLMS8,20120523,.63,.63,.63,.63,112
WPLMS9,20120523,0,0,0,.26,20
WPLMW9,20120523,0,0,0,3.55,91
WPLMX9,20120523,0,0,0,3.46,1025
WPLMY8,20120523,0,0,0,1.09,250
WPLN18,20120523,0,0,0,3.44,100
WPLN28,20120523,0,0,0,2.38,250
WPLN29,20120523,.31,.31,.31,.31,100
WPLN38,20120523,1.18,1.18,1.18,1.18,225
WPLN39,20120523,0,0,0,4,210
WPLN48,20120523,1.22,1.26,1.19,1.26,380
WPLN49,20120523,.75,.75,.75,.75,30
WPLN59,20120523,2.6,2.6,2.6,2.6,100
WPLN79,20120523,0,0,0,3.5,11
WPLN89,20120523,0,0,0,.46,174
WPLNK9,20120523,.605,.605,.605,.605,100
WPLNL9,20120523,0,0,0,2.52,10
WPLNX8,20120523,.56,.625,.56,.58,217
WPLP18,20120523,1.4,1.4,1.4,1.4,175
WPLP19,20120523,4.6,4.6,4.6,4.6,56
WPLP28,20120523,.77,.77,.77,.77,205
WPLP38,20120523,1.655,1.68,1.655,1.68,353
WPLPK8,20120523,0,0,0,.57,100
WPLPO8,20120523,0,0,0,1.6,100
WPLPR8,20120523,0,0,0,1.75,10
WPLPU8,20120523,0,0,0,0,50
WPLPV8,20120523,2.5,2.5,2.5,2.5,60
WPLPW8,20120523,0,0,0,1.745,20
WPLPY8,20120523,1.26,1.27,1.26,1.27,400
WPLQ28,20120523,0,0,0,1.15,10
WPLQ78,20120523,.46,.46,.455,.46,107
WPLQ88,20120523,5.64,5.64,5.64,5.64,41
WPLQB8,20120523,0,0,0,.78,40
WPLQC8,20120523,0,0,0,0,39
WPLQF8,20120523,0,0,0,.29,40
WPLQI9,20120523,0,0,0,1.98,350
WPLQJ8,20120523,.165,.165,.165,.165,30
WPLQU9,20120523,0,0,0,0,400
WPLR39,20120523,0,0,0,0,18
WPLRG9,20120523,0,0,0,0,60
WPLRN7,20120523,0,0,0,0,15
WPLS37,20120523,0,0,0,.1,164
WPLS57,20120523,0,0,0,1.675,19
WPLS67,20120523,0,0,0,.055,350
WPLS77,20120523,.035,.035,.035,.035,10
WPLS87,20120523,6.63,6.635,6.63,6.635,62
WPLSA9,20120523,0,0,0,0,10
WPLSJ9,20120523,5.77,5.77,5.77,5.77,29
WPLSN9,20120523,6.445,6.46,6.445,6.46,70
WPLT19,20120523,.405,.405,.405,.405,36
WPLTJ8,20120523,0,0,0,0,6
WPLTP9,20120523,5.095,5.095,5,5,35
WPLTS9,20120523,0,0,0,.685,50
WPLTX7,20120523,0,0,0,.06,350
WPLTY7,20120523,0,0,0,7.06,17
WPLUC9,20120523,0,0,0,0,100
WPLUD9,20120523,0,0,0,2.28,100
WPLUF9,20120523,.18,.18,.175,.175,71
WPLUJ8,20120523,.57,.58,.52,.52,175
WPLUL8,20120523,.86,.86,.8,.8,600
WPLVH9,20120523,1.85,1.85,1.85,1.85,100
WPLVT9,20120523,2.61,2.61,2.49,2.49,220
WPLVV9,20120523,0,0,0,0,30
WPLVX9,20120523,0,0,0,2.64,17
WPLVZ9,20120523,1,1,1,1,110
WPLW29,20120523,0,0,0,1.93,210
WPLX29,20120523,0,0,0,1.37,30
WPLX69,20120523,0,0,0,.47,1000
WPLXC9,20120523,0,0,0,1,80
WPLXL9,20120523,0,0,0,2.27,100
WPLXP9,20120523,0,0,0,0,30
WPLXZ9,20120523,0,0,0,0,10
WPLYD9,20120523,2.05,2.05,2.05,2.05,40
WPLYP9,20120523,1.585,1.585,1.585,1.585,30
WPLYQ9,20120523,1.85,1.865,1.85,1.865,80
WPLZM7,20120523,0,0,0,2.31,30
WPLZN7,20120523,0,0,0,4.905,15
WPLZY9,20120523,8.9,8.9,8.9,8.9,20
WRTFL8,20120523,0,0,0,.03,50
WRTIR8,20120523,0,0,0,.075,50
XJOB18,20120523,.71,.71,.64,.64,176
XJOB28,20120523,.44,.48,.41,.44,630
XJOB38,20120523,0,0,0,1.52,10
XJOB58,20120523,.28,.28,.28,.28,50
XJOB68,20120523,.2,.2,.16,.18,397
XJOB98,20120523,.11,.11,.1,.1,582
XJOBF8,20120523,.06,.06,.06,.06,613
XJOBJ8,20120523,.02,.02,.02,.02,242
XJOBQ8,20120523,1.44,1.47,1.44,1.47,71
XJOBT8,20120523,1.21,1.21,1.21,1.21,40
XJOC28,20120523,.51,.51,.51,.51,20
XJOC68,20120523,.3,.3,.3,.3,100
XJOCN8,20120523,1.39,1.39,1.39,1.39,25
XJOCR8,20120523,1.02,1.02,1.02,1.02,32
XJOEP8,20120523,.41,.42,.41,.42,21
XJOF18,20120523,.9,.9,.9,.9,5
XJOF28,20120523,1.04,1.04,1.04,1.04,5
XJOGQ7,20120523,0,0,0,.36,20
XJOGX7,20120523,0,0,0,.58,20
XJOGY7,20120523,0,0,0,.69,30
XJOIY7,20120523,0,0,0,.7,16
XJOJH8,20120523,.77,.82,.77,.82,12
XJOJM9,20120523,2.23,2.23,2.21,2.21,50
XJOJN9,20120523,2.92,2.95,2.92,2.95,127
XJOJO7,20120523,0,0,0,2.25,10
XJOJS8,20120523,.01,.01,.01,.01,5
XJOJU8,20120523,.38,.39,.38,.39,12
XJOJZ8,20120523,.44,.46,.44,.46,252
XJOK18,20120523,.49,.49,.49,.49,159
XJOK28,20120523,0,0,0,3.95,16
XJOK48,20120523,.58,.58,.58,.58,27
XJOK58,20120523,.71,.71,.7,.7,729
XJOK68,20120523,0,0,0,3.01,16
XJOK78,20120523,.86,.86,.86,.86,48
XJOK87,20120523,.08,.09,.08,.09,65
XJOK89,20120523,1.96,2.02,1.96,2.02,474
XJOKA8,20120523,.98,.98,.98,.98,24
XJOKB8,20120523,1.09,1.09,1.09,1.09,50
XJOKC9,20120523,0,0,0,2.31,10
XJOKE8,20120523,1.21,1.22,1.21,1.22,65
XJOKI8,20120523,1.38,1.5,1.38,1.5,119
XJOKJ8,20120523,0,0,0,1.56,10
XJOKL8,20120523,2.22,2.22,2.22,2.22,1
XJOKM8,20120523,0,0,0,1.57,20
XJOKP8,20120523,1.6,1.62,1.58,1.61,275
XJOKQ8,20120523,2.18,2.25,2.16,2.22,223
XJOKT8,20120523,0,0,0,1.21,3
XJOKW8,20120523,.9,.92,.9,.92,505
XJOKX8,20120523,.75,.75,.75,.75,600
XJOKZ8,20120523,3.65,3.65,3.65,3.65,1
XJOL18,20120523,.6,.63,.6,.61,284
XJOL28,20120523,.46,.47,.46,.47,520
XJOL59,20120523,.27,.27,.24,.27,4547
XJOL67,20120523,.02,.02,.02,.02,50
XJOL68,20120523,0,0,0,.29,75
XJOL98,20120523,.21,.21,.21,.21,100
XJOLA8,20120523,0,0,0,.17,10
XJOLD8,20120523,0,0,0,.13,10
XJOLE8,20120523,.09,.09,.08,.08,1620
XJOMG8,20120523,.01,.01,.01,.01,250
XJOMH8,20120523,.01,.01,.01,.01,10
XJOMR8,20120523,.35,.35,.34,.34,193
XJOMT8,20120523,.94,.95,.92,.92,114
XJOMX8,20120523,1.22,1.22,1.17,1.21,26
XJOMY8,20120523,1.35,1.42,1.35,1.4,70
XJOMZ8,20120523,.17,.19,.16,.19,158
XJON28,20120523,.06,.06,.06,.06,35
XJON48,20120523,.57,.57,.49,.53,639
XJON68,20120523,.71,.72,.66,.71,548
XJON78,20120523,1.84,1.84,1.84,1.84,410
XJON88,20120523,.37,.38,.35,.38,598
XJONK8,20120523,.12,.13,.12,.12,567
XJONL8,20120523,0,0,0,3.5,26
XJONO7,20120523,.04,.04,.04,.04,30
XJONQ8,20120523,.01,.01,.01,.01,450
XJONS7,20120523,.07,.07,.07,.07,50
XJONS8,20120523,.08,.09,.08,.09,414
XJONU8,20120523,.25,.27,.25,.27,183
XJONV7,20120523,.09,.11,.09,.11,2926
XJONW7,20120523,.11,.13,.11,.13,955
XJONY8,20120523,0,0,0,.04,10
XJOP68,20120523,0,0,0,.12,100
XJOPO8,20120523,.19,.19,.19,.19,1
XJOPP8,20120523,.21,.21,.21,.21,161
XJOPS8,20120523,.24,.24,.24,.24,90
XJOPT8,20120523,.27,.29,.26,.29,312
XJOPW8,20120523,.31,.31,.31,.31,105
XJOPX8,20120523,.79,.82,.79,.82,37
XJOQ18,20120523,.91,.92,.88,.88,108
XJOQ28,20120523,1.03,1.07,1,1.05,532
XJOQ48,20120523,0,0,0,1.59,6
XJOQ58,20120523,1.2,1.27,1.19,1.27,1138
XJOR78,20120523,.07,.07,.07,.07,55
XJORJ8,20120523,.46,.53,.46,.52,423
XJORK8,20120523,.28,.36,.28,.36,330
XJORU8,20120523,0,0,0,1.51,10
XJORV8,20120523,1.7,1.7,1.7,1.7,182
XJOS18,20120523,.02,.02,.02,.02,300
XJOS48,20120523,.03,.03,.03,.03,750
XJOS88,20120523,1.37,1.37,1.37,1.37,3
XJOS98,20120523,.63,.63,.63,.63,87
XJOSA8,20120523,0,0,0,0,5
XJOSC8,20120523,0,0,0,1.05,10
XJOSH8,20120523,0,0,0,.56,120
XJOSK8,20120523,0,0,0,.71,3
XJOSR8,20120523,.83,.84,.79,.81,332
XJOSS8,20120523,0,0,0,0,5
XJOSU8,20120523,1.52,1.56,1.52,1.56,20
XJOSU9,20120523,1.61,1.63,1.61,1.63,42
XJOSV8,20120523,.47,.47,.47,.47,50
XJOSW8,20120523,0,0,0,0,5
XJOSX8,20120523,1.3,1.3,1.3,1.3,45
XJOSY8,20120523,0,0,0,1.65,30
XJOSY9,20120523,3,3,3,3,2
XJOSZ9,20120523,3.03,3.16,3.03,3.09,35
XJOT18,20120523,1.01,1.03,1.01,1.03,13
XJOT28,20120523,1,1.06,1,1.06,47
XJOT38,20120523,2.16,2.16,2.16,2.16,80
XJOT39,20120523,3.33,3.37,3.33,3.37,89
XJOT48,20120523,0,0,0,.42,51
XJOTE8,20120523,.35,.35,.35,.35,174
XJOTG9,20120523,3.23,3.23,3.23,3.23,28
XJOTI8,20120523,0,0,0,.46,75
XJOTS9,20120523,.2,.23,.2,.23,555
XJOTU8,20120523,0,0,0,.7,78
XJOTU9,20120523,1.57,1.57,1.57,1.57,40
XJOTX8,20120523,0,0,0,0,20
XJOTZ8,20120523,0,0,0,.28,170
XJOU18,20120523,0,0,0,.19,10
XJOU48,20120523,.15,.15,.15,.15,10
XJOU59,20120523,.17,.17,.17,.17,100
XJOU88,20120523,.06,.06,.06,.06,1160
XJOUL9,20120523,.8,.81,.8,.8,191
XJOUO8,20120523,.14,.15,.14,.14,1022
XJOV18,20120523,.59,.64,.59,.64,383
XJOV28,20120523,.39,.43,.39,.43,254
XJOV68,20120523,.21,.24,.21,.24,1204
XJOVA8,20120523,.94,1.01,.92,1.01,656
XJOVC9,20120523,.03,.04,.03,.04,530
XJOVD8,20120523,.84,.85,.84,.85,58
XJOVD9,20120523,.02,.03,.02,.03,700
XJOVE8,20120523,.71,.75,.71,.75,74
XJOVM7,20120523,.34,.41,.34,.39,2507
XJOVN7,20120523,2.67,2.67,2.67,2.67,1
XJOVP7,20120523,.39,.48,.39,.48,676
XJOVQ7,20120523,.55,.59,.52,.59,1449
XJOVS7,20120523,0,0,0,1.59,218
XJOVT7,20120523,.62,.72,.62,.71,1819
XJOVU7,20120523,.8,.88,.8,.88,2632
XJOVV7,20120523,1.1,1.1,1.09,1.09,504
XJOVW7,20120523,.9,.9,.75,.78,1632
XJOVX7,20120523,.9,1.09,.9,1.08,457
XJOVY7,20120523,1.24,1.24,1.22,1.22,203
XJOVZ7,20120523,.55,.56,.51,.51,792
XJOW17,20120523,.4,.4,.32,.36,567
XJOW27,20120523,1.52,1.63,1.52,1.63,97
XJOW37,20120523,1.89,1.93,1.87,1.92,82
XJOW47,20120523,.24,.24,.2,.23,341
XJOW49,20120523,.08,.08,.08,.08,700
XJOW57,20120523,.14,.15,.13,.14,596
XJOW67,20120523,2.29,2.37,2.29,2.37,39
XJOW77,20120523,0,0,0,2.89,5
XJOW87,20120523,.08,.08,.08,.08,247
XJOW97,20120523,.05,.05,.04,.04,2686
XJOWA7,20120523,3.3,3.3,3.3,3.3,20
XJOWB7,20120523,3.78,3.78,3.78,3.78,2
XJOWC7,20120523,.04,.04,.02,.02,168
XJOWD7,20120523,.02,.02,.02,.02,118
XJOWG7,20120523,.01,.01,.01,.01,30
XJOWH7,20120523,0,0,0,.01,10
XJOWI7,20120523,5.28,5.28,5.28,5.28,1
XJOWT8,20120523,.46,.46,.46,.46,20
XJOWV8,20120523,.25,.25,.24,.25,450
XJOX28,20120523,1.49,1.49,1.49,1.49,50
XJOX48,20120523,.94,.94,.94,.94,32
XJOX68,20120523,.57,.57,.57,.57,5
XJOX88,20120523,0,0,0,.29,10
XJOXA8,20120523,.69,.69,.69,.69,8
XJOXC8,20120523,.4,.4,.4,.4,210
XJOXE8,20120523,1.12,1.12,1.1,1.12,124
XJOXI8,20120523,0,0,0,1.73,3
XJOXL8,20120523,.06,.08,.06,.08,270
XJOXM8,20120523,.14,.15,.14,.15,445
XJOXN8,20120523,0,0,0,5.19,10
XJOXP8,20120523,.28,.33,.28,.33,1835
XJOXR7,20120523,40.77,40.77,40.77,40.77,1
XJOY37,20120523,.26,.26,.25,.26,400
XJOY88,20120523,.12,.13,.12,.13,40
XJOZU7,20120523,.79,.79,.72,.74,361
XJOZV7,20120523,1.25,1.25,1.25,1.25,45
XJOZW7,20120523,.96,.96,.92,.92,371
XJOZX7,20120523,.94,.98,.91,.98,486
XJOZY7,20120523,1.17,1.17,1.17,1.17,10
XPJ2M,20120523,8.53,8.53,8.53,8.53,52
