AAT,20020528,.24,.24,.235,.24,722969
AAU,20020528,.80,.82,.80,.82,72300
ABC,20020528,.78,.78,.77,.77,213299
ABG,20020528,2.38,2.39,2.38,2.39,23861
ABI,20020528,1.46,1.50,1.46,1.46,29450
ABK,20020528,.40,.43,.40,.43,81400
ABKO,20020528,.03,.045,.03,.045,755500
ABS,20020528,13.10,13.29,13.10,13.29,2250
ABX,20020528,.46,.46,.455,.46,210850
ABXO,20020528,.255,.275,.25,.265,235000
ACE,20020528,.054,.054,.053,.053,28000
ACEO,20020528,.001,.001,.001,.001,501
ACU,20020528,.16,.165,.16,.16,92431
ADA,20020528,.95,.95,.93,.95,36839
ADB,20020528,7.31,7.45,7.31,7.41,35237
ADBHA,20020528,108.50,108.50,108.50,108.50,208
ADBHB,20020528,85.00,85.00,85.00,85.00,150
ADM,20020528,.044,.045,.044,.045,125000
ADMO,20020528,.008,.008,.006,.006,25003
ADN,20020528,.125,.13,.125,.13,137700
ADP,20020528,2.61,2.64,2.61,2.63,1341227
ADR,20020528,.055,.061,.054,.059,1338378
ADU,20020528,.175,.22,.175,.20,569990
ADUO,20020528,.065,.065,.065,.065,67693
ADV,20020528,.06,.06,.06,.06,30250
ADX,20020528,.38,.395,.38,.395,20000
ADXOA,20020528,.19,.19,.18,.18,7000
ADZ,20020528,2.05,2.06,2.04,2.04,158009
AEC,20020528,.80,.80,.79,.79,9500
AEN,20020528,.22,.23,.20,.20,65000
AEO,20020528,1.73,1.73,1.68,1.68,3765630
AES,20020528,.28,.28,.28,.28,2889
AET,20020528,1.30,1.30,1.26,1.30,33460
AEX,20020528,.105,.11,.10,.10,162600
AEXO,20020528,.028,.028,.024,.024,580000
AFF,20020528,.265,.265,.265,.265,11720
AFI,20020528,3.18,3.19,3.17,3.18,370809
AFM,20020528,.032,.032,.032,.032,160000
AGA,20020528,.004,.004,.004,.004,143000
AGG,20020528,11.87,11.87,11.01,11.06,9053
AGH,20020528,.83,.84,.82,.82,303148
AGI,20020528,1.17,1.19,1.16,1.19,300990
AGL,20020528,9.61,9.64,9.57,9.60,501249
AGLIGC,20020528,5.48,5.48,5.48,5.48,10000
AGLIMD,20020528,2.19,2.21,2.19,2.19,12150
AGLIPE,20020528,.48,.48,.48,.48,2000
AGLISF,20020528,4.34,4.34,4.34,4.34,2000
AGLIWB,20020528,2.57,2.58,2.57,2.58,5331
AGLWSD,20020528,.083,.083,.083,.083,14250
AGM,20020528,.045,.045,.045,.045,10000
AGMO,20020528,.006,.006,.006,.006,50000
AGX,20020528,.41,.41,.40,.40,43000
AGY,20020528,.42,.435,.42,.43,96295
AGZ,20020528,.009,.009,.008,.008,2092320
AHD,20020528,2.58,2.61,2.53,2.60,60862
AIE,20020528,.165,.17,.16,.17,122198
AIG,20020528,.05,.055,.05,.055,100000
AIL,20020528,.11,.11,.11,.11,16000
AIP,20020528,1.14,1.16,1.14,1.15,2595710
AIX,20020528,1.43,1.44,1.41,1.41,219969
AIZ,20020528,.50,.55,.50,.54,1287525
AJL,20020528,.92,.92,.90,.90,45000
ALK,20020528,.29,.30,.285,.29,116550
ALKOB,20020528,.14,.14,.14,.14,20000
ALL,20020528,5.84,5.89,5.82,5.87,735788
ALLIMF,20020528,2.30,2.30,2.29,2.29,4500
ALN,20020528,4.16,4.16,4.12,4.13,34513
ALR,20020528,1.16,1.16,1.15,1.16,36000
ALRO,20020528,.08,.08,.08,.08,16317
ALS,20020528,3.51,3.51,3.50,3.50,20000
ALU,20020528,1.27,1.28,1.21,1.21,46067
ALZ,20020528,1.58,1.58,1.56,1.56,18030
ALZPA,20020528,110.50,110.50,110.50,110.50,270
AMC,20020528,8.63,8.64,8.54,8.58,3130794
AMCISE,20020528,2.92,3.01,2.92,3.00,23740
AMCWPB,20020528,.35,.35,.35,.35,25000
AMG,20020528,.115,.115,.10,.10,24000
AMH,20020528,1.64,1.65,1.64,1.65,43955
AML,20020528,.78,.80,.77,.77,82276
AMM,20020528,.14,.14,.13,.135,556999
AMMOA,20020528,.028,.028,.028,.028,26000
AMP,20020528,16.86,17.01,16.85,16.92,1478851
AMPIAA,20020528,6.14,6.14,6.14,6.14,545
AMPIGH,20020528,2.56,2.56,2.56,2.56,4000
AMPIMD,20020528,3.10,3.10,3.10,3.10,879
AMPIMG,20020528,1.48,1.48,1.48,1.48,704
AMPIPD,20020528,2.32,2.32,2.32,2.32,4000
AMPWGF,20020528,.071,.071,.046,.046,45000
AMPWGI,20020528,.15,.15,.15,.15,60000
AMPWOH,20020528,.035,.035,.032,.032,60000
AMPWOS,20020528,.115,.12,.11,.12,250000
AMPWPN,20020528,.046,.046,.046,.046,100000
AMQHA,20020528,94.20,94.60,94.20,94.50,70416
AMS,20020528,.10,.10,.10,.10,10000
AMU,20020528,.115,.115,.11,.11,35000
AMV,20020528,.009,.009,.009,.009,1000
AMZG,20020528,109.90,109.90,108.00,108.70,98303
AMZGA,20020528,110.00,110.00,108.50,109.25,348888
ANC,20020528,6.05,6.10,6.05,6.10,16935
ANE,20020528,2.38,2.39,2.31,2.31,9000
ANL,20020528,.355,.36,.345,.36,49000
ANM,20020528,.53,.54,.52,.52,172531
ANMCA,20020528,.34,.34,.32,.32,931059
ANMO,20020528,.105,.11,.105,.11,13500
ANN,20020528,6.89,6.89,6.72,6.74,400234
ANP,20020528,.125,.13,.125,.125,110000
ANPO,20020528,.074,.075,.074,.075,123000
ANTG,20020528,21.00,21.00,20.30,20.30,320
ANX,20020528,.31,.31,.28,.28,46500
ANZ,20020528,19.16,19.20,18.95,19.02,3315100
ANZEEA,20020528,10.76,10.76,10.76,10.76,1380
ANZIDA,20020528,11.99,11.99,11.99,11.99,417
ANZIMD,20020528,4.56,4.56,4.50,4.50,11702
ANZIMT,20020528,1.22,1.22,1.20,1.20,9000
ANZIPE,20020528,2.29,2.29,2.26,2.26,10000
ANZISD,20020528,3.48,3.48,3.44,3.44,12900
ANZIZD,20020528,4.37,4.37,4.36,4.36,2600
ANZWCG,20020528,.20,.20,.20,.20,100000
ANZWGD,20020528,.30,.30,.255,.255,155000
ANZWGF,20020528,.195,.195,.185,.185,20000
ANZWGG,20020528,.35,.35,.35,.35,10000
ANZWME,20020528,.24,.24,.22,.22,75000
ANZWMF,20020528,.175,.175,.17,.17,43000
ANZWMQ,20020528,.115,.12,.115,.12,80000
ANZWOC,20020528,.046,.046,.046,.046,35000
ANZWOE,20020528,.125,.125,.125,.125,10000
ANZWPX,20020528,.099,.11,.099,.11,295000
AOE,20020528,.17,.175,.17,.17,81700
AOF,20020528,1.28,1.29,1.27,1.28,1379781
AOG,20020528,1.95,2.00,1.95,1.99,578484
AOGO,20020528,.85,.90,.83,.88,43723
AOR,20020528,4.45,4.62,4.38,4.60,7958833
APA,20020528,2.45,2.47,2.42,2.45,28979
APCHA,20020528,99.20,99.20,99.20,99.20,60
APE,20020528,4.70,4.70,4.66,4.70,12445
APEO,20020528,.75,.75,.75,.75,1017
APG,20020528,.07,.07,.067,.067,90000
API,20020528,3.37,3.38,3.37,3.37,7000
APN,20020528,3.77,3.78,3.75,3.76,162119
APY,20020528,.70,.71,.70,.70,55000
APZ,20020528,.092,.092,.085,.085,37174
AQP,20020528,10.53,10.90,10.53,10.75,61391
AQT,20020528,.11,.11,.11,.11,65000
ARA,20020528,.22,.225,.22,.225,14938
ARC,20020528,.095,.097,.09,.095,339700
ARG,20020528,4.46,4.48,4.44,4.48,43638
ARL,20020528,.22,.22,.21,.21,264349
ARP,20020528,13.99,14.00,13.90,14.00,1707
ARQ,20020528,.51,.53,.51,.53,958800
ART,20020528,1.42,1.43,1.42,1.42,5069112
ARX,20020528,.05,.05,.05,.05,40000
ASB,20020528,1.40,1.41,1.40,1.40,102198
ASC,20020528,.34,.34,.315,.32,3624378
ASCOA,20020528,.19,.19,.19,.19,3000
ASCOB,20020528,.017,.017,.015,.015,310000
ASCOC,20020528,.002,.002,.002,.002,800
ASL,20020528,.39,.39,.365,.39,93300
ASN,20020528,.06,.06,.06,.06,9500
ASO,20020528,.14,.14,.14,.14,6340
ASR,20020528,.30,.30,.30,.30,70000
ASX,20020528,13.51,13.62,13.50,13.62,88994
ATC,20020528,.41,.41,.40,.40,43000
ATE,20020528,.125,.125,.125,.125,4000
ATG,20020528,.355,.355,.355,.355,20000
ATI,20020528,.13,.13,.13,.13,10000
ATN,20020528,.02,.02,.02,.02,76188
ATP,20020528,.47,.47,.46,.47,127000
ATX,20020528,.06,.062,.06,.06,38147
ATY,20020528,.056,.056,.056,.056,12800
AUD,20020528,2.08,2.08,2.07,2.07,408670
AUG,20020528,.17,.19,.17,.185,3352060
AUH,20020528,.04,.045,.04,.045,11190
AUI,20020528,4.16,4.16,4.15,4.15,12308
AUIR,20020528,.55,.55,.50,.50,249801
AUL,20020528,.016,.017,.015,.015,1301425
AUM,20020528,.067,.067,.061,.061,100000
AUMO,20020528,.011,.011,.011,.011,620000
AUN,20020528,.205,.21,.20,.20,247300
AUO,20020528,.62,.63,.61,.63,914267
AUR,20020528,.078,.083,.078,.082,460800
AUY,20020528,.18,.18,.17,.17,10547
AVJ,20020528,1.20,1.20,1.19,1.20,16815
AVL,20020528,.092,.092,.09,.091,485000
AVN,20020528,.017,.017,.016,.017,96134
AVO,20020528,.205,.21,.20,.205,136500
AVR,20020528,.305,.305,.30,.30,22841
AWB,20020528,4.37,4.37,4.30,4.30,123937
AWE,20020528,.78,.80,.77,.78,188654
AXA,20020528,3.18,3.18,3.12,3.14,684818
AXI,20020528,.011,.011,.011,.011,153848
AXN,20020528,.36,.37,.36,.37,386261
AXUWGD,20020528,.48,.48,.48,.48,5000
AXUWMG,20020528,.39,.39,.39,.39,6000
AYO,20020528,.73,.73,.72,.72,42591
AYOOA,20020528,.385,.385,.375,.375,59561
AZE,20020528,.016,.016,.016,.016,106000
BARO,20020528,.13,.13,.115,.115,40000
BBB,20020528,.13,.13,.13,.13,2000
BBG,20020528,8.95,8.95,8.75,8.87,344207
BCA,20020528,4.03,4.08,3.93,3.93,1556558
BCH,20020528,.092,.094,.092,.094,7500
BDG,20020528,.28,.28,.275,.28,727161
BDL,20020528,.16,.165,.16,.16,590792
BDS,20020528,1.80,1.80,1.80,1.80,20312
BEN,20020528,7.02,7.10,7.01,7.07,69683
BENGA,20020528,6.90,6.98,6.90,6.98,12364
BFLHA,20020528,82.00,82.00,82.00,82.00,364
BFS,20020528,.41,.41,.41,.41,4445
BGD,20020528,.08,.08,.075,.075,1879
BGN,20020528,.95,.96,.95,.95,153364
BHL,20020528,4.75,4.75,4.75,4.75,14530
BHP,20020528,11.07,11.20,11.03,11.16,9363828
BHPEME,20020528,11.82,11.82,11.82,11.82,400
BHPIAA,20020528,5.22,5.22,5.22,5.22,1091
BHPIGG,20020528,2.67,2.70,2.67,2.69,23200
BHPIMD,20020528,2.19,2.25,2.19,2.25,19000
BHPIPD,20020528,3.17,3.17,3.17,3.17,13000
BHPISD,20020528,2.43,2.45,2.42,2.45,25100
BHPIYA,20020528,5.61,5.61,5.61,5.61,1750
BHPIZD,20020528,2.48,2.48,2.48,2.48,10000
BHPWAK,20020528,.078,.098,.076,.092,1462300
BHPWAV,20020528,.165,.165,.15,.15,65000
BHPWGL,20020528,.05,.051,.05,.051,22500
BHPWGW,20020528,.125,.125,.12,.12,40000
BHPWMK,20020528,.135,.15,.135,.145,785000
BHPWMM,20020528,.15,.15,.15,.15,35000
BHPWMU,20020528,.095,.095,.083,.083,400000
BHPWOK,20020528,.087,.087,.087,.087,12000
BHPWOL,20020528,.125,.135,.125,.13,831945
BHPWPO,20020528,.08,.089,.08,.089,196000
BHPWPY,20020528,.01,.01,.01,.01,4000
BHPWZA,20020528,.12,.145,.12,.145,297692
BHPWZO,20020528,.36,.395,.36,.395,40000
BIL,20020528,9.48,9.48,9.40,9.45,2934608
BILIAA,20020528,2.87,2.87,2.87,2.87,2862
BILIPD,20020528,1.06,1.08,1.06,1.08,2300
BILISD,20020528,.46,.475,.46,.475,14000
BILWAR,20020528,.055,.055,.055,.055,50000
BILWMJ,20020528,.115,.115,.115,.115,4400
BILWMT,20020528,.035,.035,.035,.035,400000
BILWMU,20020528,.245,.245,.245,.245,50000
BILWOP,20020528,.079,.08,.078,.08,328175
BIR,20020528,.99,1.00,.98,.99,580352
BIT,20020528,.45,.57,.45,.57,1804695
BITO,20020528,.022,.039,.022,.039,33500
BKR,20020528,.165,.165,.165,.165,21000
BKS,20020528,.033,.034,.033,.034,217712
BKV,20020528,.12,.12,.105,.105,339080
BKW,20020528,6.70,6.70,6.70,6.70,9950
BLD,20020528,3.92,3.95,3.92,3.94,687884
BLN,20020528,.095,.11,.095,.11,160000
BLO,20020528,.12,.12,.12,.12,201800
BLR,20020528,.04,.043,.04,.043,45502
BLZ,20020528,.066,.066,.065,.065,81905
BMC,20020528,.03,.031,.029,.031,364790
BMS,20020528,1.54,1.54,1.45,1.50,314436
BMSOA,20020528,1.25,1.25,1.20,1.25,33250
BMX,20020528,.33,.33,.325,.33,172000
BNO,20020528,.83,.83,.81,.81,117000
BOBEMF,20020528,.98,.98,.98,.98,2650
BOC,20020528,.15,.15,.15,.15,20578
BOQ,20020528,7.15,7.24,7.15,7.21,18951
BOQPA,20020528,111.00,111.00,111.00,111.00,1590
BPC,20020528,.68,.69,.67,.67,1928582
BPCO,20020528,.475,.485,.475,.485,769496
BPCPA,20020528,.68,.68,.68,.68,2934528
BPO,20020528,.12,.12,.115,.115,105800
BPTDA,20020528,.335,.335,.33,.335,603832
BRC,20020528,.26,.26,.26,.26,20000
BRE,20020528,.008,.008,.008,.008,50000
BRI,20020528,.32,.33,.32,.32,6100
BRL,20020528,9.70,9.73,9.59,9.60,268629
BRS,20020528,2.70,2.73,2.69,2.73,100521
BRY,20020528,.51,.55,.51,.52,647851
BRZ,20020528,2.24,2.25,2.23,2.24,73960
BSG,20020528,.16,.16,.15,.16,365000
BSGOA,20020528,.024,.025,.024,.025,123000
BSN,20020528,.051,.051,.051,.051,20000
BSO,20020528,3.69,3.69,3.66,3.66,16320
BTA,20020528,.48,.48,.455,.47,78910
BTC,20020528,.355,.355,.355,.355,18000
BTCO,20020528,.053,.053,.051,.051,54000
BTE,20020528,.64,.65,.64,.64,69408
BTG,20020528,.67,.68,.65,.65,42529
BTO,20020528,1.55,1.56,1.54,1.54,270417
BUG,20020528,.55,.57,.55,.57,7808
BUU,20020528,.025,.025,.025,.025,56150
BUY,20020528,.125,.125,.125,.125,7000
BUYO,20020528,.035,.035,.035,.035,28000
BWA,20020528,4.67,4.68,4.65,4.67,200226
BWI,20020528,.85,.85,.84,.84,44206
BWP,20020528,1.30,1.30,1.29,1.29,90540
BWT,20020528,.01,.01,.008,.008,455000
BWTO,20020528,.001,.001,.001,.001,22159667
BYI,20020528,.55,.55,.55,.55,1162
CAA,20020528,2.61,2.63,2.60,2.61,30611
CAB,20020528,2.77,2.77,2.60,2.60,235448
CAG,20020528,.041,.047,.041,.045,1107340
CAGO,20020528,.014,.015,.014,.014,1031185
CAI,20020528,.60,.60,.59,.59,45400
CAT,20020528,5.62,5.62,5.50,5.60,6974
CBA,20020528,32.60,33.07,32.58,33.07,3132286
CBAEEA,20020528,17.20,17.55,17.20,17.55,865
CBAIAA,20020528,16.61,16.61,16.61,16.61,500
CBAIGA,20020528,16.25,16.43,16.25,16.43,3028
CBAIGB,20020528,11.82,11.82,11.79,11.79,4450
CBAIGG,20020528,5.90,5.90,5.90,5.90,4000
CBAIMG,20020528,7.48,7.48,7.48,7.48,5000
CBAIPE,20020528,1.55,1.83,1.55,1.83,36000
CBAISD,20020528,5.80,5.85,5.80,5.85,1500
CBAISF,20020528,14.80,14.82,14.80,14.82,1750
CBAIZD,20020528,6.65,6.65,6.65,6.65,1000
CBAPA,20020528,211.60,211.60,211.20,211.20,1359
CBAWGG,20020528,.67,.67,.67,.67,10000
CBAWMN,20020528,.14,.15,.14,.15,130000
CBAWMO,20020528,.30,.30,.30,.30,3400
CBAWOF,20020528,.255,.285,.25,.285,55454
CBAWOG,20020528,.079,.08,.079,.08,49800
CBAWOH,20020528,.13,.17,.12,.17,565094
CBAWOI,20020528,.29,.31,.29,.31,155000
CBAWOW,20020528,.215,.215,.215,.215,4160
CBAWPV,20020528,.14,.14,.115,.115,90000
CBAWSG,20020528,.041,.042,.037,.042,400000
CBD,20020528,.007,.007,.007,.007,787238
CBEHA,20020528,96.00,96.00,96.00,96.00,100
CBH,20020528,.058,.065,.058,.064,574061
CBO,20020528,.028,.028,.028,.028,80000
CBT,20020528,.093,.093,.092,.092,100000
CBW,20020528,.255,.265,.25,.265,339264
CCH,20020528,.115,.12,.115,.12,40000
CCK,20020528,.15,.18,.15,.18,8100
CCL,20020528,6.09,6.20,6.09,6.18,853620
CCLWPD,20020528,.105,.105,.105,.105,50000
CCLWXB,20020528,.16,.16,.16,.16,3125
CCP,20020528,.75,.75,.73,.73,6000
CCV,20020528,.04,.04,.04,.04,87000
CCW,20020528,.051,.051,.051,.051,2000
CDF,20020528,1.19,1.19,1.19,1.19,4710
CDK,20020528,.42,.42,.42,.42,23700
CDL,20020528,.08,.08,.08,.08,802860
CDO,20020528,3.17,3.24,3.17,3.24,139077
CDP,20020528,2.32,2.32,2.30,2.32,22699
CDR,20020528,.70,.71,.70,.71,12000
CEN,20020528,3.35,3.35,3.35,3.35,206
CEP,20020528,3.74,3.78,3.73,3.73,5719487
CEQ,20020528,1.78,1.85,1.78,1.85,21000
CEW,20020528,.88,.89,.88,.88,47000
CEWG,20020528,.82,.82,.80,.80,45000
CEY,20020528,1.89,1.89,1.84,1.85,269469
CFA,20020528,.055,.055,.055,.055,39000
CFR,20020528,.016,.016,.015,.015,572200
CFRO,20020528,.003,.003,.003,.003,1200000
CFT,20020528,2.18,2.20,2.17,2.20,733877
CGC,20020528,.049,.049,.045,.045,142000
CGO,20020528,.56,.60,.56,.60,10500
CHB,20020528,25.70,26.05,25.70,26.05,2131
CHF,20020528,.74,.75,.74,.75,19000
CHL,20020528,.24,.24,.24,.24,10000
CHO,20020528,17.11,17.11,17.10,17.10,2444
CHQ,20020528,.46,.47,.455,.455,361466
CHQR,20020528,.15,.15,.15,.15,110833
CHS,20020528,.07,.07,.07,.07,10000
CHY,20020528,1.71,1.74,1.69,1.73,43590
CID,20020528,.145,.145,.145,.145,96500
CIN,20020528,10.55,10.55,10.55,10.55,6450
CIR,20020528,1.77,1.77,1.70,1.73,30317
CIY,20020528,1.65,1.65,1.63,1.65,4764
CIYO,20020528,.80,.82,.80,.82,5000
CIYOA,20020528,.56,.56,.56,.56,3836
CKG,20020528,.024,.024,.024,.024,15000
CKR,20020528,.78,.78,.78,.78,8000
CLH,20020528,3.53,3.53,3.43,3.43,42423
CLI,20020528,2.90,3.00,2.90,3.00,82125
CLK,20020528,.68,.68,.68,.68,2000
CLL,20020528,1.70,1.70,1.65,1.65,10240
CLO,20020528,.85,.85,.82,.82,218000
CLT,20020528,1.46,1.46,1.45,1.46,9272
CLV,20020528,.17,.19,.17,.19,27468
CLX,20020528,.45,.45,.44,.44,7500
CMI,20020528,1.29,1.29,1.26,1.26,2000
CML,20020528,6.46,6.54,6.46,6.53,3549097
CMLIOF,20020528,2.55,2.55,2.55,2.55,380
CMLIPF,20020528,2.10,2.10,2.10,2.10,20000
CMLIWA,20020528,3.15,3.15,3.15,3.15,600
CMLIZB,20020528,3.20,3.20,3.20,3.20,10000
CMLPA,20020528,107.25,107.35,107.05,107.35,16130
CMLWGI,20020528,.085,.085,.085,.085,7000
CMLWMG,20020528,.001,.001,.001,.001,50000
CMLWPL,20020528,.002,.002,.002,.002,200000
CMLWPV,20020528,.375,.375,.375,.375,20000
CMP,20020528,.43,.43,.43,.43,37000
CMQ,20020528,2.08,2.08,2.03,2.03,23300
CMR,20020528,.405,.405,.40,.40,112750
CMRO,20020528,.04,.04,.04,.04,35000
CMS,20020528,.07,.07,.07,.07,22500
CMW,20020528,.09,.09,.09,.09,200000
CMX,20020528,.08,.081,.08,.08,354000
CNA,20020528,29.00,29.00,28.50,28.50,575
CND,20020528,1.00,1.00,.98,.99,153724
CNM,20020528,.02,.02,.02,.02,180000
CNN,20020528,.135,.135,.135,.135,128150
CNT,20020528,.305,.305,.30,.30,507280
CNTO,20020528,.11,.11,.10,.105,2887210
COA,20020528,2.11,2.13,2.11,2.13,133951
COE,20020528,.145,.145,.145,.145,6900
COEO,20020528,.049,.051,.049,.05,200000
COF,20020528,1.92,1.92,1.90,1.90,8500
COH,20020528,36.00,36.67,36.00,36.67,231469
COHIMD,20020528,8.82,9.06,8.82,9.06,3000
COHIPF,20020528,14.63,14.63,14.63,14.63,2000
COM,20020528,.14,.14,.14,.14,30000
COO,20020528,.064,.064,.064,.064,10000
COU,20020528,.42,.43,.42,.43,8000
CPA,20020528,1.20,1.21,1.20,1.20,817613
CPB,20020528,5.74,5.80,5.74,5.80,19014
CPC,20020528,.33,.34,.32,.325,43166
CPH,20020528,.405,.41,.405,.41,528532
CPI,20020528,.98,.98,.97,.97,51700
CPIPA,20020528,1.85,1.85,1.85,1.85,3200
CPU,20020528,2.17,2.20,2.14,2.16,3494579
CPUIMD,20020528,.51,.52,.51,.52,13000
CPUPA,20020528,84.50,84.50,83.50,83.50,20711
CPUWMC,20020528,.056,.056,.056,.056,16903
CPUWMQ,20020528,.125,.13,.12,.125,256000
CPUWMR,20020528,.066,.066,.066,.066,15000
CPXXMD,20020528,1678.00,1678.00,1678.00,1678.00,71
CQT,20020528,.07,.07,.064,.064,29900
CRG,20020528,8.75,8.75,8.65,8.67,70060
CRL,20020528,.075,.077,.075,.077,135000
CROHB,20020528,104.50,104.50,104.00,104.00,335
CRS,20020528,.81,.84,.80,.84,2563680
CRSG,20020528,2.25,2.35,2.25,2.35,103000
CRT,20020528,1.20,1.20,1.20,1.20,5000
CSB,20020528,.14,.14,.135,.135,33756
CSG,20020528,.01,.01,.01,.01,50000
CSI,20020528,.027,.027,.027,.027,390000
CSL,20020528,36.90,37.44,36.90,37.14,212648
CSLIPF,20020528,15.07,15.07,15.07,15.07,1200
CSM,20020528,.63,.64,.63,.63,126500
CSR,20020528,6.69,6.69,6.64,6.65,4127495
CSRIGA,20020528,3.49,3.49,3.49,3.49,20000
CSRIMC,20020528,3.27,3.27,3.25,3.25,30657
CSRWAC,20020528,.013,.013,.013,.013,5000
CSRWAD,20020528,.14,.14,.14,.14,7100
CSRWPB,20020528,.089,.089,.089,.089,15000
CST,20020528,1.95,1.99,1.83,1.83,697017
CSX,20020528,.04,.04,.04,.04,5000
CSY,20020528,.135,.14,.135,.135,271085
CTE,20020528,.405,.41,.40,.41,411509
CTI,20020528,.195,.195,.19,.19,54450
CTL,20020528,2.30,2.32,2.30,2.30,486702
CTO,20020528,.085,.10,.085,.09,980942
CTX,20020528,1.53,1.57,1.52,1.56,125254
CUE,20020528,.04,.042,.04,.042,467800
CUL,20020528,.045,.045,.043,.044,2714166
CVI,20020528,.19,.19,.19,.19,500
CVN,20020528,.045,.049,.045,.047,260000
CWP,20020528,.58,.58,.58,.58,4138
CXL,20020528,.035,.035,.026,.026,195000
CXP,20020528,4.41,4.46,4.39,4.43,479738
CYG,20020528,3.61,3.61,3.60,3.60,351000
DAY,20020528,.024,.024,.024,.024,37900
DCL,20020528,.30,.31,.295,.295,230058
DCS,20020528,.036,.036,.035,.035,46700
DDF,20020528,1.20,1.21,1.18,1.21,2414090
DDV,20020528,.05,.05,.05,.05,90000
DES,20020528,.024,.024,.024,.024,59000
DFT,20020528,.009,.009,.008,.008,2651000
DFTO,20020528,.002,.002,.002,.002,500
DGM,20020528,.004,.004,.004,.004,1150000
DID,20020528,.10,.10,.10,.10,21800
DIDOC,20020528,.045,.045,.045,.045,50000
DIO,20020528,.155,.155,.145,.155,2624086
DIOO,20020528,.035,.038,.035,.038,4068280
DIT,20020528,1.66,1.68,1.66,1.67,524645
DJS,20020528,1.13,1.13,1.12,1.12,451277
DJW,20020528,3.65,3.69,3.65,3.67,91332
DJWG,20020528,4.10,4.10,4.10,4.10,41966
DKN,20020528,.23,.23,.225,.225,135000
DKNO,20020528,.023,.023,.016,.016,109800
DLS,20020528,.05,.052,.05,.052,126240
DMX,20020528,.26,.30,.26,.30,255073
DMXO,20020528,.215,.23,.205,.23,35000
DMY,20020528,.73,.78,.73,.78,52275
DNS,20020528,.045,.049,.045,.049,221000
DOM,20020528,.72,.73,.70,.72,247902
DOT,20020528,1.33,1.34,1.31,1.31,3429489
DOW,20020528,.76,.76,.72,.73,1108223
DRA,20020528,.098,.098,.095,.098,110000
DRD,20020528,8.63,8.63,8.40,8.60,8450
DRE,20020528,1.73,1.80,1.73,1.80,157942
DRN,20020528,.063,.063,.062,.062,121500
DSF,20020528,.50,.50,.49,.49,14000
DTL,20020528,.99,1.02,.95,.95,19919
DUI,20020528,2.00,2.00,1.95,1.95,10500
DVC,20020528,1.91,1.99,1.91,1.97,52328
DVN,20020528,.53,.53,.53,.53,45634
DVNPB,20020528,9.50,9.60,9.50,9.60,7750
DVT,20020528,.038,.038,.037,.038,955268
DWY,20020528,.70,.70,.70,.70,103750
DWYO,20020528,.15,.20,.15,.20,38000
EBR,20020528,.092,.092,.092,.092,66
EBT,20020528,.175,.18,.17,.18,415010
ECL,20020528,.067,.068,.066,.067,342650
ECM,20020528,.091,.091,.09,.09,26000
ECP,20020528,.385,.395,.38,.39,225189
ECS,20020528,.18,.18,.17,.17,40000
ECU,20020528,.018,.018,.018,.018,28000
EDN,20020528,.29,.315,.29,.305,261500
EEL,20020528,.135,.135,.125,.13,223000
EFN,20020528,.024,.024,.024,.024,8100
EGI,20020528,.135,.145,.135,.14,28472
EGL,20020528,.11,.11,.10,.10,25000
EGO,20020528,.028,.028,.028,.028,1075000
EGOO,20020528,.004,.004,.003,.003,260000
EHO,20020528,.06,.06,.06,.06,30000
EIF,20020528,.145,.145,.145,.145,1873
ELL,20020528,.10,.10,.098,.098,180557
ELX,20020528,1.26,1.27,1.25,1.27,40011
EMI,20020528,.03,.03,.03,.03,8600
EMM,20020528,.15,.15,.15,.15,38800
EMP,20020528,.90,.94,.89,.94,451776
EMS,20020528,.17,.17,.17,.17,10000
ENE,20020528,3.60,3.60,3.47,3.48,213986
ENEIME,20020528,1.72,1.72,1.72,1.72,1000
ENV,20020528,.86,.86,.85,.86,147202
EOS,20020528,1.86,1.86,1.70,1.85,61200
EPR,20020528,.145,.145,.145,.145,62500
EPT,20020528,.135,.135,.125,.125,114801
EPTO,20020528,.04,.04,.04,.04,10000
EQI,20020528,.86,.88,.85,.86,482903
EQR,20020528,.09,.09,.09,.09,109751
EQS,20020528,.06,.06,.06,.06,100000
EQT,20020528,6.10,6.10,6.10,6.10,150
EQX,20020528,.31,.31,.30,.30,70500
EQXO,20020528,.10,.10,.10,.10,50000
ERA,20020528,1.90,1.90,1.90,1.90,5983
ERG,20020528,.305,.33,.30,.325,23745464
ERGG,20020528,5.72,6.00,5.70,5.85,56810
ERS,20020528,.90,.90,.90,.90,25800
ESI,20020528,.39,.40,.37,.40,59509
ESL,20020528,.23,.23,.225,.225,9800
EST,20020528,.062,.062,.061,.061,61000
ETR,20020528,.59,.59,.58,.58,25250
ETT,20020528,.04,.04,.039,.039,120000
ETW,20020528,1.39,1.39,1.38,1.38,8000
EUG,20020528,.078,.078,.078,.078,4728
EUR,20020528,.028,.028,.027,.028,170094
EVM,20020528,.24,.24,.24,.24,30000
EWC,20020528,.03,.03,.029,.029,294169
EWL,20020528,.15,.15,.15,.15,25000
EZE,20020528,.175,.175,.175,.175,4175
EZEO,20020528,.075,.075,.075,.075,50000
EZL,20020528,.56,.56,.56,.56,589000
EZY,20020528,.10,.10,.10,.10,144500
FAN,20020528,1.55,1.56,1.55,1.56,17410
FAR,20020528,.082,.082,.082,.082,5000
FCL,20020528,1.54,1.55,1.52,1.53,933380
FCLGA,20020528,2.27,2.27,2.26,2.26,32964
FDL,20020528,.14,.14,.135,.135,35000
FDR,20020528,1.37,1.37,1.32,1.36,17423
FEA,20020528,.105,.105,.105,.105,58600
FFL,20020528,1.88,1.90,1.88,1.90,3640
FFS,20020528,.21,.215,.21,.215,29228
FFSPA,20020528,.21,.21,.205,.205,24714
FGL,20020528,4.66,4.67,4.63,4.63,3976781
FGLIAA,20020528,1.90,1.90,1.90,1.90,5926
FGLIGH,20020528,1.15,1.15,1.15,1.15,1500
FGLIMD,20020528,1.06,1.07,1.06,1.07,11845
FGLIMG,20020528,.50,.51,.50,.50,55000
FGLIPD,20020528,.61,.61,.61,.61,50000
FGLISD,20020528,.23,.23,.23,.23,3000
FGLIWB,20020528,1.31,1.31,1.31,1.31,8928
FGLWAE,20020528,.17,.17,.17,.17,100000
FGLWOB,20020528,.006,.006,.006,.006,190000
FGLWOD,20020528,.013,.013,.013,.013,30000
FKP,20020528,1.17,1.17,1.14,1.15,32587
FLO,20020528,.069,.069,.069,.069,60000
FLT,20020528,25.00,25.00,24.50,24.50,71501
FNC,20020528,.34,.34,.335,.34,13000
FOA,20020528,19.00,19.10,18.98,19.09,738946
FPA,20020528,8.05,8.05,8.05,8.05,5100
FPF,20020528,1.19,1.20,1.18,1.18,111725
FPG,20020528,.26,.28,.26,.28,49493
FPH,20020528,7.35,7.45,7.35,7.40,143989
FPHISD,20020528,.80,.80,.80,.80,14000
FPS,20020528,1.05,1.05,1.00,1.00,4737
FRM,20020528,.54,.55,.54,.55,34233
FTR,20020528,.25,.25,.25,.25,4374
FUN,20020528,.69,.72,.69,.72,120584
FWD,20020528,2.45,2.45,2.42,2.42,9143
FXJ,20020528,3.54,3.55,3.50,3.53,1193310
FXJIAA,20020528,1.24,1.24,1.24,1.24,6133
FXJIMC,20020528,1.32,1.32,1.32,1.32,50000
FXJPA,20020528,111.45,111.70,111.45,111.70,3972
FXO,20020528,.09,.09,.08,.09,447408
FXR,20020528,.24,.24,.235,.235,12000
GAN,20020528,1.21,1.23,1.21,1.22,8959281
GAP,20020528,.88,.88,.88,.88,14000
GAS,20020528,1.95,1.96,1.94,1.94,65866
GBG,20020528,.27,.305,.27,.30,11373815
GBL,20020528,.077,.08,.076,.08,150000
GBR,20020528,.91,.91,.91,.91,43
GBS,20020528,.024,.024,.024,.024,50000
GBSOA,20020528,.003,.003,.003,.003,136070
GCN,20020528,.12,.12,.12,.12,12000
GCR,20020528,.12,.12,.115,.115,286530
GDM,20020528,.62,.62,.61,.61,17200
GDP,20020528,1.96,1.96,1.90,1.90,77413
GFD,20020528,.37,.37,.37,.37,20001
GGL,20020528,.73,.73,.71,.71,364035
GGN,20020528,.275,.28,.27,.28,221200
GGR,20020528,.09,.099,.09,.099,110366
GGY,20020528,.065,.065,.059,.06,658120
GHG,20020528,.73,.73,.72,.72,23884
GHGPA,20020528,3.53,3.53,3.53,3.53,4000
GIP,20020528,.09,.09,.09,.09,100000
GIR,20020528,.14,.15,.14,.15,760000
GIRO,20020528,.062,.07,.062,.07,227500
GLB,20020528,1.95,1.99,1.95,1.96,108066
GMF,20020528,1.57,1.57,1.54,1.54,1543949
GML,20020528,.30,.31,.29,.295,377581
GMS,20020528,.43,.43,.43,.43,100000
GNC,20020528,12.70,12.80,12.70,12.75,3170
GNR,20020528,.14,.14,.14,.14,15000
GNS,20020528,7.45,7.50,7.45,7.49,504401
GOD,20020528,.018,.018,.017,.017,6507321
GOW,20020528,1.90,1.90,1.85,1.90,17726
GPN,20020528,.019,.019,.018,.018,750000
GPO,20020528,.075,.075,.075,.075,10000
GPT,20020528,2.77,2.80,2.77,2.80,3907312
GRD,20020528,1.24,1.28,1.24,1.25,296542
GRN,20020528,.065,.065,.065,.065,3968
GRO,20020528,.79,.79,.77,.78,31500
GRR,20020528,.13,.13,.13,.13,46424
GSE,20020528,.047,.047,.047,.047,5000
GSF,20020528,.13,.13,.13,.13,10000
GSP,20020528,1.55,1.55,1.53,1.53,24379
GSTCP,20020528,.39,.39,.39,.39,9468
GTA,20020528,.45,.46,.45,.46,26791
GTG,20020528,.54,.54,.52,.53,75600
GTM,20020528,.04,.041,.039,.04,3852621
GTMO,20020528,.013,.013,.012,.012,500000
GTN,20020528,.091,.091,.091,.091,468
GTP,20020528,.67,.68,.66,.68,782436
GUD,20020528,2.96,2.97,2.91,2.97,25697
GUN,20020528,.15,.155,.15,.155,52000
GVM,20020528,.046,.046,.041,.044,659000
GVMOA,20020528,.019,.019,.019,.019,30000
GWT,20020528,2.43,2.44,2.42,2.44,142327
GYM,20020528,1.15,1.15,1.10,1.14,861325
GZL,20020528,2.05,2.05,2.05,2.05,3054
HAM,20020528,2.04,2.04,2.01,2.04,7500
HAN,20020528,13.52,13.52,13.52,13.52,695
HAO,20020528,.07,.07,.07,.07,12050
HAV,20020528,.16,.16,.16,.16,280734
HBR,20020528,.38,.38,.38,.38,8755
HCN,20020528,.56,.60,.56,.59,33140
HDN,20020528,.245,.245,.23,.23,60000
HDR,20020528,.67,.67,.66,.66,453588
HER,20020528,.70,.70,.68,.68,59200
HGL,20020528,.14,.14,.14,.14,12500
HGV,20020528,.58,.58,.58,.58,12000
HHL,20020528,6.81,6.90,6.80,6.90,5366
HIC,20020528,.60,.60,.60,.60,7457
HIG,20020528,.235,.235,.22,.225,377720
HII,20020528,1.22,1.22,1.22,1.22,50000
HIL,20020528,3.16,3.16,3.15,3.16,48000
HJB,20020528,.36,.36,.36,.36,11636
HLL,20020528,.04,.04,.035,.035,229000
HLM,20020528,.155,.16,.155,.155,70000
HLT,20020528,.035,.035,.033,.033,105000
HLX,20020528,.30,.30,.29,.29,47506
HLXO,20020528,.01,.01,.01,.01,325
HLY,20020528,4.96,5.00,4.92,4.96,199237
HMC,20020528,.059,.059,.058,.058,283970
HME,20020528,2.76,2.82,2.76,2.82,26025
HML,20020528,.275,.28,.275,.275,503878
HMLO,20020528,.15,.155,.15,.15,246500
HNG,20020528,1.30,1.30,1.29,1.30,10000
HOM,20020528,.88,.88,.85,.88,46554
HPX,20020528,1.72,1.73,1.70,1.71,29354
HRD,20020528,.091,.091,.09,.09,71133
HRR,20020528,.16,.16,.155,.155,60600
HSN,20020528,.41,.41,.37,.37,188091
HSP,20020528,2.45,2.45,2.40,2.44,68898
HTA,20020528,.395,.43,.39,.42,2265846
HTE,20020528,.088,.09,.087,.087,347954
HVN,20020528,3.02,3.02,2.99,3.00,1847811
HVNIWA,20020528,1.13,1.16,1.13,1.16,3500
HWE,20020528,1.00,1.05,.99,1.03,1122394
HWG,20020528,.14,.145,.14,.14,135000
HWI,20020528,1.88,1.92,1.88,1.91,84679
HWT,20020528,.48,.48,.48,.48,2000
HWW,20020528,.043,.043,.043,.043,27300
HZG,20020528,.18,.18,.18,.18,12950
IAG,20020528,3.36,3.37,3.32,3.37,698278
IAS,20020528,.80,.97,.80,.86,209771
IASN,20020528,.74,.74,.74,.74,4402
IAT,20020528,.155,.155,.145,.145,109600
IATO,20020528,.045,.045,.045,.045,6000
IBA,20020528,.15,.15,.14,.145,291780
IBI,20020528,.25,.25,.25,.25,10000
ICE,20020528,.06,.06,.06,.06,2000
ICH,20020528,.03,.03,.03,.03,10000
ICN,20020528,.037,.037,.037,.037,7000
ICO,20020528,.003,.003,.003,.003,600000
ICT,20020528,8.45,8.45,8.45,8.45,206
IDE,20020528,.69,.69,.69,.69,5000
IDT,20020528,3.30,3.35,3.30,3.35,17172
IDX,20020528,2.77,2.77,2.77,2.77,3000
IFM,20020528,.82,.82,.78,.79,47907
IGM,20020528,.023,.023,.023,.023,100000
IGO,20020528,.32,.32,.30,.30,36500
IGOO,20020528,.15,.15,.15,.15,17500
IGP,20020528,2.55,2.55,2.49,2.49,24483
IHG,20020528,.60,.60,.57,.57,124044
IIF,20020528,1.69,1.70,1.68,1.69,199360
IIN,20020528,.74,.75,.74,.75,9500
ILU,20020528,4.78,4.87,4.76,4.86,240240
IMD,20020528,.235,.235,.235,.235,107000
IMF,20020528,.17,.17,.17,.17,600
IMI,20020528,.037,.037,.037,.037,25000
IMP,20020528,.021,.021,.02,.02,165000
IMPOB,20020528,.001,.001,.001,.001,700000
IMW,20020528,.026,.026,.024,.024,492000
INL,20020528,.17,.18,.155,.155,81700
INO,20020528,.28,.30,.25,.30,61719
INX,20020528,.074,.074,.074,.074,10000
IOC,20020528,1.20,1.20,1.20,1.20,7000
IOF,20020528,1.24,1.24,1.23,1.24,1704641
ION,20020528,3.14,3.15,3.12,3.14,137494
IPG,20020528,2.13,2.14,2.12,2.13,1434903
IPH,20020528,1.60,1.60,1.60,1.60,10000
IRC,20020528,.072,.072,.071,.071,36879
IRE,20020528,2.70,2.75,2.70,2.75,434506
IRI,20020528,.63,.63,.62,.63,72763
IRN,20020528,.23,.23,.22,.22,221000
IRNO,20020528,.072,.072,.072,.072,100000
ISA,20020528,.055,.055,.053,.053,7500
ISC,20020528,.052,.052,.052,.052,40500
ISY,20020528,.013,.014,.013,.014,479427
ITC,20020528,.031,.032,.031,.032,65000
ITE,20020528,.11,.11,.11,.11,84000
ITP,20020528,.043,.043,.043,.043,4150
IVK,20020528,.015,.015,.015,.015,28000
IWI,20020528,2.56,2.58,2.55,2.58,8000
IWL,20020528,.255,.255,.25,.25,83857
IXL,20020528,.03,.032,.03,.03,123894
IXLOA,20020528,.001,.001,.001,.001,289696
JAM,20020528,.16,.16,.16,.16,20000
JBM,20020528,1.70,1.70,1.66,1.68,76810
JCMG,20020528,3.60,3.60,3.60,3.60,2000
JHX,20020528,6.09,6.09,6.03,6.05,2960607
JLA,20020528,.025,.027,.025,.027,656500
JRR,20020528,1.09,1.09,1.08,1.08,10168
JUM,20020528,.024,.026,.024,.026,15000
JUP,20020528,5.41,5.41,5.36,5.37,558748
JUPISA,20020528,2.95,2.95,2.94,2.95,23000
JUPPA,20020528,102.55,102.55,101.90,102.20,9684
JWM,20020528,.17,.17,.17,.17,3000
JYC,20020528,.46,.46,.46,.46,44127
KAZ,20020528,.335,.355,.33,.355,2492758
KBO,20020528,.078,.078,.078,.078,43800
KCN,20020528,2.78,2.78,2.72,2.72,131057
KGM,20020528,.225,.225,.225,.225,2500
KIM,20020528,.60,.61,.60,.61,71565
KIMO,20020528,.095,.10,.091,.10,261500
KLS,20020528,.045,.05,.045,.05,54681
KLSO,20020528,.015,.015,.013,.013,700000
KMN,20020528,.035,.035,.034,.034,103000
KRS,20020528,.093,.096,.093,.096,1280000
KRZ,20020528,.006,.006,.005,.005,521500
KSC,20020528,2.56,2.57,2.55,2.55,9400
KYC,20020528,1.18,1.20,1.18,1.20,21055
KZL,20020528,.415,.415,.41,.41,219075
KZLG,20020528,1.02,1.02,1.02,1.02,115000
LAF,20020528,.07,.072,.068,.072,213000
LAK,20020528,.25,.25,.25,.25,42900
LAS,20020528,.15,.15,.15,.15,14500
LCH,20020528,.09,.09,.085,.086,71155
LCL,20020528,.80,.80,.80,.80,213000
LCO,20020528,1.67,1.67,1.67,1.67,10000
LCP,20020528,.54,.54,.54,.54,31000
LEG,20020528,.08,.08,.08,.08,21000
LEI,20020528,11.01,11.01,10.85,10.97,94665
LHG,20020528,1.58,1.59,1.56,1.57,7875621
LHGWAD,20020528,.11,.11,.10,.10,75000
LHGWGA,20020528,.18,.18,.18,.18,30000
LHGWMG,20020528,.19,.19,.19,.19,10000
LHGWMH,20020528,.155,.155,.155,.155,100000
LHGWMI,20020528,.13,.13,.13,.13,105000
LHGWPE,20020528,.055,.055,.051,.051,110000
LKO,20020528,.023,.024,.022,.023,1674000
LLC,20020528,10.57,10.68,10.50,10.60,1219026
LLCIAA,20020528,3.08,3.08,3.08,3.08,2146
LLCIDA,20020528,2.62,2.65,2.62,2.65,3200
LLCIMC,20020528,4.01,4.01,3.98,3.98,5000
LLCIMD,20020528,1.95,1.95,1.95,1.95,2500
LLCIMG,20020528,1.56,1.56,1.56,1.56,6000
LLCIOF,20020528,4.68,4.68,4.68,4.68,2000
LLCIWA,20020528,3.89,3.89,3.89,3.89,500
LLCWAR,20020528,.33,.33,.33,.33,50000
LLCWCU,20020528,.205,.205,.205,.205,25000
LLCWOB,20020528,.004,.004,.004,.004,150000
LLCWOC,20020528,.11,.115,.11,.11,135090
LLCWXE,20020528,.105,.11,.105,.11,160000
LNN,20020528,4.78,4.78,4.69,4.70,208952
LOC,20020528,.043,.043,.043,.043,351867
LOK,20020528,.205,.21,.20,.21,2973368
LON,20020528,.61,.61,.61,.61,3555
LSG,20020528,1.10,1.11,1.06,1.09,462145
LUM,20020528,.066,.066,.066,.066,10000
LUO,20020528,1.59,1.60,1.59,1.60,2178349
LYC,20020528,.26,.27,.26,.27,253851
LYCOC,20020528,.075,.075,.073,.073,248000
MAH,20020528,.33,.34,.33,.335,281000
MAPCA,20020528,.97,.98,.97,.97,1723292
MAPIMC,20020528,.61,.61,.61,.61,7000
MAQ,20020528,.11,.115,.11,.115,228500
MAY,20020528,4.17,4.18,4.11,4.12,1557251
MAYIGA,20020528,1.55,1.55,1.54,1.54,15750
MAYIMC,20020528,1.58,1.58,1.58,1.58,3500
MAYIPF,20020528,.85,.85,.79,.79,36000
MAYISA,20020528,.72,.72,.68,.68,24570
MAYWGF,20020528,.002,.002,.001,.001,880000
MAYWGH,20020528,.255,.255,.255,.255,20000
MAYWMF,20020528,.19,.19,.19,.19,100000
MAYWOA,20020528,.13,.13,.13,.13,30000
MAYWOB,20020528,.12,.12,.115,.115,40000
MAYWPD,20020528,.001,.001,.001,.001,650000
MBG,20020528,.07,.07,.07,.07,53000
MBL,20020528,31.97,32.15,31.81,31.83,183906
MBLHB,20020528,99.80,99.80,99.70,99.80,15670
MBLIGA,20020528,15.85,15.85,15.85,15.85,3000
MBLIPF,20020528,13.93,13.93,13.93,13.93,3000
MBLPA,20020528,111.50,111.75,111.50,111.75,694
MBLWPC,20020528,.20,.20,.20,.20,3000
MBP,20020528,.69,.72,.69,.69,85200
MBPO,20020528,.50,.50,.49,.49,63315
MBWISA,20020528,20.32,20.32,20.32,20.32,397
MBX,20020528,.03,.03,.03,.03,10000
MCA,20020528,1.08,1.10,1.08,1.10,35150
MCC,20020528,1.30,1.30,1.29,1.29,70642
MCL,20020528,.015,.015,.015,.015,14054
MCLO,20020528,.002,.002,.002,.002,3514
MCP,20020528,1.99,1.99,1.93,1.93,33600
MCR,20020528,.21,.215,.205,.205,740986
MCT,20020528,.065,.069,.065,.069,435668
MCW,20020528,1.68,1.69,1.68,1.68,5134047
MDM,20020528,.075,.075,.075,.075,20874
MDMOC,20020528,.012,.012,.012,.012,437
MEE,20020528,.10,.105,.098,.10,1228653
MEEO,20020528,.039,.04,.038,.038,742000
MEO,20020528,.10,.10,.086,.086,19462
MGAPA,20020528,101.00,101.00,100.25,100.25,60165
MGD,20020528,.085,.087,.075,.08,379000
MGE,20020528,.40,.40,.40,.40,99942
MGI,20020528,1.48,1.49,1.47,1.48,1579587
MGM,20020528,1.44,1.44,1.41,1.42,51500
MGR,20020528,4.18,4.20,4.17,4.18,1713470
MGW,20020528,4.85,4.88,4.83,4.84,18846
MGX,20020528,.215,.245,.215,.24,350128
MGXO,20020528,.085,.085,.085,.085,162
MIA,20020528,1.09,1.10,1.08,1.08,3061894
MIG,20020528,3.27,3.29,3.23,3.25,2907356
MIGIMC,20020528,1.41,1.41,1.38,1.38,10526
MIGIMD,20020528,.73,.73,.73,.73,77000
MIGWMA,20020528,.001,.001,.001,.001,180000
MIGWMB,20020528,.034,.034,.034,.034,50000
MIK,20020528,.105,.105,.10,.10,72000
MIM,20020528,1.22,1.22,1.19,1.20,11826933
MIMIZA,20020528,.53,.53,.53,.53,15000
MIMWAQ,20020528,.15,.15,.15,.15,100000
MIMWGE,20020528,.09,.09,.084,.084,311300
MIMWGR,20020528,.053,.053,.053,.053,20000
MIMWMJ,20020528,.06,.06,.06,.06,50000
MIR,20020528,1.12,1.12,1.12,1.12,7500
MJN,20020528,.06,.061,.06,.061,62600
MJNOB,20020528,.009,.01,.009,.01,50000
MLB,20020528,.55,.55,.53,.54,135550
MLE,20020528,.69,.69,.68,.68,520213
MLT,20020528,12.20,12.20,12.02,12.02,16676
MMD,20020528,.74,.76,.72,.76,138865
MME,20020528,.22,.22,.22,.22,15000
MMN,20020528,.092,.092,.082,.083,3247904
MMNOA,20020528,.044,.045,.038,.04,1685273
MND,20020528,2.76,2.76,2.76,2.76,680
MNR,20020528,1.55,1.55,1.52,1.52,69515
MNS,20020528,.98,.98,.98,.98,1000
MOB,20020528,.115,.13,.115,.13,17821
MOD,20020528,.44,.44,.41,.41,64587
MOF,20020528,1.31,1.32,1.31,1.32,3033985
MOFN,20020528,1.30,1.30,1.30,1.30,542000
MOO,20020528,.05,.05,.05,.05,4000
MORPA,20020528,102.50,102.50,102.50,102.50,850
MOS,20020528,.175,.175,.16,.165,1702102
MPB,20020528,3.40,3.45,3.40,3.45,7500
MPD,20020528,.18,.18,.18,.18,65200
MPDO,20020528,.061,.061,.061,.061,15750
MPH,20020528,.30,.30,.30,.30,16250
MPI,20020528,.145,.145,.135,.135,180400
MPO,20020528,.033,.033,.03,.03,150000
MRC,20020528,.165,.175,.165,.175,495434
MRL,20020528,2.65,2.70,2.65,2.70,150585
MRM,20020528,.305,.305,.295,.30,175385
MRX,20020528,.075,.075,.073,.073,5400
MRY,20020528,.02,.021,.02,.02,366631
MSC,20020528,.29,.295,.29,.295,286020
MSCG,20020528,.98,.98,.98,.98,20000
MSG,20020528,.20,.20,.20,.20,101800
MSH,20020528,.10,.11,.10,.11,1500
MST,20020528,1.17,1.22,1.16,1.20,68183
MTB,20020528,.115,.115,.11,.11,200000
MTD,20020528,.15,.15,.15,.15,10000
MTR,20020528,.32,.32,.31,.31,97113
MTT,20020528,2.27,2.27,2.15,2.23,1128229
MUL,20020528,.02,.021,.018,.019,1198000
MUR,20020528,.71,.71,.69,.70,160300
MXA,20020528,.022,.022,.022,.022,710000
MXE,20020528,.094,.099,.094,.097,572216
MXEOA,20020528,.059,.06,.059,.06,889000
MXI,20020528,.155,.155,.155,.155,2958
MXO,20020528,.088,.088,.08,.085,2870697
MYO,20020528,.82,.82,.82,.82,73887
MZG,20020528,.072,.073,.072,.072,129583
NAB,20020528,36.00,36.26,35.96,36.19,2386374
NABECE,20020528,28.30,28.30,28.30,28.30,7250
NABEEA,20020528,18.50,18.50,18.50,18.50,805
NABHA,20020528,94.45,94.77,94.45,94.75,10244
NABIDA,20020528,21.31,21.31,21.31,21.31,212
NABIMC,20020528,17.77,17.77,17.77,17.77,2600
NABIMD,20020528,8.90,8.90,8.90,8.90,5000
NABIMG,20020528,6.23,6.32,6.23,6.32,10250
NABIMT,20020528,2.54,2.54,2.54,2.54,15000
NABIPE,20020528,2.93,3.04,2.92,3.04,5000
NABWAG,20020528,.32,.325,.32,.325,45000
NABWAT,20020528,.063,.063,.063,.063,100000
NABWCG,20020528,.30,.315,.30,.31,206300
NABWCT,20020528,.11,.11,.11,.11,15000
NABWGL,20020528,.16,.16,.16,.16,40000
NABWML,20020528,.26,.275,.26,.275,141540
NABWMT,20020528,.057,.057,.057,.057,100000
NABWMV,20020528,.19,.19,.19,.19,50000
NABWOJ,20020528,.265,.275,.25,.265,175000
NABWOK,20020528,.08,.085,.08,.085,42000
NABWPV,20020528,.001,.001,.001,.001,40000
NABWPW,20020528,.175,.175,.16,.165,1191600
NABWSL,20020528,.41,.45,.41,.435,266000
NABWSM,20020528,.23,.245,.23,.245,112000
NABWSW,20020528,.001,.001,.001,.001,20000
NABWZQ,20020528,.235,.235,.235,.235,60000
NAL,20020528,.67,.72,.65,.72,167350
NAM,20020528,.26,.26,.25,.26,79528
NCA,20020528,.11,.11,.11,.11,15700
NCM,20020528,7.75,8.10,7.75,7.90,5378993
NCMWME,20020528,1.97,1.97,1.97,1.97,2000
NCMWMG,20020528,.435,.51,.435,.45,462772
NCMWMP,20020528,.032,.032,.025,.025,316000
NCMWPC,20020528,.68,.70,.63,.69,160000
NCP,20020528,13.40,13.42,13.31,13.42,3214688
NCPDP,20020528,11.26,11.33,11.19,11.33,3729705
NCPIDA,20020528,2.90,2.90,2.90,2.90,1800
NCPIMC,20020528,6.71,6.71,6.71,6.71,10000
NCPIMD,20020528,4.18,4.18,4.18,4.18,10000
NCPIMG,20020528,1.73,1.73,1.73,1.73,4000
NCPIPD,20020528,1.84,1.84,1.84,1.84,100
NCPWAT,20020528,.455,.455,.455,.455,50000
NCPWAU,20020528,.002,.002,.002,.002,50000
NCPWCX,20020528,.17,.17,.17,.17,20000
NCPWCY,20020528,.41,.41,.41,.41,7000
NCPWGK,20020528,.11,.11,.105,.105,190000
NCPWGL,20020528,.001,.001,.001,.001,50000
NCPWGN,20020528,.12,.12,.12,.12,18200
NCPWGS,20020528,.01,.01,.01,.01,210525
NCPWMW,20020528,.11,.11,.11,.11,40000
NCPWOD,20020528,.24,.24,.24,.24,40000
NCPWOK,20020528,.001,.001,.001,.001,450000
NCPWOL,20020528,.15,.15,.145,.15,160000
NCPWOU,20020528,.115,.12,.11,.12,789890
NCPWOY,20020528,.011,.011,.011,.011,115000
NCPWPA,20020528,.275,.275,.275,.275,2200
NCPWPO,20020528,.48,.48,.48,.48,20000
NCPWPY,20020528,.065,.067,.065,.067,143000
NCPWSN,20020528,.115,.115,.115,.115,40000
NCPWSO,20020528,.05,.05,.048,.048,70000
NDC,20020528,.275,.275,.265,.265,31000
NDCOA,20020528,.068,.068,.068,.068,19187
NDO,20020528,.015,.015,.015,.015,300000
NEM,20020528,5.50,5.57,5.40,5.51,44074
NEV,20020528,2.43,2.43,2.43,2.43,4218
NFD,20020528,3.05,3.05,3.03,3.05,148974
NFG,20020528,.05,.055,.035,.055,58550
NFM,20020528,18.00,18.00,17.58,17.60,2296
NHL,20020528,.93,.96,.93,.96,555603
NHM,20020528,.024,.025,.024,.025,218862
NHR,20020528,.215,.24,.215,.24,51077
NIA,20020528,.05,.065,.05,.06,143100
NIAOA,20020528,.001,.001,.001,.001,10000
NIX,20020528,.60,.61,.60,.60,23500
NNG,20020528,.24,.24,.23,.23,76500
NOL,20020528,.42,.42,.42,.42,14000
NRT,20020528,2.65,2.67,2.55,2.65,39979
NSL,20020528,.19,.19,.19,.19,10000
NTC,20020528,.08,.08,.08,.08,62000
NTG,20020528,1.54,1.55,1.53,1.54,370990
NUF,20020528,4.16,4.19,4.14,4.18,135444
NVS,20020528,2.07,2.08,2.06,2.07,187287
NWE,20020528,.075,.082,.075,.082,440000
NWEOA,20020528,.019,.02,.019,.02,675000
NWL,20020528,.17,.17,.16,.16,89608
NWLOA,20020528,.038,.038,.038,.038,250
NXS,20020528,.033,.033,.03,.03,36700
NXSO,20020528,.005,.005,.005,.005,50000
NZO,20020528,.37,.37,.37,.37,40000
OBJ,20020528,.02,.02,.019,.019,220000
OCA,20020528,3.96,3.96,3.96,3.96,1450
OCL,20020528,.24,.24,.24,.24,8100
OCO,20020528,.047,.047,.047,.047,3557
OEC,20020528,.30,.30,.295,.30,836970
OFM,20020528,2.14,2.15,2.14,2.15,16631
OIL,20020528,.77,.80,.77,.80,25000
OKN,20020528,1.00,1.00,.98,1.00,38425
OLA,20020528,.037,.05,.032,.033,1752200
OLE,20020528,.215,.215,.21,.21,7880
OMI,20020528,1.07,1.07,1.05,1.07,6572
OMO,20020528,.22,.22,.22,.22,5000
OMP,20020528,3.20,3.23,3.19,3.19,26265
OPI,20020528,.14,.14,.13,.13,47513
OPL,20020528,.235,.235,.21,.225,1686663
OPS,20020528,3.61,3.63,3.58,3.61,136500
ORC,20020528,.033,.033,.033,.033,20000
ORG,20020528,3.40,3.44,3.40,3.44,1241978
ORI,20020528,9.26,9.26,9.05,9.05,655620
ORIWPD,20020528,.28,.28,.28,.28,12500
ORL,20020528,4.50,4.50,4.45,4.45,3890
ORO,20020528,.165,.165,.15,.15,135000
OROOA,20020528,.05,.051,.05,.051,132500
ORP,20020528,.022,.022,.022,.022,132000
OSH,20020528,1.10,1.11,1.09,1.10,1269267
OSHPB,20020528,54.40,54.50,54.40,54.40,360
OSHWPD,20020528,.001,.001,.001,.001,50000
OST,20020528,1.24,1.24,1.23,1.23,266438
OTI,20020528,.05,.05,.05,.05,10000
OTR,20020528,.33,.35,.33,.35,10571
OTS,20020528,.016,.016,.016,.016,2723
OXR,20020528,.34,.385,.34,.355,14826825
OXROA,20020528,.082,.105,.082,.095,13721835
PAC,20020528,.055,.055,.055,.055,13000
PAH,20020528,.105,.105,.105,.105,126000
PAL,20020528,.17,.17,.165,.17,270382
PAR,20020528,.275,.285,.275,.285,59343
PARO,20020528,.115,.125,.115,.125,46250
PBB,20020528,4.20,4.20,4.17,4.19,98902
PBL,20020528,9.25,9.25,9.21,9.22,348597
PBLHA,20020528,98.00,98.05,97.25,97.30,3350
PBLWPE,20020528,.01,.01,.01,.01,6000
PBO,20020528,1.27,1.37,1.27,1.37,24330
PBT,20020528,1.98,2.05,1.93,1.95,33008
PBTO,20020528,1.46,1.46,1.45,1.45,50000
PCG,20020528,.096,.11,.096,.105,388461
PCL,20020528,.035,.038,.032,.033,3827805
PCLOA,20020528,.014,.029,.012,.019,639756
PCO,20020528,.10,.105,.10,.105,187192
PDG,20020528,23.50,23.50,23.50,23.50,3333
PDN,20020528,.034,.035,.034,.035,388452
PDR,20020528,.09,.09,.09,.09,85000
PDRG,20020528,.102,.102,.102,.102,100000
PEL,20020528,.105,.105,.105,.105,9103
PEM,20020528,.87,.88,.85,.86,240535
PEP,20020528,.85,.86,.85,.86,36000
PEWEMF,20020528,1.58,1.58,1.58,1.58,4801
PGL,20020528,1.30,1.30,1.30,1.30,10100
PHT,20020528,.40,.40,.40,.40,15000
PHY,20020528,3.49,3.49,3.41,3.43,147912
PIE,20020528,.026,.026,.026,.026,26528
PIL,20020528,.225,.225,.215,.22,980036
PILOA,20020528,.091,.091,.083,.083,930000
PKT,20020528,.025,.025,.025,.025,53000
PLA,20020528,.405,.405,.39,.39,25000
PLAO,20020528,.26,.26,.25,.25,15100
PLF,20020528,2.30,2.30,2.27,2.27,23287
PLL,20020528,1.20,1.20,1.14,1.20,30444
PLN,20020528,.285,.285,.285,.285,63300
PLT,20020528,2.49,2.50,2.49,2.50,14700
PLW,20020528,4.00,4.00,4.00,4.00,4101
PMA,20020528,.09,.09,.085,.09,24057
PMAOB,20020528,.005,.005,.005,.005,6250
PMC,20020528,2.42,2.42,2.38,2.39,143862
PMD,20020528,.007,.007,.007,.007,560000
PME,20020528,1.12,1.12,1.12,1.12,5000
PMH,20020528,.027,.027,.027,.027,6000
PMM,20020528,1.94,2.07,1.93,2.03,1307130
PMP,20020528,.90,.90,.87,.87,206468
PMT,20020528,8.00,8.00,8.00,8.00,2485
PMX,20020528,.013,.013,.012,.012,150000
PNA,20020528,.042,.042,.04,.041,812350
PNH,20020528,.061,.061,.061,.061,8000
PPD,20020528,.36,.36,.36,.36,180000
PPH,20020528,1.80,1.80,1.78,1.78,22893
PPK,20020528,1.29,1.29,1.29,1.29,9077
PPP,20020528,.074,.074,.074,.074,46500
PPT,20020528,47.40,47.43,47.25,47.30,49880
PPX,20020528,5.32,5.32,5.23,5.24,655187
PRG,20020528,2.41,2.45,2.41,2.44,18000
PRK,20020528,16.90,16.91,16.82,16.85,569173
PRKIGC,20020528,9.32,9.32,9.32,9.32,1500
PRKO,20020528,8.35,8.50,8.35,8.50,5450
PRKPA,20020528,16.96,16.96,16.90,16.95,54153
PRM,20020528,.40,.40,.35,.35,37783
PRMOB,20020528,.20,.20,.20,.20,106800
PRO,20020528,.235,.235,.235,.235,1760
PRR,20020528,.50,.54,.50,.50,150082
PRROB,20020528,.33,.34,.33,.33,80000
PRT,20020528,2.24,2.30,2.24,2.30,45429
PRTPA,20020528,3.28,3.28,3.28,3.28,50000
PRX,20020528,.94,.95,.93,.93,114000
PRY,20020528,4.01,4.01,4.00,4.00,1180605
PSA,20020528,.165,.17,.165,.17,100000
PSD,20020528,.18,.195,.18,.195,478374
PSI,20020528,.23,.23,.23,.23,75400
PSV,20020528,.17,.175,.165,.165,1503592
PSX,20020528,.061,.065,.061,.065,166667
PTD,20020528,2.90,2.92,2.86,2.86,168351
PTDWME,20020528,.074,.074,.061,.061,110000
PVL,20020528,.16,.16,.16,.16,4500
PWR,20020528,.15,.15,.145,.145,1174606
PWT,20020528,.072,.076,.072,.072,88542
PXI,20020528,.06,.06,.06,.06,16000
PXIO,20020528,.01,.01,.01,.01,12500
QAD,20020528,.29,.29,.265,.265,101330
QAN,20020528,4.60,4.61,4.56,4.60,5259292
QANIGA,20020528,2.84,2.84,2.84,2.84,10000
QANIGB,20020528,2.32,2.32,2.32,2.32,3000
QANIGC,20020528,2.77,2.77,2.77,2.77,10000
QANIMD,20020528,1.39,1.39,1.39,1.39,10000
QANIPD,20020528,1.54,1.54,1.54,1.54,2000
QANIWB,20020528,1.35,1.35,1.35,1.35,500
QANWAS,20020528,.035,.035,.035,.035,50000
QANWGG,20020528,.035,.035,.035,.035,75000
QANWMJ,20020528,.17,.17,.17,.17,4000
QANWOF,20020528,.13,.13,.13,.13,14000
QANWOG,20020528,.15,.15,.14,.14,60000
QANWOT,20020528,.092,.092,.092,.092,20000
QANWPI,20020528,.065,.07,.065,.07,33700
QANWPJ,20020528,.24,.25,.24,.25,55000
QBE,20020528,7.25,7.25,7.20,7.24,889586
QBEWGA,20020528,.013,.013,.013,.013,7000
QBEWMP,20020528,.03,.03,.03,.03,20000
QCH,20020528,3.83,3.90,3.83,3.90,59433
QED,20020528,.115,.115,.105,.11,108381
QGC,20020528,.335,.335,.335,.335,142324
QML,20020528,.195,.195,.185,.195,21000
QMM,20020528,.04,.04,.04,.04,12500
QPX,20020528,.59,.60,.59,.60,37000
QTI,20020528,.42,.43,.42,.43,11000
QTK,20020528,.042,.043,.04,.04,1673070
QTKOB,20020528,.01,.01,.01,.01,388000
QTL,20020528,.041,.042,.039,.04,1563355
QTLOA,20020528,.003,.003,.003,.003,63000
QUR,20020528,.031,.031,.031,.031,350000
QVL,20020528,.24,.26,.235,.26,69600
RAC,20020528,.13,.145,.13,.145,1110853
RBK,20020528,.365,.365,.335,.345,616935
RBL,20020528,.35,.35,.35,.35,1000
RBS,20020528,3.30,3.30,3.30,3.30,295
RBT,20020528,.047,.05,.047,.05,30000
RCD,20020528,1.85,1.85,1.85,1.85,136193
RCR,20020528,.32,.32,.31,.31,9000
RCT,20020528,1.46,1.46,1.41,1.46,26103
RDF,20020528,.58,.62,.50,.57,415775
RDFOB,20020528,.17,.17,.17,.17,2713
REB,20020528,2.06,2.15,2.06,2.11,77756
REC,20020528,.255,.27,.25,.27,55189
REH,20020528,7.00,7.00,7.00,7.00,2500
REL,20020528,.135,.135,.125,.13,2461023
RFS,20020528,.335,.34,.33,.335,239960
RGL,20020528,.16,.165,.16,.16,300000
RGS,20020528,.67,.67,.65,.65,432330
RHC,20020528,4.30,4.37,4.30,4.31,84971
RHL,20020528,4.00,4.00,4.00,4.00,10936
RIC,20020528,1.35,1.38,1.34,1.37,1069741
RICGA,20020528,1.989,1.989,1.989,1.989,7399
RIM,20020528,.069,.069,.067,.067,39800
RIO,20020528,35.98,35.98,35.71,35.80,1079766
RIOWCD,20020528,.04,.04,.04,.04,29500
RIOWOH,20020528,.36,.36,.36,.36,5000
RIOWOM,20020528,.135,.135,.135,.135,8500
RIOWON,20020528,.31,.31,.29,.29,13000
RIOWOU,20020528,.062,.062,.062,.062,100000
RKN,20020528,.125,.13,.125,.125,38350
RLD,20020528,.15,.15,.15,.15,40067
RMD,20020528,4.93,4.95,4.88,4.94,479346
RMDIME,20020528,1.78,1.81,1.78,1.78,22750
RMDWMD,20020528,.001,.001,.001,.001,263100
RMG,20020528,.079,.08,.078,.079,130000
RML,20020528,.003,.003,.003,.003,438787
RMW,20020528,1.33,1.33,1.33,1.33,6676
RND,20020528,1.20,1.20,1.15,1.15,24300
ROC,20020528,1.46,1.46,1.45,1.45,44744
ROK,20020528,3.35,3.50,3.35,3.50,11896
ROKPA,20020528,10.90,10.90,10.90,10.90,5330
RPC,20020528,.495,.495,.49,.495,357154
RPG,20020528,.13,.13,.12,.12,19384
RPT,20020528,.057,.057,.057,.057,124000
RRS,20020528,.053,.053,.053,.053,20000
RSG,20020528,1.07,1.07,1.01,1.02,1052188
RTM,20020528,.069,.069,.063,.068,333499
RTMO,20020528,.011,.011,.011,.011,25000
RTS,20020528,.07,.07,.065,.065,13587
RUP,20020528,4.50,4.50,4.45,4.50,14414
RUPDP,20020528,4.30,4.30,4.30,4.30,20209
SAF,20020528,.155,.19,.155,.18,74688
SAFO,20020528,.012,.02,.01,.015,500000
SAQ,20020528,4.50,4.70,4.50,4.65,11389
SAR,20020528,.075,.075,.075,.075,3950
SAX,20020528,.19,.19,.19,.19,2000
SBC,20020528,8.86,8.86,8.77,8.79,63129
SBM,20020528,.26,.26,.245,.245,4192310
SBMO,20020528,.11,.11,.11,.11,150000
SBP,20020528,.175,.175,.17,.17,389226
SBPO,20020528,.05,.05,.048,.048,250000
SBS,20020528,.035,.036,.035,.035,310000
SBSO,20020528,.005,.005,.005,.005,15000
SCD,20020528,.041,.041,.04,.04,250200
SCE,20020528,.035,.036,.031,.031,205400
SCN,20020528,.002,.002,.002,.002,151000
SCX,20020528,.04,.045,.04,.045,100800
SCXCA,20020528,.04,.04,.04,.04,250000
SDG,20020528,.56,.56,.55,.55,25005
SDI,20020528,2.80,2.80,2.80,2.80,22522
SDR,20020528,.275,.275,.27,.27,23715
SDS,20020528,.40,.40,.40,.40,5000
SED,20020528,.19,.20,.19,.19,712769
SEE,20020528,.05,.05,.05,.05,10000
SEL,20020528,2.25,2.25,2.25,2.25,6000
SEN,20020528,.125,.13,.115,.13,1596906
SENO,20020528,.057,.057,.053,.057,705000
SES,20020528,.10,.10,.10,.10,10000
SEV,20020528,6.05,6.05,5.96,6.00,230313
SEX,20020528,.125,.125,.12,.125,94600
SFC,20020528,9.30,9.30,9.30,9.30,2057
SFD,20020528,.355,.355,.35,.35,23600
SFE,20020528,3.40,3.40,3.38,3.40,98480
SFG,20020528,.03,.031,.03,.031,124700
SFL,20020528,1.58,1.58,1.58,1.58,66100
SGB,20020528,19.68,19.73,19.55,19.72,487899
SGBHC,20020528,104.00,104.00,104.00,104.00,150
SGBIPE,20020528,.90,.90,.90,.90,1000
SGBISD,20020528,5.08,5.08,5.08,5.08,4300
SGBIWB,20020528,6.09,6.09,6.09,6.09,1000
SGBPB,20020528,109.50,109.80,109.50,109.50,3159
SGBWGB,20020528,.37,.37,.37,.37,25000
SGBWOA,20020528,.25,.26,.25,.26,38076
SGBWPP,20020528,.06,.06,.057,.057,68000
SGC,20020528,.37,.37,.36,.36,259948
SGCO,20020528,.017,.017,.017,.017,10000
SGN,20020528,4.14,4.15,4.14,4.14,27466
SGO,20020528,.35,.35,.35,.35,30860
SGP,20020528,4.55,4.58,4.55,4.56,1921796
SGPN,20020528,4.48,4.48,4.48,4.48,991
SGS,20020528,1.07,1.07,1.04,1.05,790760
SGT,20020528,1.53,1.54,1.53,1.53,335477
SGV,20020528,.12,.12,.12,.12,50000
SGW,20020528,6.76,6.76,6.62,6.63,1844152
SHL,20020528,5.36,5.36,5.22,5.26,315009
SHV,20020528,2.67,2.67,2.65,2.67,125619
SIG,20020528,4.38,4.38,4.33,4.37,87402
SIU,20020528,.375,.375,.375,.375,4400
SKC,20020528,5.40,5.40,5.40,5.40,326
SKD,20020528,.165,.175,.165,.175,773171
SKE,20020528,1.35,1.35,1.34,1.35,85732
SKG,20020528,.04,.04,.039,.039,107000
SKN,20020528,.38,.385,.38,.385,15000
SKR,20020528,.095,.096,.092,.094,833299
SKRO,20020528,.018,.018,.018,.018,50000
SLF,20020528,14.72,14.72,14.71,14.71,15846
SLN,20020528,.70,.73,.70,.72,236950
SLT,20020528,.155,.155,.15,.155,32510
SLTO,20020528,.045,.045,.045,.045,164000
SLX,20020528,3.02,3.08,3.02,3.05,30673
SMA,20020528,.02,.021,.02,.021,174156
SMC,20020528,.115,.12,.115,.12,78000
SML,20020528,.029,.03,.029,.03,600000
SMS,20020528,6.90,6.90,6.84,6.85,221415
SMX,20020528,.485,.49,.485,.49,849397
SMY,20020528,.425,.45,.425,.45,96778
SNX,20020528,.87,.90,.87,.87,54629
SOF,20020528,.077,.077,.077,.077,69975
SOH,20020528,.67,.68,.66,.67,376897
SOL,20020528,59.90,59.94,59.78,59.80,3165
SOT,20020528,.67,.70,.65,.67,168565
SOTO,20020528,.47,.50,.47,.50,23300
SOU,20020528,.032,.032,.032,.032,51500
SOX,20020528,.07,.07,.07,.07,30000
SPC,20020528,1.34,1.36,1.30,1.30,327612
SPL,20020528,.67,.69,.67,.68,102299
SPP,20020528,.62,.62,.60,.61,333075
SPT,20020528,4.22,4.32,4.21,4.30,1880180
SPX,20020528,.10,.10,.091,.094,1233941
SPXO,20020528,.029,.029,.029,.029,50000
SRA,20020528,.48,.48,.46,.47,96100
SRI,20020528,.34,.345,.335,.345,1355740
SRL,20020528,.55,.55,.54,.55,34370
SRO,20020528,.10,.10,.098,.10,101788
SROCC,20020528,.022,.022,.022,.022,250000
SRP,20020528,5.91,5.93,5.90,5.93,686089
SRT,20020528,.014,.014,.013,.013,122000
SRX,20020528,1.74,1.75,1.66,1.70,21581
SSBHA,20020528,5.45,5.45,5.45,5.45,129
SSH,20020528,.165,.19,.165,.19,111128
SSR,20020528,.68,.69,.68,.69,11200
SSS,20020528,2.47,2.62,2.47,2.62,15932
SST,20020528,1.31,1.31,1.31,1.31,6159
SSX,20020528,1.17,1.19,1.17,1.19,332249
SSXPB,20020528,2.10,2.11,2.09,2.11,103239
STN,20020528,.26,.26,.24,.245,349500
STO,20020528,6.22,6.23,6.18,6.22,682823
STOIDH,20020528,.06,.06,.06,.06,3000
STOIMC,20020528,2.62,2.62,2.62,2.62,868
STOISD,20020528,.64,.64,.64,.64,10000
STOPA,20020528,106.90,106.90,106.60,106.60,1992
STOWMD,20020528,.001,.001,.001,.001,40000
STOWPQ,20020528,.042,.042,.042,.042,50000
STP,20020528,.485,.485,.48,.48,142467
STS,20020528,.70,.70,.70,.70,9300
STT,20020528,.027,.028,.026,.027,1798000
STU,20020528,.65,.67,.64,.67,64200
STW,20020528,34.56,34.56,34.56,34.56,470
SUN,20020528,12.09,12.13,12.04,12.08,1962402
SUNHB,20020528,86.00,86.50,86.00,86.50,730
SUNIGA,20020528,5.53,5.53,5.53,5.53,400
SUNIMC,20020528,5.24,5.24,5.24,5.24,10000
SUNIMF,20020528,4.72,4.72,4.66,4.66,26400
SUNIMG,20020528,1.70,1.70,1.66,1.66,31450
SUNIOA,20020528,2.40,2.40,2.40,2.40,4000
SUNIZA,20020528,6.19,6.19,6.19,6.19,500
SUNWGC,20020528,.062,.062,.062,.062,25000
SUP,20020528,.04,.04,.038,.038,178946
SUPO,20020528,.011,.011,.011,.011,88413
SUR,20020528,.07,.075,.067,.075,814833
SWG,20020528,.052,.058,.052,.058,98277
SWS,20020528,3.03,3.06,2.98,3.00,48080
SWTOA,20020528,.03,.03,.03,.03,191832
SYM,20020528,1.16,1.18,1.15,1.17,171807
TAB,20020528,3.00,3.04,3.00,3.04,1150199
TAH,20020528,12.30,12.35,12.21,12.29,1307110
TAHIMD,20020528,3.16,3.16,3.16,3.16,1500
TAHIOA,20020528,2.34,2.34,2.34,2.34,10000
TAI,20020528,.075,.08,.075,.08,84050
TAM,20020528,.325,.325,.285,.30,2747038
TAMCA,20020528,.14,.14,.11,.115,2099243
TAP,20020528,1.57,1.58,1.55,1.58,219531
TAS,20020528,.10,.10,.10,.10,20000
TAT,20020528,.36,.36,.36,.36,7500
TAW,20020528,.79,.79,.79,.79,2633
TBC,20020528,.22,.23,.22,.23,167160
TBR,20020528,1.22,1.25,1.19,1.22,151379
TCL,20020528,4.38,4.38,4.31,4.38,218981
TEE,20020528,.028,.028,.025,.025,183000
TEH,20020528,.11,.11,.11,.11,15000
TEL,20020528,4.20,4.24,4.18,4.24,2173557
TELEEA,20020528,2.01,2.01,2.01,2.01,8000
TEM,20020528,2.54,2.54,2.51,2.51,32362
TEN,20020528,2.31,2.33,2.31,2.32,219110
TER,20020528,.28,.28,.25,.25,20000
TGG,20020528,1.67,1.67,1.66,1.66,47159
TGL,20020528,.225,.225,.225,.225,5000
TGS,20020528,.10,.14,.10,.14,14938
THG,20020528,.61,.61,.60,.60,158922
THX,20020528,.45,.45,.42,.425,93453
TIF,20020528,.60,.60,.57,.57,21500
TIFOA,20020528,.036,.036,.035,.035,10500
TIM,20020528,.64,.68,.64,.66,86137
TIMPA,20020528,1.09,1.09,1.09,1.09,47000
TIR,20020528,.145,.145,.14,.14,227500
TKG,20020528,.017,.017,.016,.017,1397500
TKR,20020528,1.36,1.39,1.31,1.37,15267
TLO,20020528,.017,.017,.016,.016,516000
TLS,20020528,4.81,4.85,4.81,4.82,20339009
TLSEMF,20020528,2.48,2.48,2.48,2.48,1375
TLSIAA,20020528,.90,.91,.90,.91,11672
TLSIDA,20020528,1.00,1.00,.96,.96,58000
TLSIGA,20020528,1.24,1.24,1.24,1.24,50000
TLSIGG,20020528,.45,.45,.45,.45,10000
TLSIMD,20020528,.83,.84,.83,.83,28000
TLSIMG,20020528,.90,.90,.90,.90,10000
TLSIMX,20020528,1.20,1.21,1.19,1.21,24850
TLSIPB,20020528,1.73,1.73,1.71,1.71,52830
TLSIWB,20020528,.98,.98,.98,.98,5000
TLSIXB,20020528,1.83,1.83,1.83,1.83,5500
TLSIZC,20020528,1.85,1.85,1.85,1.85,13500
TLSWGG,20020528,.024,.024,.02,.02,575000
TLSWGH,20020528,.004,.004,.004,.004,200000
TLSWGN,20020528,.165,.165,.16,.16,199500
TLSWMB,20020528,.061,.062,.061,.061,780000
TLSWSN,20020528,.001,.001,.001,.001,15000
TLSWZL,20020528,.028,.028,.028,.028,50000
TLT,20020528,.30,.30,.30,.30,10000
TMO,20020528,.87,.87,.84,.84,14500
TMS,20020528,.485,.485,.48,.48,150418
TMT,20020528,1.05,1.07,1.05,1.06,108440
TMTG,20020528,1.018,1.02,1.018,1.02,13445
TNE,20020528,.59,.60,.59,.60,181527
TNY,20020528,.043,.043,.043,.043,19775
TOL,20020528,34.45,35.25,34.30,34.91,55246
TOLG,20020528,35.20,35.20,35.20,35.20,400
TOR,20020528,1.50,1.56,1.50,1.55,81126
TOX,20020528,.115,.115,.115,.115,180000
TPX,20020528,7.31,7.31,7.30,7.30,3045
TQL,20020528,3.55,3.60,3.55,3.56,27281
TRG,20020528,5.00,5.00,4.95,4.95,800
TRT,20020528,.006,.006,.004,.005,20451453
TRY,20020528,1.45,1.45,1.40,1.42,27692
TSE,20020528,2.65,2.68,2.65,2.65,82438
TSR,20020528,.34,.34,.34,.34,4000
TSS,20020528,.42,.42,.405,.405,61318
TST,20020528,.125,.125,.125,.125,9000
TTL,20020528,.035,.035,.035,.035,7000
TTR,20020528,.057,.057,.056,.056,40000
TVL,20020528,.385,.385,.33,.375,922832
TVS,20020528,.034,.034,.034,.034,100000
TWD,20020528,.82,.82,.79,.79,118180
TWR,20020528,4.03,4.03,4.02,4.02,18314
TXT,20020528,1.15,1.15,1.15,1.15,53000
UCL,20020528,.01,.011,.01,.011,60000
UEC,20020528,.115,.125,.115,.12,298951
UEL,20020528,2.17,2.18,2.14,2.17,277794
UGL,20020528,3.01,3.01,3.00,3.01,5504974
USC,20020528,.61,.64,.61,.62,132041
VCM,20020528,1.30,1.30,1.30,1.30,6720
VGL,20020528,1.16,1.16,1.15,1.16,31652
VHL,20020528,.46,.46,.44,.44,4000
VIT,20020528,.30,.315,.30,.315,28302
VITOB,20020528,.215,.215,.215,.215,148
VKI,20020528,.225,.225,.225,.225,25000
VLR,20020528,.125,.125,.12,.12,11010
VLS,20020528,.90,.90,.88,.88,4709
VNA,20020528,.021,.021,.021,.021,39180
VOS,20020528,.012,.012,.012,.012,1810
VPE,20020528,.024,.024,.024,.024,735851
VRE,20020528,.009,.009,.009,.009,10800
VRI,20020528,.93,.94,.91,.91,65400
VRIO,20020528,.48,.48,.42,.42,6000
VRL,20020528,1.71,1.74,1.71,1.74,278506
VRLPA,20020528,1.43,1.43,1.41,1.41,358099
VSL,20020528,1.63,1.64,1.59,1.59,85991
VTI,20020528,.31,.33,.30,.325,36504
VWD,20020528,.69,.70,.69,.69,11900
VXS,20020528,.12,.125,.12,.12,153000
WAM,20020528,1.46,1.47,1.46,1.47,24640
WAN,20020528,5.07,5.10,5.07,5.09,84374
WBA,20020528,.52,.52,.52,.52,20000
WBB,20020528,5.60,5.65,5.55,5.55,8100
WBC,20020528,16.34,16.45,16.33,16.44,4069745
WBCEEA,20020528,8.99,8.99,8.99,8.99,1655
WBCIAA,20020528,9.14,9.14,9.14,9.14,31
WBCIGG,20020528,2.81,2.85,2.81,2.85,24000
WBCIMC,20020528,8.00,8.00,8.00,8.00,17200
WBCIMD,20020528,3.85,3.86,3.85,3.86,16000
WBCIMF,20020528,8.00,8.00,8.00,8.00,62
WBCIMG,20020528,3.65,3.65,3.64,3.64,16500
WBCIMT,20020528,.94,.94,.93,.93,15000
WBCIPE,20020528,1.00,1.04,1.00,1.03,86000
WBCIZD,20020528,3.78,3.78,3.78,3.78,8000
WBCWGE,20020528,.087,.09,.087,.09,165000
WBCWGS,20020528,.07,.07,.07,.07,10000
WBCWPI,20020528,.34,.34,.34,.34,10000
WDP,20020528,1.21,1.21,1.20,1.20,10000
WEAG,20020528,1.085,1.09,1.085,1.09,63218
WEB,20020528,.12,.12,.12,.12,56000
WEG,20020528,5.20,5.20,5.16,5.16,29225
WES,20020528,28.20,28.30,28.05,28.25,434363
WFA,20020528,1.99,2.01,1.99,2.00,22832349
WFAISA,20020528,1.10,1.10,1.10,1.10,85000
WFAN,20020528,1.93,1.94,1.92,1.93,1722465
WFANH,20020528,1.95,1.95,1.95,1.95,5298
WFT,20020528,3.37,3.40,3.36,3.39,3857018
WFTNI,20020528,3.31,3.31,3.31,3.31,270
WGR,20020528,.07,.075,.07,.075,104200
WHL,20020528,.06,.065,.06,.065,1354302
WHLO,20020528,.002,.002,.002,.002,2500
WHS,20020528,6.27,6.27,6.27,6.27,2340
WIF,20020528,.14,.14,.14,.14,600
WJM,20020528,2.91,2.95,2.90,2.95,4152
WMC,20020528,9.57,9.63,9.55,9.57,1856736
WMCEME,20020528,3.06,3.06,3.06,3.06,750
WMCIGA,20020528,5.47,5.47,5.47,5.47,2000
WMCIGB,20020528,3.05,3.05,3.05,3.05,2000
WMCWMA,20020528,.19,.19,.19,.19,20000
WME,20020528,.062,.062,.062,.062,100000
WMG,20020528,.065,.065,.065,.065,25000
WMMO,20020528,.075,.075,.075,.075,20000
WMT,20020528,.041,.042,.04,.041,432923
WON,20020528,.025,.026,.025,.026,490667
WOW,20020528,12.57,12.58,12.51,12.58,2217014
WOWHA,20020528,99.81,100.00,99.81,100.00,11613
WOWIMC,20020528,6.18,6.18,6.18,6.18,1000
WOWIMG,20020528,2.86,2.86,2.86,2.86,8000
WOWIPF,20020528,6.72,6.72,6.72,6.72,4000
WOWWAD,20020528,.19,.19,.19,.19,10000
WOWWAR,20020528,.014,.015,.014,.015,175000
WOWWCD,20020528,.27,.27,.27,.27,20000
WOWWGD,20020528,.155,.155,.15,.15,35000
WOWWME,20020528,.11,.115,.11,.115,100000
WOWWMF,20020528,.068,.07,.068,.068,106500
WOWWPJ,20020528,.105,.11,.10,.10,966428
WOWWPT,20020528,.19,.195,.19,.195,150000
WPL,20020528,13.96,14.15,13.95,14.14,791228
WPLIDA,20020528,7.14,7.14,7.14,7.14,200
WPLIGC,20020528,7.68,7.68,7.68,7.68,1000
WPLIMD,20020528,3.24,3.24,3.23,3.23,12735
WPLIPB,20020528,6.05,6.05,6.05,6.05,5000
WPLIPD,20020528,3.15,3.15,3.15,3.15,50
WPLISD,20020528,1.64,1.64,1.64,1.64,2000
WPLIWB,20020528,4.21,4.21,4.21,4.21,2753
WPLWAE,20020528,.14,.14,.14,.14,28000
WPLWCT,20020528,.145,.145,.145,.145,40000
WPLWOA,20020528,.105,.105,.105,.105,20000
WPLWPF,20020528,.06,.06,.06,.06,50000
WPO,20020528,.035,.04,.035,.04,110500
WRFO,20020528,.05,.05,.05,.05,30000
WSA,20020528,.185,.185,.18,.18,52671
WSF,20020528,15.90,15.90,15.54,15.58,1409340
WSFIMD,20020528,3.36,3.36,3.36,3.36,3000
WSFIMF,20020528,6.05,6.05,6.02,6.02,5700
WSFIZD,20020528,2.59,2.59,2.50,2.50,7000
WSG,20020528,.03,.03,.027,.027,684714
WSY,20020528,.053,.053,.052,.052,64000
WTE,20020528,.009,.01,.009,.01,800000
WTP,20020528,.395,.395,.395,.395,11000
WWA,20020528,.92,.95,.91,.93,260228
WWT,20020528,.021,.021,.021,.021,40000
WYL,20020528,2.37,2.39,2.36,2.37,39419
XAN,20020528,.36,.365,.36,.365,85500
XAO,20020528,3335.00,3337.70,3328.80,3337.70,0
XDDD,20020528,1.02,1.02,1.02,1.02,10500
XDJ,20020528,2063.30,2063.50,2047.70,2061.30,0
XEJ,20020528,4395.50,4427.20,4377.30,4427.20,0
XEL,20020528,.11,.11,.10,.10,394899
XEN,20020528,.09,.10,.09,.10,251000
XFJ,20020528,4381.60,4393.30,4373.40,4393.20,0
XFL,20020528,3458.60,3464.50,3451.90,3464.50,0
XHJ,20020528,4182.50,4200.40,4170.30,4176.50,0
XIJ,20020528,379.30,384.80,379.30,383.00,0
XJO,20020528,3381.60,3385.90,3374.70,3385.90,0
XJOWGV,20020528,.14,.14,.14,.14,50000
XJOWMA,20020528,.44,.47,.44,.47,40000
XJOWMB,20020528,.21,.22,.21,.215,100000
XJOWOC,20020528,.485,.485,.475,.475,20000
XJOWOD,20020528,.175,.20,.175,.20,44000
XJOWOP,20020528,.052,.052,.052,.052,20000
XJOWOQ,20020528,.135,.14,.115,.125,793103
XJOXPP,20020528,3.57,3.57,3.55,3.55,10000
XKO,20020528,3374.80,3379.00,3368.10,3379.00,0
XMD,20020528,2694.00,2696.10,2683.10,2689.40,0
XMJ,20020528,4565.20,4585.10,4557.40,4576.60,0
XNJ,20020528,4150.00,4150.00,4124.70,4136.10,0
XNKWOH,20020528,.16,.16,.16,.16,20000
XPJ,20020528,1452.60,1462.00,1449.40,1457.20,0
XSJ,20020528,4383.30,4389.20,4373.00,4380.10,0
XSO,20020528,1699.60,1703.50,1698.30,1701.10,0
XSPWOP,20020528,.077,.085,.077,.085,55000
XSPWOQ,20020528,.56,.56,.56,.56,20000
XTJ,20020528,1675.60,1683.40,1674.20,1677.40,0
XTL,20020528,2020.60,2026.80,2016.80,2026.80,0
XTO,20020528,2767.30,2770.90,2761.50,2770.90,0
XUJ,20020528,3062.80,3062.80,3035.70,3044.30,0
XXJ,20020528,4515.00,4526.40,4505.40,4526.40,0
XZZZ,20020528,101.00,101.00,101.00,101.00,50
YAM,20020528,.016,.017,.015,.017,1204692
YDR,20020528,.05,.056,.05,.056,312536
YTL,20020528,.165,.17,.165,.165,412245
ZEL,20020528,.13,.13,.13,.13,5000
ZIM,20020528,1.25,1.27,1.25,1.27,47190
ZYL,20020528,.033,.034,.031,.031,183300
