A2MJI8,20240410,1.5,1.5,1.5,1.5,10
A2MNN8,20240410,.03,.03,.03,.03,20
A2MV28,20240410,.275,.275,.275,.275,40
AGL5F9,20240410,0,0,0,.78,130
AGL5J9,20240410,.09,.14,.09,.14,380
AGL7X9,20240410,.26,.27,.26,.27,85
AGLBM7,20240410,.26,.26,.26,.26,30
AGLBO7,20240410,0,0,0,.41,20
AGLBP7,20240410,.155,.155,.155,.155,2
AGLCN7,20240410,.02,.02,.02,.02,220
AGLCP7,20240410,.085,.085,.085,.085,100
AGLCT9,20240410,1.1,1.1,1.1,1.1,10
AGLCX9,20240410,.41,.41,.41,.41,20
AGLCZ9,20240410,.165,.165,.165,.165,20
AGLD47,20240410,.06,.06,.06,.06,40
AGLDT7,20240410,1.05,1.05,1.05,1.05,10
AGLF47,20240410,2.14,2.14,2.14,2.14,120
AGLJ77,20240410,.28,.28,.28,.28,36
AGLKD7,20240410,0,0,0,.215,20
AGLPO7,20240410,.96,.96,.96,.96,3
AGLWH9,20240410,0,0,0,.265,130
AGLWJ9,20240410,.24,.24,.24,.24,45
AGLWK9,20240410,.28,.28,.28,.28,10
ALDET9,20240410,0,0,0,0,50
ALDLW9,20240410,0,0,0,0,50
ALDQL9,20240410,3.08,3.08,3.08,3.08,1
ALDQO9,20240410,.7,.7,.7,.7,60
ALDSM9,20240410,1.21,1.21,1.21,1.21,15
ALDXQ9,20240410,.735,.735,.735,.735,1
ALLGR9,20240410,.165,.165,.165,.165,140
ALLIL9,20240410,0,0,0,.36,200
ALLIV9,20240410,0,0,0,0,200
ALLJO9,20240410,0,0,0,1.75,200
ALLKI9,20240410,0,0,0,2.2,200
ALLPR9,20240410,1.72,1.72,1.72,1.72,12
AMCG49,20240410,.095,.095,.095,.095,40
AMCG69,20240410,0,0,0,.22,50
AMCJW9,20240410,0,0,0,.14,40
AMCJY9,20240410,0,0,0,.14,40
AMCK39,20240410,0,0,0,.24,50
AMCK69,20240410,0,0,0,.15,40
AMCK89,20240410,0,0,0,.32,40
AMPVY9,20240410,.175,.175,.175,.175,2000
ANNBM9,20240410,0,0,0,.41,9
ANNCG9,20240410,.55,.55,.55,.55,6
ANNEN9,20240410,0,0,0,.595,9
ANNGR9,20240410,.145,.145,.145,.145,50
ANNPU9,20240410,1.09,1.09,1.09,1.09,8
ANNSJ9,20240410,2.36,2.36,2.36,2.36,5
ANZ3H9,20240410,.25,.25,.25,.25,5
ANZ3K8,20240410,.04,.04,.04,.04,25
ANZ3M8,20240410,.27,.27,.22,.22,44
ANZ3V8,20240410,.12,.12,.11,.11,24
ANZ5M8,20240410,.07,.07,.07,.07,200
ANZ6G8,20240410,.14,.14,.14,.14,30
ANZ7X7,20240410,.65,.65,.65,.65,30
ANZC77,20240410,.12,.12,.12,.12,100
ANZC97,20240410,.17,.175,.17,.175,250
ANZFT7,20240410,.395,.395,.395,.395,80
ANZGN8,20240410,1.35,1.35,1.35,1.35,50
ANZGO8,20240410,0,0,0,1.095,500
ANZGS8,20240410,0,0,0,0,500
ANZK88,20240410,2.19,2.19,2.19,2.19,40
ANZKA8,20240410,1.8,1.8,1.8,1.8,30
ANZKE9,20240410,.34,.34,.34,.34,20
ANZNZ8,20240410,0,0,0,.105,50
ANZQW9,20240410,1.5,1.5,1.5,1.5,10
ANZSH8,20240410,.225,.225,.225,.225,30
ANZU27,20240410,1.08,1.08,1.08,1.08,60
ANZXL9,20240410,2.37,2.37,2.37,2.37,70
ANZXS9,20240410,.05,.05,.045,.045,202
ANZXT9,20240410,0,0,0,.58,50
ANZXU9,20240410,.135,.14,.12,.14,502
ANZZ77,20240410,.87,.87,.87,.87,20
ANZZ97,20240410,1.89,1.89,1.89,1.89,25
ANZZG7,20240410,4,4,4,4,5
APAQZ7,20240410,.11,.11,.11,.11,100
APAT47,20240410,.185,.185,.185,.185,27
ASX3J7,20240410,0,0,0,.85,100
ASX3Q7,20240410,0,0,0,.95,100
ASXKK8,20240410,1.06,1.06,1.06,1.06,2
ASXKO8,20240410,0,0,0,0,6
ASXUN8,20240410,1.05,1.05,1.05,1.05,5
ASXYP9,20240410,.42,.42,.42,.42,3
ASXZO9,20240410,0,0,0,0,6
AWC0Z8,20240410,.05,.05,.05,.05,5
AWC1F8,20240410,.055,.055,.055,.055,80
AWC2J8,20240410,.125,.125,.09,.1,220
AWC4Q8,20240410,.045,.045,.045,.045,910
AZJ0M8,20240410,.015,.015,.015,.015,300
BENIH8,20240410,.14,.14,.14,.14,50
BGLCW7,20240410,.045,.045,.045,.045,200
BHP1Z9,20240410,.04,.04,.04,.04,15
BHP4U7,20240410,.365,.365,.365,.365,100
BHP9K8,20240410,0,0,0,.435,830
BHP9M8,20240410,0,0,0,.76,300
BHP9Q8,20240410,.77,.77,.77,.77,200
BHP9X9,20240410,3.36,3.36,3.36,3.36,1
BHPD48,20240410,0,0,0,19.45,105
BHPE77,20240410,.23,.23,.23,.23,100
BHPEO7,20240410,0,0,0,0,3
BHPEQ7,20240410,1.2,1.25,1.2,1.25,25
BHPFL7,20240410,1.65,1.65,1.65,1.65,25
BHPFO8,20240410,.22,.22,.22,.22,460
BHPFT7,20240410,1.1,1.1,1.1,1.1,100
BHPFV7,20240410,.9,.925,.9,.925,42
BHPG88,20240410,.4,.4,.4,.4,1
BHPG98,20240410,2.7,2.82,2.7,2.82,51
BHPGK8,20240410,.43,.43,.43,.43,5
BHPGX8,20240410,2,2.05,2,2.05,20
BHPGZ8,20240410,1.685,1.685,1.685,1.685,55
BHPI18,20240410,0,0,0,1.09,5
BHPI28,20240410,0,0,0,1.18,30
BHPI48,20240410,1.16,1.16,1.08,1.08,1238
BHPI77,20240410,.03,.03,.03,.03,20
BHPIF8,20240410,.7,.74,.7,.74,116
BHPIG7,20240410,.05,.05,.05,.05,310
BHPIH7,20240410,2.6,2.6,2.6,2.6,13
BHPII7,20240410,.06,.06,.06,.06,20
BHPIM7,20240410,0,0,0,1.19,30
BHPIM9,20240410,3.15,3.15,3.15,3.15,10
BHPIO9,20240410,2.55,2.55,2.55,2.55,10
BHPIP7,20240410,0,0,0,.14,300
BHPIQ7,20240410,1.79,1.79,1.79,1.79,49
BHPIQ9,20240410,1.585,1.585,1.585,1.585,204
BHPIR9,20240410,1.98,1.98,1.98,1.98,10
BHPIS7,20240410,1.25,1.3,1.25,1.3,70
BHPIT7,20240410,0,0,0,.36,3
BHPIT8,20240410,.575,.575,.575,.575,53
BHPIV8,20240410,.455,.49,.42,.42,161
BHPJ58,20240410,.34,.34,.31,.31,25
BHPJ67,20240410,.97,1,.97,1,70
BHPJ77,20240410,.39,.39,.34,.36,209
BHPJ87,20240410,.67,.67,.67,.67,45
BHPJ97,20240410,.59,.59,.59,.59,30
BHPJA7,20240410,.4,.46,.4,.46,17
BHPJA8,20240410,.23,.23,.23,.23,46
BHPJB7,20240410,.8,.8,.8,.8,200
BHPJC7,20240410,.26,.26,.26,.26,250
BHPJF9,20240410,0,0,0,1.71,14
BHPJK7,20240410,0,0,0,.11,830
BHPJL9,20240410,0,0,0,1.02,14
BHPJM7,20240410,.05,.05,.05,.05,50
BHPJO7,20240410,.02,.02,.02,.02,20
BHPKA9,20240410,1.125,1.17,1.12,1.17,29
BHPKF8,20240410,0,0,0,.12,15
BHPLK7,20240410,.785,.79,.785,.79,123
BHPLS9,20240410,0,0,0,.9,110
BHPLU9,20240410,.885,.885,.885,.885,25
BHPMJ7,20240410,.5,.5,.5,.5,90
BHPNP9,20240410,2.5,2.5,2.5,2.5,6
BHPNY9,20240410,.075,.075,.07,.07,55
BHPNZ9,20240410,.28,.28,.28,.28,118
BHPP19,20240410,.245,.25,.2,.25,44
BHPP49,20240410,.1,.12,.1,.1,163
BHPP58,20240410,0,0,0,0,105
BHPQO9,20240410,0,0,0,2.05,9
BHPRJ9,20240410,2.02,2.02,2.02,2.02,10
BHPRN9,20240410,.025,.025,.015,.015,59
BHPRP9,20240410,.015,.015,.01,.01,91
BHPTJ7,20240410,.95,.95,.95,.95,20
BHPTZ9,20240410,4.88,4.88,4.88,4.88,6
BHPUK9,20240410,.09,.09,.09,.09,55
BHPUM9,20240410,0,0,0,.41,300
BHPUS9,20240410,0,0,0,0,300
BHPUV9,20240410,0,0,0,1.04,10
BHPV89,20240410,.4,.4,.4,.4,3
BHPW19,20240410,1.17,1.17,1.17,1.17,5
BHPWO9,20240410,.45,.45,.45,.45,25
BHPWS9,20240410,.2,.2,.2,.2,12
BHPWT8,20240410,.4,.4,.4,.4,1
BHPXB7,20240410,0,0,0,.37,15
BHPXD7,20240410,.375,.375,.375,.375,15
BHPXN9,20240410,.5,.5,.5,.5,10
BHPXR9,20240410,.6,.6,.6,.6,30
BHPYH7,20240410,0,0,0,2.355,10
BHPYN7,20240410,0,0,0,0,10
BLDDR9,20240410,.2,.2,.2,.2,20
BLDL19,20240410,.29,.29,.29,.29,40
BOQPY9,20240410,.34,.34,.34,.34,100
BOQPZ9,20240410,.07,.07,.06,.06,1775
BOQQ19,20240410,.17,.17,.17,.17,7
BOQQ29,20240410,.14,.15,.14,.15,37
BOQQV9,20240410,0,0,0,0,200
BOQRZ9,20240410,.16,.16,.145,.145,219
BOQS39,20240410,.105,.105,.105,.105,300
BOQUR9,20240410,1.03,1.03,1.03,1.03,30
BOQY49,20240410,0,0,0,0,200
BPTRS9,20240410,.06,.06,.06,.06,1
BPTRU9,20240410,.03,.03,.03,.03,150
BPTRV9,20240410,.03,.03,.03,.03,160
BPTSX9,20240410,.025,.025,.025,.025,650
BPTT29,20240410,.045,.05,.045,.05,1705
BPTT49,20240410,.065,.075,.065,.075,143
BPTT79,20240410,.035,.035,.03,.03,750
BPTUO9,20240410,.1,.1,.1,.1,93
BPTVT9,20240410,.145,.145,.145,.145,140
BPTVV9,20240410,.12,.12,.11,.11,55
BPTZ99,20240410,.16,.16,.16,.16,100
BSLB88,20240410,.585,.585,.585,.585,3
BSLV27,20240410,1.14,1.25,1.14,1.25,30
BSLV37,20240410,.065,.065,.065,.065,90
BSLV77,20240410,.105,.125,.105,.125,17
BSLW97,20240410,1.55,1.55,1.55,1.55,2
BSLWA7,20240410,.285,.285,.285,.285,50
BSLWB7,20240410,1.2,1.2,1.2,1.2,20
BSLX37,20240410,.15,.18,.15,.18,60
BSLXK7,20240410,.4,.4,.4,.4,30
BSLZ77,20240410,.33,.33,.33,.33,6
BSLZ97,20240410,.16,.16,.16,.16,10
BXBKZ8,20240410,.12,.12,.12,.12,10
BXBLB8,20240410,1.715,1.715,1.715,1.715,2
BXBMN7,20240410,.59,.595,.59,.595,536
BXBMO7,20240410,0,0,0,0,429
BXBQD7,20240410,.425,.425,.425,.425,100
BXBQP7,20240410,.18,.18,.18,.18,20
BXBS47,20240410,.535,.535,.535,.535,200
BXBTJ8,20240410,.36,.44,.36,.44,73
BXBTR8,20240410,0,0,0,0,429
BXBUN8,20240410,.22,.22,.22,.22,100
BXBV77,20240410,1.055,1.055,1.055,1.055,300
BXBVC8,20240410,1.155,1.155,1.155,1.155,3
BXBXU8,20240410,.56,.56,.56,.56,5
CARY67,20240410,.3,.3,.3,.3,2
CBA0N7,20240410,.95,.95,.95,.95,10
CBA0U7,20240410,0,0,0,1.26,5
CBA1K9,20240410,9.35,9.35,9.35,9.35,5
CBA7J7,20240410,2.5,2.5,2.5,2.5,2
CBA7N8,20240410,0,0,0,1.9,30
CBA7Q8,20240410,1.02,1.02,1.02,1.02,20
CBA7U8,20240410,0,0,0,6.47,2150
CBA7Z8,20240410,2.24,2.24,2.24,2.24,5
CBA8G8,20240410,.39,.39,.39,.39,8
CBAB79,20240410,0,0,0,0,5
CBABK9,20240410,0,0,0,0,5
CBABO8,20240410,0,0,0,0,3
CBAC69,20240410,0,0,0,.09,1
CBAC89,20240410,.2,.2,.2,.2,20
CBAD49,20240410,0,0,0,10.55,5
CBAE38,20240410,.42,.42,.42,.42,700
CBAF89,20240410,0,0,0,0,25
CBAFF7,20240410,.625,.625,.45,.5,228
CBAFG7,20240410,2.03,2.03,2.03,2.03,10
CBAFH7,20240410,0,0,0,5,150
CBAFH9,20240410,0,0,0,0,2150
CBAFN7,20240410,.555,.555,.555,.555,3
CBAFW7,20240410,0,0,0,0,9
CBAGT9,20240410,0,0,0,0,25
CBAGU9,20240410,0,0,0,18.5,25
CBAJ68,20240410,0,0,0,0,16
CBAM37,20240410,0,0,0,4.1,5
CBAM97,20240410,0,0,0,5.1,3
CBAMD7,20240410,0,0,0,4.8,150
CBAN48,20240410,0,0,0,2.94,200
CBAPX8,20240410,.205,.205,.205,.205,50
CBAPZ8,20240410,0,0,0,3.1,4
CBAQE9,20240410,.18,.18,.18,.18,6
CBAQK7,20240410,0,0,0,5.9,4
CBAQP7,20240410,4.65,4.65,4.65,4.65,1
CBARQ8,20240410,6.45,6.45,6.4,6.4,16
CBAST7,20240410,18.225,18.225,18.225,18.225,9
CBATI9,20240410,0,0,0,.41,20
CBATL9,20240410,0,0,0,0,14
CBATX7,20240410,.065,.065,.065,.065,250
CBATY7,20240410,1.08,1.08,.68,.68,50
CBATZ7,20240410,.285,.42,.285,.42,210
CBAU17,20240410,.1,.1,.075,.075,463
CBAU27,20240410,1.75,1.75,1.6,1.6,10
CBAU37,20240410,0,0,0,.04,16
CBAUG7,20240410,.8,.8,.8,.8,10
CBAUX9,20240410,0,0,0,3.575,25
CBAUY9,20240410,.39,.39,.39,.39,451
CBAUZ9,20240410,10.63,10.63,10.63,10.63,15
CBAVT7,20240410,.075,.075,.075,.075,400
CBAYK7,20240410,0,0,0,.7,200
CBAYM7,20240410,.09,.09,.09,.09,3
CBAZJ7,20240410,0,0,0,0,1
CBAZK9,20240410,.56,.56,.56,.56,1
CBAZO8,20240410,1.48,1.48,1.48,1.48,3
CBAZP8,20240410,7.7,7.7,7.7,7.7,15
CBAZV8,20240410,0,0,0,3.35,20
CHNT87,20240410,.04,.04,.04,.04,1
CHNWN7,20240410,.21,.21,.21,.21,50
COL0J9,20240410,1.1,1.1,1.1,1.1,40
COLTY9,20240410,.68,.68,.68,.68,1349
COLVQ9,20240410,.15,.155,.15,.155,16
COLYK9,20240410,.19,.19,.19,.19,15
COLYN9,20240410,.08,.08,.08,.08,30
CPU4K9,20240410,.47,.47,.47,.47,3
CPU6J7,20240410,.035,.035,.035,.035,1
CPU6M7,20240410,.065,.065,.065,.065,1
CPUWE8,20240410,.55,.55,.55,.55,2
CPUWV8,20240410,1.45,1.45,1.45,1.45,100
CSL1F8,20240410,3.71,3.71,3.71,3.71,2
CSL2F8,20240410,0,0,0,1.14,20
CSL2H8,20240410,.5,.5,.5,.5,5
CSL3X7,20240410,0,0,0,0,35
CSL5Z7,20240410,1.3,1.3,1.3,1.3,30
CSL6H9,20240410,0,0,0,2.7,9
CSLBM7,20240410,0,0,0,1.77,36
CSLC79,20240410,72.88,72.88,72.88,72.88,10
CSLCV8,20240410,0,0,0,.72,15
CSLCX8,20240410,4.415,4.415,4.415,4.415,5
CSLCZ8,20240410,3.6,3.6,3.6,3.6,2
CSLD29,20240410,9.35,9.35,9.35,9.35,40
CSLD39,20240410,7.865,7.865,7.865,7.865,1
CSLE17,20240410,0,0,0,.525,35
CSLE57,20240410,.05,.05,.05,.05,5
CSLE87,20240410,2.8,4.3,2.8,4.3,27
CSLE97,20240410,.295,.295,.18,.18,161
CSLE98,20240410,0,0,0,2.45,15
CSLEF7,20240410,2.2,2.2,2.2,2.2,5
CSLEJ7,20240410,.45,.6,.45,.47,35
CSLEK7,20240410,2.5,2.87,2.5,2.7,60
CSLEL7,20240410,.22,.22,.17,.17,120
CSLEL9,20240410,3.83,3.83,3.83,3.83,1
CSLEN9,20240410,4.7,4.7,4.7,4.7,2
CSLFW9,20240410,0,0,0,6,44
CSLFX9,20240410,0,0,0,4.75,20
CSLFY9,20240410,0,0,0,0,34
CSLG27,20240410,0,0,0,0,75
CSLG37,20240410,0,0,0,0,49
CSLG57,20240410,0,0,0,0,34
CSLGR7,20240410,0,0,0,2.84,15
CSLIX9,20240410,0,0,0,1.66,18
CSLJA7,20240410,0,0,0,3.36,100
CSLKX7,20240410,12.25,12.25,12.25,12.25,93
CSLL87,20240410,0,0,0,0,35
CSLLE8,20240410,3.05,3.05,2.91,2.91,6
CSLLJ8,20240410,1.14,1.14,1.14,1.14,1
CSLMV7,20240410,.33,.33,.33,.33,125
CSLNK7,20240410,2.615,2.615,2.615,2.615,1
CSLNU7,20240410,0,0,0,0,15
CSLPS7,20240410,0,0,0,0,75
CSLPV9,20240410,0,0,0,.37,35
CSLPZ7,20240410,1.2,1.2,1.2,1.2,12
CSLQ57,20240410,0,0,0,0,75
CSLQ89,20240410,0,0,0,0,36
CSLQA7,20240410,0,0,0,0,15
CSLQC7,20240410,0,0,0,0,10
CSLQK7,20240410,5.5,5.5,5.5,5.5,10
CSLR47,20240410,1.44,1.445,1.44,1.445,24
CSLR57,20240410,3.75,3.75,3.75,3.75,20
CSLRT7,20240410,0,0,0,0,85
CSLVH7,20240410,0,0,0,1.35,100
CSLVP9,20240410,0,0,0,0,9
CSLWA8,20240410,8.85,8.85,8.85,8.85,1
CSLXT7,20240410,3.15,3.15,3.15,3.15,3
CSLXV7,20240410,6.2,6.6,6.2,6.6,8
CSLY97,20240410,2.12,2.12,1.9,1.9,18
CSLZA9,20240410,6.1,6.11,6.1,6.11,70
CSLZY8,20240410,7.375,7.375,7.375,7.375,5
CTDT78,20240410,.135,.135,.135,.135,4
EDVF37,20240410,.06,.06,.06,.06,15
EVNB78,20240410,0,0,0,.065,15
EVNBG8,20240410,0,0,0,.105,15
EVNBH8,20240410,.08,.08,.08,.08,127
EVND68,20240410,.75,.75,.75,.75,30
EVNDO8,20240410,.42,.42,.42,.42,30
EVNDU8,20240410,.235,.235,.235,.235,50
EVNMI8,20240410,.385,.385,.385,.385,10
EVNZS7,20240410,.815,.815,.815,.815,120
FLTMJ7,20240410,0,0,0,.45,40
FLTN57,20240410,0,0,0,0,5
FLTNL7,20240410,0,0,0,0,5
FLTNN7,20240410,.505,.505,.505,.505,20
FLTUY7,20240410,0,0,0,0,40
FMG4U7,20240410,1.1,1.1,1.08,1.08,40
FMG5M9,20240410,0,0,0,0,10
FMG5N9,20240410,0,0,0,0,12
FMG5U7,20240410,0,0,0,.025,250
FMG6F7,20240410,.49,.49,.49,.49,4
FMG6K8,20240410,1.32,1.32,1.32,1.32,70
FMG7G8,20240410,1,1,1,1,13
FMG7Z8,20240410,0,0,0,0,140
FMGB39,20240410,.085,.085,.085,.085,342
FMGB99,20240410,.16,.16,.16,.16,20
FMGBF9,20240410,.95,.95,.95,.95,320
FMGBG9,20240410,.29,.29,.22,.22,935
FMGBI9,20240410,.41,.41,.36,.36,58
FMGC18,20240410,0,0,0,.32,20
FMGC28,20240410,0,0,0,.855,50
FMGC38,20240410,0,0,0,.47,15
FMGC68,20240410,0,0,0,.45,50
FMGI97,20240410,.25,.25,.25,.25,50
FMGIH8,20240410,0,0,0,0,140
FMGIK7,20240410,1.01,1.01,1.01,1.01,10
FMGIT9,20240410,.3,.3,.3,.3,51
FMGIW9,20240410,.08,.08,.08,.08,10
FMGJK9,20240410,.19,.19,.19,.19,120
FMGLR7,20240410,.16,.16,.16,.16,20
FMGSV9,20240410,.035,.035,.035,.035,20
FMGSX9,20240410,.595,.595,.595,.595,10
FMGSZ9,20240410,.735,.735,.735,.735,10
FMGTU8,20240410,1.93,1.93,1.93,1.93,10
FMGU78,20240410,2.56,2.56,2.56,2.56,15
FMGUF7,20240410,.75,.75,.69,.69,73
FMGUJ7,20240410,.34,.35,.3,.35,305
FMGUK7,20240410,.17,.17,.17,.17,50
FMGUL7,20240410,.085,.085,.085,.085,150
FMGUL9,20240410,.015,.015,.015,.015,20
FMGUO9,20240410,0,0,0,1.02,10
FMGUZ9,20240410,0,0,0,.12,250
FMGV19,20240410,.95,.95,.95,.95,109
FMGVG9,20240410,.49,.49,.49,.49,40
FMGVI9,20240410,1.12,1.12,1.12,1.12,20
FMGWX9,20240410,0,0,0,3.8,16
FMGWY9,20240410,.39,.39,.39,.39,192
FMGX59,20240410,.56,.56,.56,.56,1
FMGX69,20240410,1.46,1.46,1.46,1.46,210
FMGX79,20240410,.65,.65,.65,.65,10
FMGX99,20240410,.86,.86,.86,.86,30
FMGXA9,20240410,.88,.88,.88,.88,11
FMGXC9,20240410,.65,.66,.65,.66,25
FMGXF9,20240410,0,0,0,.43,16
FMGXS9,20240410,.505,.505,.505,.505,10
FMGXV9,20240410,1.21,1.21,1.21,1.21,20
FMGXW9,20240410,.85,.85,.85,.85,10
FMGXY9,20240410,.81,.81,.81,.81,36
FMGXZ9,20240410,1.04,1.05,1.04,1.05,129
FMGY37,20240410,0,0,0,0,50
FMGY47,20240410,0,0,0,.55,20
FMGY67,20240410,0,0,0,.63,12
FMGY69,20240410,0,0,0,0,20
FMGY97,20240410,.615,.615,.615,.615,25
FMGZ69,20240410,1.05,1.05,1.05,1.05,4
FMGZJ7,20240410,0,0,0,0,150
FMGZM7,20240410,.95,.95,.95,.95,40
FMGZO7,20240410,0,0,0,.66,12
FMGZP7,20240410,.57,.57,.57,.57,400
FMGZQ7,20240410,.5,.55,.5,.55,70
FMGZS7,20240410,.32,.325,.32,.32,422
FMGZU7,20240410,.22,.22,.22,.22,5
FMGZU8,20240410,0,0,0,5.13,12
FMGZX8,20240410,.03,.03,.03,.03,2
FPHEY8,20240410,0,0,0,0,20
FPHF38,20240410,0,0,0,0,20
FPHGN8,20240410,0,0,0,.395,20
FPHGR8,20240410,0,0,0,0,20
GMG5F7,20240410,.43,.43,.43,.43,10
GMG5K9,20240410,0,0,0,.49,35
GMG5Z9,20240410,1.31,1.31,1.31,1.31,150
GMG6U8,20240410,1.065,1.065,1.065,1.065,45
GMG8K9,20240410,.7,.7,.7,.7,3
GMGDN7,20240410,.75,.75,.75,.75,200
GMGDQ7,20240410,3.13,3.13,3.13,3.13,100
GMGE67,20240410,0,0,0,1.395,50
GMGE77,20240410,0,0,0,0,50
GMGNY9,20240410,6.49,6.49,6.49,6.49,7
GMGZD9,20240410,.24,.24,.24,.24,20
GORSP7,20240410,.045,.045,.045,.045,200
GORYC7,20240410,.135,.135,.135,.135,20
HVNVR8,20240410,.08,.08,.08,.08,25
HVNXZ8,20240410,.145,.145,.145,.145,50
IAGFZ9,20240410,.06,.06,.06,.06,19
IAGKA9,20240410,.1,.1,.1,.1,100
IELBZ9,20240410,.235,.245,.235,.245,18
IELC49,20240410,.365,.375,.365,.375,18
IELGM8,20240410,0,0,0,2.285,15
IELIX8,20240410,0,0,0,.52,100
IELLL8,20240410,0,0,0,0,15
IELMJ8,20240410,0,0,0,0,100
IFLII9,20240410,.08,.08,.08,.08,20
IGO0Q7,20240410,.145,.145,.145,.145,70
IGO6X8,20240410,0,0,0,0,100
IGO8G8,20240410,.35,.35,.35,.35,70
IGO8K8,20240410,.275,.275,.275,.275,40
IGOCJ8,20240410,0,0,0,.49,25
IGOD78,20240410,0,0,0,0,100
IGOD98,20240410,0,0,0,0,100
IGOF97,20240410,0,0,0,.085,100
IGOFI7,20240410,.38,.38,.38,.38,100
IGOGS7,20240410,0,0,0,.47,100
IGOJ37,20240410,0,0,0,.39,100
IGOKL7,20240410,1.82,1.82,1.82,1.82,10
IGOKY7,20240410,.135,.135,.135,.135,80
IGOME8,20240410,.625,.625,.625,.625,3
IGOSW9,20240410,.015,.015,.015,.015,195
IGOUD7,20240410,0,0,0,.38,25
IGOUF7,20240410,0,0,0,.62,25
IGOUJ7,20240410,.265,.265,.265,.265,15
IGOUN7,20240410,.15,.15,.15,.15,200
IGOV47,20240410,.32,.32,.32,.32,30
IGOWC9,20240410,.06,.06,.06,.06,8
IGOWH9,20240410,0,0,0,0,100
IGOWJ9,20240410,0,0,0,0,100
IGOXZ7,20240410,0,0,0,.685,25
IGOZC8,20240410,.85,.85,.85,.85,50
ILU3J8,20240410,.095,.095,.095,.095,54
ILU7K9,20240410,0,0,0,0,100
ILUE47,20240410,0,0,0,0,100
ILUJR7,20240410,.09,.095,.09,.095,20
ILUKT7,20240410,.35,.35,.35,.35,25
ILUR27,20240410,0,0,0,0,4
ILUSL9,20240410,0,0,0,0,4
IPL4M7,20240410,.085,.085,.08,.08,590
IPL7Q7,20240410,.295,.295,.295,.295,3
IPLCQ8,20240410,0,0,0,0,170
IPLDT8,20240410,0,0,0,0,170
IPLK89,20240410,.035,.035,.035,.035,1
IPLUM9,20240410,.085,.085,.08,.08,470
IPLUO9,20240410,.035,.035,.035,.035,89
IPLXH9,20240410,.04,.04,.04,.04,873
IPLXQ9,20240410,.1,.1,.1,.1,122
JHXCF8,20240410,1.26,1.26,1.26,1.26,3
JHXXN8,20240410,.8,.8,.8,.8,20
JHXY48,20240410,2.5,2.5,2.5,2.5,5
LLCDR9,20240410,.15,.15,.15,.15,10
LLCIY9,20240410,.38,.38,.38,.38,200
LLCJX8,20240410,.05,.05,.045,.045,210
LLCLY8,20240410,.14,.18,.14,.18,40
LLCPL8,20240410,0,0,0,.025,50
LLCPO8,20240410,.12,.15,.12,.15,20
LLCUR8,20240410,.055,.055,.055,.055,15
LLCUV8,20240410,.09,.09,.09,.09,15
LOVRU9,20240410,4.13,4.13,4.13,4.13,38
LOVT79,20240410,3.82,3.82,3.82,3.82,26
LYC8J7,20240410,.5,.5,.5,.5,40
LYCFY9,20240410,.21,.23,.21,.23,90
LYCI19,20240410,0,0,0,.835,60
LYCTP7,20240410,.125,.125,.12,.12,512
LYCTU8,20240410,.165,.165,.15,.15,150
LYCUO8,20240410,0,0,0,.72,60
MGR1V9,20240410,.005,.005,.005,.005,1400
MGR9Z8,20240410,.005,.005,.005,.005,1400
MIN0M8,20240410,0,0,0,0,100
MIN1F8,20240410,0,0,0,0,20
MIN1H8,20240410,0,0,0,0,20
MIN1K8,20240410,0,0,0,7.85,20
MIN1U8,20240410,2.37,2.37,2.37,2.37,11
MIN9J7,20240410,0,0,0,3.55,3
MIN9V7,20240410,3.87,3.87,3.87,3.87,12
MINNN7,20240410,.15,.15,.15,.15,20
MINNO7,20240410,4.31,4.31,4.31,4.31,3
MINP18,20240410,0,0,0,1.17,20
MINRN8,20240410,0,0,0,1.9,10
MINSQ7,20240410,3.77,3.77,3.45,3.45,15
MINSS7,20240410,0,0,0,1.25,3
MINSU7,20240410,0,0,0,3.7,200
MINTM7,20240410,1.21,1.21,1.21,1.21,4
MINTP7,20240410,4.98,4.98,4.98,4.98,3
MINU47,20240410,0,0,0,0,100
MINUD7,20240410,3.73,3.73,3.73,3.73,3
MINUJ7,20240410,0,0,0,.86,2
MINUL7,20240410,4.62,4.62,4.62,4.62,5
MINVX7,20240410,0,0,0,0,20
MINWF7,20240410,2.37,2.37,2.37,2.37,11
MINWG7,20240410,0,0,0,0,20
MINWH7,20240410,0,0,0,1.82,2
MINXI7,20240410,4.48,4.48,4.48,4.48,10
MINY27,20240410,0,0,0,.46,120
MINY67,20240410,0,0,0,1.56,10
MINY77,20240410,0,0,0,0,20
MINYA7,20240410,1.66,1.66,1.66,1.66,4
MINYU7,20240410,0,0,0,.3,120
MINYW7,20240410,.85,.85,.85,.85,30
MINYX7,20240410,0,0,0,0,100
MINYZ7,20240410,1.085,1.085,1.085,1.085,4
MINZ37,20240410,0,0,0,0,100
MINZU7,20240410,6.815,6.815,6.815,6.815,5
MPLBH9,20240410,.04,.04,.04,.04,30
MQG0N7,20240410,0,0,0,3.4,50
MQG5M8,20240410,11.695,11.695,11.695,11.695,10
MQG5Z8,20240410,.2,.2,.2,.2,30
MQG8F7,20240410,0,0,0,2.95,50
MQG8K7,20240410,.18,.18,.18,.18,20
MQG8M7,20240410,8.6,8.6,8.6,8.6,36
MQGBP9,20240410,0,0,0,0,8
MQGBS9,20240410,4,4,4,4,5
MQGBV9,20240410,.14,.14,.14,.14,8
MQGBX9,20240410,1.66,1.66,1.66,1.66,11
MQGCV7,20240410,.18,.18,.18,.18,30
MQGCX7,20240410,.5,.5,.5,.5,10
MQGCY7,20240410,.82,.82,.82,.82,15
MQGCZ7,20240410,.95,.95,.95,.95,10
MQGD17,20240410,.2,.2,.2,.2,15
MQGD27,20240410,2.4,2.4,2.4,2.4,7
MQGD37,20240410,.03,.03,.03,.03,30
MQGD47,20240410,0,0,0,3.2,4
MQGDK7,20240410,0,0,0,4.9,2
MQGDO7,20240410,0,0,0,5.35,7
MQGDV9,20240410,0,0,0,.19,20
MQGDX9,20240410,0,0,0,1.275,50
MQGEQ7,20240410,0,0,0,.325,3
MQGES7,20240410,0,0,0,.515,8
MQGEZ9,20240410,.88,.88,.88,.88,9
MQGFM8,20240410,0,0,0,13.95,2
MQGGU8,20240410,.51,.51,.51,.51,20
MQGII7,20240410,4.3,4.3,4.3,4.3,10
MQGIK7,20240410,5.25,5.25,5.25,5.25,2
MQGJ18,20240410,0,0,0,.37,50
MQGJ38,20240410,0,0,0,6.29,5
MQGJQ7,20240410,1.71,1.71,1.69,1.69,270
MQGJS7,20240410,0,0,0,0,2
MQGJX7,20240410,.7,.7,.7,.7,80
MQGJZ7,20240410,0,0,0,0,20
MQGKB9,20240410,0,0,0,0,20
MQGKJ7,20240410,0,0,0,0,8
MQGKX7,20240410,11.4,11.4,11.4,11.4,10
MQGL67,20240410,0,0,0,0,3
MQGLB7,20240410,.87,.87,.87,.87,70
MQGLF7,20240410,0,0,0,0,50
MQGLH7,20240410,0,0,0,0,50
MQGLJ7,20240410,0,0,0,0,50
MQGM77,20240410,.595,.595,.595,.595,25
MQGM97,20240410,.75,.75,.75,.75,60
MQGMC7,20240410,16.59,16.59,16.59,16.59,10
MQGMH7,20240410,0,0,0,1.68,2
MQGMY7,20240410,23.71,23.71,23.71,23.71,10
MQGNY7,20240410,.57,.57,.57,.57,20
MQGQP9,20240410,.17,.17,.17,.17,25
MQGRP9,20240410,5.045,5.045,5.045,5.045,5
MQGTY7,20240410,0,0,0,0,20
MQGU47,20240410,16.6,16.6,16.6,16.6,6
MQGXP9,20240410,0,0,0,0,40
MQGY47,20240410,0,0,0,3.3,2
MQGYC7,20240410,0,0,0,.9,8
MQGYD7,20240410,3.1,3.1,3.1,3.1,5
MQGYI7,20240410,2.3,2.3,2.3,2.3,10
MQGYM7,20240410,0,0,0,5.25,4
MQGZO9,20240410,0,0,0,.6,8
MTSGV7,20240410,.11,.11,.11,.11,185
MTSTJ7,20240410,.11,.11,.11,.11,110
MTSXZ7,20240410,.11,.11,.11,.11,10
NAB9H9,20240410,0,0,0,.145,300
NABCH7,20240410,0,0,0,.445,1000
NABCN8,20240410,0,0,0,4.08,500
NABD38,20240410,3.28,3.28,3.28,3.28,4
NABD48,20240410,0,0,0,.045,20
NABD68,20240410,0,0,0,.07,100
NABDX9,20240410,.335,.335,.335,.335,10
NABEL8,20240410,0,0,0,0,15
NABEZ7,20240410,.02,.02,.02,.02,60
NABFF7,20240410,1.34,1.34,1.34,1.34,3
NABG39,20240410,0,0,0,.22,20
NABGM9,20240410,2.5,2.5,2.5,2.5,10
NABJI8,20240410,0,0,0,0,70
NABMN8,20240410,0,0,0,0,70
NABNU7,20240410,0,0,0,0,15
NABNU9,20240410,0,0,0,.135,300
NABRJ7,20240410,.75,.75,.75,.75,50
NABTA9,20240410,0,0,0,0,500
NABUI8,20240410,.1,.1,.1,.1,130
NABWK7,20240410,.23,.23,.23,.23,20
NABXV9,20240410,.29,.29,.29,.29,300
NABYI8,20240410,0,0,0,.24,1000
NABYJ8,20240410,.085,.085,.085,.085,50
NDQBZ8,20240410,.275,.275,.275,.275,50
NDQD58,20240410,.9,.9,.9,.9,5
NDQN37,20240410,.27,.27,.27,.27,20
NHCE99,20240410,0,0,0,0,130
NHCEZ9,20240410,.32,.32,.32,.32,70
NHCPO8,20240410,0,0,0,.175,200
NHCQW8,20240410,.24,.24,.24,.24,81
NHCQX8,20240410,.095,.095,.095,.095,4
NHCQZ8,20240410,.13,.13,.13,.13,200
NHCRM8,20240410,0,0,0,.21,130
NHCS98,20240410,.215,.215,.215,.215,100
NHCSF8,20240410,.065,.085,.065,.085,411
NHCUC8,20240410,.14,.14,.14,.14,100
NHCUV8,20240410,.305,.305,.305,.305,60
NHCVW8,20240410,.195,.21,.195,.21,50
NST1N8,20240410,.095,.095,.095,.095,10
NST7Q9,20240410,.17,.2,.17,.2,61
NSTD47,20240410,.24,.27,.24,.27,54
NSTD77,20240410,.81,.81,.81,.81,41
NSTEO8,20240410,0,0,0,0,33
NSTFK8,20240410,.145,.145,.145,.145,40
NSTFZ7,20240410,.64,.64,.64,.64,15
NSTSE9,20240410,0,0,0,0,27
NSTTF7,20240410,0,0,0,0,21
NXTKV7,20240410,.925,.925,.925,.925,3
NXTMR7,20240410,.44,.44,.415,.415,80
NXTNU7,20240410,.48,.49,.48,.49,40
NXTSS7,20240410,.43,.43,.43,.43,40
NXTUF7,20240410,1.08,1.08,1.08,1.08,62
NXTV37,20240410,.735,.735,.735,.735,3
ORG0G8,20240410,.435,.435,.435,.435,300
ORG0H8,20240410,.08,.08,.08,.08,200
ORG0J8,20240410,0,0,0,.21,100
ORG2G8,20240410,0,0,0,.11,130
ORG2H8,20240410,0,0,0,0,130
ORG4N7,20240410,0,0,0,.515,200
ORG4U7,20240410,.325,.325,.325,.325,310
ORG4Z7,20240410,.07,.07,.07,.07,400
ORG8K8,20240410,.465,.465,.465,.465,60
ORGE29,20240410,0,0,0,.22,200
ORGE39,20240410,.225,.225,.225,.225,1
ORGSL9,20240410,.53,.53,.53,.53,100
ORGTA9,20240410,0,0,0,0,130
ORIQ17,20240410,.525,.525,.525,.525,18
PDND28,20240410,.28,.28,.28,.28,50
PDNDW8,20240410,0,0,0,.01,75
PDNFP8,20240410,0,0,0,.05,50
PDNJI8,20240410,0,0,0,0,75
PDNJK8,20240410,.06,.06,.06,.06,80
PDNLT8,20240410,.08,.08,.08,.08,130
PLS1M9,20240410,.105,.105,.105,.105,50
PLS1Q9,20240410,.06,.06,.06,.06,105
PLS2N8,20240410,.09,.09,.05,.05,140
PLS3U9,20240410,.08,.08,.08,.08,10
PLS3V9,20240410,.155,.155,.155,.155,50
PLS8H7,20240410,.53,.53,.53,.53,100
PLSB28,20240410,.185,.185,.18,.18,18
PLSB38,20240410,.19,.19,.19,.19,50
PLSB58,20240410,.155,.155,.155,.155,150
PLSB78,20240410,.11,.12,.11,.12,244
PLSB98,20240410,.085,.095,.085,.095,364
PLSBY9,20240410,.31,.31,.31,.31,1
PLSGW9,20240410,0,0,0,0,400
PLSGY9,20240410,0,0,0,.28,300
PLSI19,20240410,0,0,0,0,400
PLSI39,20240410,0,0,0,0,300
PLSM49,20240410,.31,.31,.31,.31,100
PLSMQ8,20240410,.055,.055,.055,.055,325
PLSMT8,20240410,0,0,0,.62,110
PLSN59,20240410,0,0,0,0,4000
PLSP67,20240410,.04,.04,.04,.04,2
PLSP77,20240410,.11,.11,.11,.11,30
PLSP87,20240410,.07,.07,.07,.07,100
PLSP97,20240410,.065,.065,.065,.065,400
PLSPL7,20240410,.04,.05,.04,.045,118
PLSPP7,20240410,.015,.015,.015,.015,415
PLSPR7,20240410,.01,.015,.01,.01,155
PLSPT7,20240410,.01,.01,.01,.01,75
PLSQ97,20240410,0,0,0,.26,110
PLSQA8,20240410,.045,.045,.045,.045,100
PLSQB7,20240410,0,0,0,.23,320
PLSQD8,20240410,0,0,0,0,320
PLSQM8,20240410,.01,.01,.01,.01,45
PLSRW8,20240410,0,0,0,.275,4000
PLSS38,20240410,.16,.18,.16,.18,55
PLSS58,20240410,.15,.15,.14,.14,230
PLSUP8,20240410,.095,.1,.095,.1,335
PLSUX8,20240410,.08,.08,.08,.08,40
PLSWA9,20240410,0,0,0,0,100
PLSWC9,20240410,0,0,0,0,100
PLSWQ9,20240410,0,0,0,.66,100
PLSWS9,20240410,0,0,0,0,100
PLSZM8,20240410,0,0,0,0,100
PLSZQ8,20240410,0,0,0,0,100
PLSZU7,20240410,.075,.075,.075,.075,75
PLSZY7,20240410,.14,.14,.14,.14,4
QANBW9,20240410,.13,.13,.13,.13,150
QANCW9,20240410,.095,.095,.095,.095,251
QANQ18,20240410,1,1,1,1,300
QANSD9,20240410,.425,.425,.425,.425,10
QANSF9,20240410,.165,.165,.165,.165,12
QANUE9,20240410,.27,.27,.27,.27,114
QANUF9,20240410,.09,.09,.09,.09,100
QANUG9,20240410,.13,.135,.13,.135,44
QANUI9,20240410,.06,.06,.06,.06,200
QANXM9,20240410,.25,.25,.25,.25,12
QBE4N7,20240410,0,0,0,1.155,200
QBE4V7,20240410,.26,.26,.26,.26,2
QBEC79,20240410,0,0,0,0,150
QBEEX7,20240410,.68,.68,.68,.68,50
QBEFL7,20240410,0,0,0,.8,200
QBEFN7,20240410,2.12,2.12,2.12,2.12,301
QBEI37,20240410,.16,.16,.16,.16,90
QBEI77,20240410,.435,.435,.435,.435,4
QBEI97,20240410,.64,.64,.64,.64,6
QBEJD9,20240410,0,0,0,0,300
QBEJE9,20240410,.395,.395,.395,.395,100
QBENL7,20240410,2.5,2.5,2.5,2.5,100
QBEPW9,20240410,1.73,1.73,1.73,1.73,360
QBEQD7,20240410,.95,.95,.95,.95,50
QBEQR7,20240410,2.43,2.43,2.43,2.43,114
QBETK7,20240410,0,0,0,0,300
RHCRS8,20240410,.22,.22,.22,.22,100
RHCRT8,20240410,.57,.57,.55,.55,320
RHCRX8,20240410,.14,.14,.14,.14,1
RHCZL8,20240410,1.55,1.55,1.55,1.55,4
RIO4J7,20240410,16.5,16.5,16.45,16.45,30
RIO7K9,20240410,0,0,0,0,83
RIO7Q9,20240410,0,0,0,0,20
RIO7Z8,20240410,0,0,0,1.9,930
RIO8N9,20240410,12.34,12.34,12.34,12.34,1
RIOB37,20240410,0,0,0,0,200
RIOB48,20240410,.6,.6,.6,.6,35
RIOBJ7,20240410,1.98,1.98,1.98,1.98,5
RIOBM9,20240410,1.35,1.35,1.35,1.35,15
RIOBO8,20240410,.2,.2,.2,.2,20
RIOBX9,20240410,4.97,4.97,4.97,4.97,10
RIOCI8,20240410,.14,.14,.14,.14,20
RIOCU7,20240410,0,0,0,0,55
RIOCX8,20240410,4.5,5.74,4.5,5.74,15
RIOCZ8,20240410,2.86,3.99,2.86,3.6,222
RIOD18,20240410,0,0,0,.52,150
RIOD28,20240410,1.02,2.15,1.02,2.05,27
RIOD38,20240410,.23,.23,.23,.23,165
RIOD48,20240410,.45,.45,.45,.45,22
RIOD68,20240410,.14,.19,.14,.19,170
RIOE38,20240410,7.83,7.83,7.83,7.83,21
RIOE78,20240410,0,0,0,1.9,5
RIOEG8,20240410,.71,.71,.71,.71,7
RIOEO9,20240410,4.4,4.4,4.4,4.4,100
RIOEQ9,20240410,3.3,3.65,3.3,3.6,66
RIOG89,20240410,8.75,8.75,8.75,8.75,10
RIOGV8,20240410,.135,.135,.135,.135,80
RIOGX8,20240410,.2,.2,.2,.2,300
RIOI28,20240410,0,0,0,0,12
RIOI38,20240410,6.35,6.35,6.35,6.35,10
RIOI88,20240410,1.53,1.6,1.53,1.6,115
RIOIF8,20240410,2.5,2.5,2.5,2.5,10
RIOIG8,20240410,0,0,0,0,6
RIOIO8,20240410,.29,.29,.29,.29,300
RIOIQ8,20240410,.145,.145,.145,.145,200
RIOJ28,20240410,0,0,0,.4,10
RIOJ78,20240410,0,0,0,0,30
RIOJY8,20240410,1.94,1.94,1.94,1.94,4
RIOKI8,20240410,0,0,0,0,40
RIOKW9,20240410,8.65,8.65,8.65,8.65,4
RIOMJ8,20240410,.52,.52,.52,.52,30
RIOMP8,20240410,0,0,0,2.48,15
RIOMS8,20240410,0,0,0,2.43,2
RIOMU8,20240410,4.8,4.8,4.8,4.8,2
RIOMV8,20240410,2.69,2.69,2.6,2.6,70
RIOMW8,20240410,3.96,3.96,3.96,3.96,10
RIOMY7,20240410,0,0,0,0,30
RION18,20240410,0,0,0,1.58,10
RION38,20240410,1.17,1.17,1.17,1.17,3
RION58,20240410,0,0,0,.275,14
RION78,20240410,0,0,0,.53,20
RION98,20240410,0,0,0,.315,5
RIOP89,20240410,0,0,0,0,400
RIOQC8,20240410,7.92,7.92,7.92,7.92,10
RIORF8,20240410,.03,.03,.03,.03,20
RIORX9,20240410,3.2,3.2,3.2,3.2,200
RIORY9,20240410,1.22,1.22,1.22,1.22,10
RIORZ9,20240410,1.9,1.9,1.9,1.9,86
RIOS89,20240410,0,0,0,1.9,20
RIOSG9,20240410,0,0,0,3.6,30
RIOSH7,20240410,0,0,0,0,930
RIOSI9,20240410,9,9,9,9,103
RIOSL9,20240410,.235,.235,.235,.235,5
RIOSM9,20240410,0,0,0,1.5,100
RIOSO9,20240410,4.78,4.78,4.78,4.78,10
RIOU67,20240410,0,0,0,1.03,200
RIOU87,20240410,0,0,0,.73,600
RIOU88,20240410,5.09,5.09,5.09,5.09,6
RIOUO7,20240410,.03,.03,.03,.03,20
RIOUQ7,20240410,.08,.08,.08,.08,210
RIOUS7,20240410,.1,.1,.1,.1,230
RIOUV7,20240410,8.2,8.2,8.2,8.2,2
RIOUW7,20240410,.22,.22,.22,.22,210
RIOUX7,20240410,4.7,6.5,4.7,6.5,6
RIOUY7,20240410,.51,.51,.51,.51,220
RIOV17,20240410,0,0,0,1.24,130
RIOV27,20240410,3.1,3.1,2.9,2.9,275
RIOV37,20240410,1.2,1.2,1.15,1.2,270
RIOV47,20240410,1.45,1.99,1.45,1.99,522
RIOV57,20240410,2,2,2,2,170
RIOV67,20240410,.98,.98,.98,.98,135
RIOWP9,20240410,.41,.41,.41,.41,6
RIOXV9,20240410,1.335,1.335,1.335,1.335,45
RIOY38,20240410,7.1,7.1,7.1,7.1,5
RIOY39,20240410,2.415,2.415,2.415,2.415,10
RIOY79,20240410,3.49,3.49,3.49,3.49,8
RIOYB9,20240410,5.05,5.05,5.05,5.05,5
RIOYD9,20240410,5.95,5.95,5.95,5.95,85
RIOYE9,20240410,5.78,5.78,5.78,5.78,10
RIOYH9,20240410,0,0,0,0,80
RIOYN9,20240410,11.58,11.58,11.58,11.58,7
RIOZG7,20240410,15.5,15.55,15.5,15.55,60
RIOZY9,20240410,0,0,0,0,40
RRL0V8,20240410,.04,.04,.04,.04,231
RRL3V9,20240410,0,0,0,0,50
RRL7K9,20240410,.265,.265,.265,.265,30
RRL7U9,20240410,0,0,0,0,50
RRLKL9,20240410,.11,.11,.11,.11,40
RRLLW9,20240410,0,0,0,0,300
RRLM59,20240410,0,0,0,.05,300
S325G8,20240410,.045,.045,.045,.045,110
S328F8,20240410,.26,.26,.26,.26,140
S328G9,20240410,0,0,0,0,210
S32BJ9,20240410,.03,.03,.03,.03,100
S32BQ8,20240410,.045,.045,.045,.045,15
S32CJ9,20240410,0,0,0,0,50
S32DV7,20240410,0,0,0,0,210
S32E48,20240410,0,0,0,.395,100
S32ES8,20240410,.185,.185,.185,.185,50
S32GM8,20240410,0,0,0,0,850
S32JX8,20240410,.14,.14,.14,.14,50
S32K27,20240410,.115,.115,.115,.115,15
S32KL7,20240410,.08,.08,.08,.08,90
S32N78,20240410,.19,.19,.19,.19,2000
S32N98,20240410,.25,.25,.25,.25,1
S32NK8,20240410,0,0,0,.23,100
S32NM8,20240410,.16,.16,.16,.16,300
S32NY9,20240410,.095,.1,.095,.1,250
S32QA8,20240410,0,0,0,.145,210
S32RY9,20240410,0,0,0,.09,210
S32RZ9,20240410,.35,.35,.35,.35,1450
S32S19,20240410,0,0,0,.045,1025
S32S29,20240410,.305,.305,.305,.305,200
S32S89,20240410,0,0,0,.14,245
S32SA9,20240410,0,0,0,.14,27
S32SB9,20240410,0,0,0,.29,175
S32SC9,20240410,.115,.115,.115,.115,600
S32SE9,20240410,.06,.06,.06,.06,134
S32SN9,20240410,0,0,0,.265,73
S32TH9,20240410,.125,.125,.125,.125,100
S32TL9,20240410,3.345,3.355,3.34,3.34,225
S32Y69,20240410,0,0,0,0,50
S32YI9,20240410,.12,.12,.12,.12,70
S32YK9,20240410,.065,.065,.065,.065,250
S32YO8,20240410,.08,.08,.075,.08,315
S32ZI8,20240410,.004,.004,.004,.004,150
S32ZN8,20240410,0,0,0,.14,3
S32ZQ8,20240410,0,0,0,.045,460
S32ZR8,20240410,.09,.09,.09,.09,140
S32ZS8,20240410,0,0,0,.09,460
S32ZT8,20240410,.03,.03,.03,.03,30
SCGBT8,20240410,.02,.02,.02,.02,62
SEKL39,20240410,.24,.24,.24,.24,20
SEKP69,20240410,.3,.3,.3,.3,64
SEKPP9,20240410,0,0,0,.515,12
SEKQ79,20240410,.245,.245,.245,.245,300
SEKRK9,20240410,0,0,0,0,44
SEKRO9,20240410,1.3,1.3,1.3,1.3,46
SEKUR9,20240410,.88,.88,.88,.88,100
SFRCQ8,20240410,.155,.155,.155,.155,8
SFRMC8,20240410,.06,.06,.06,.06,50
SGMBI7,20240410,0,0,0,0,125
SGMCU7,20240410,.3,.3,.3,.3,120
SGMD27,20240410,0,0,0,0,125
SGMS67,20240410,.11,.11,.11,.11,5
SGMVT9,20240410,2.49,2.49,2.49,2.49,200
SHLUN9,20240410,.99,.99,.99,.99,5
STO4V7,20240410,.375,.375,.37,.37,40
STO8Z9,20240410,.2,.2,.2,.2,300
STOE97,20240410,.055,.055,.055,.055,130
STOIJ7,20240410,.05,.05,.05,.05,100
STOLC7,20240410,0,0,0,.02,40
STOLD7,20240410,.105,.105,.105,.105,2200
STOLF7,20240410,0,0,0,.035,40
STOLG7,20240410,.34,.34,.32,.32,40
STOZR7,20240410,.12,.12,.11,.11,178
STOZU7,20240410,.105,.105,.105,.105,160
STOZW7,20240410,.05,.05,.05,.05,100
STWW49,20240410,.74,.74,.74,.74,20
SUNGZ7,20240410,0,0,0,0,65
SUNR78,20240410,.12,.12,.09,.09,70
SUNRO8,20240410,0,0,0,0,25
SUNTF8,20240410,0,0,0,0,65
SUNTS8,20240410,0,0,0,.345,3
SUNVK8,20240410,0,0,0,0,65
SUNWY8,20240410,.705,.705,.705,.705,30
SUNX57,20240410,0,0,0,1.62,25
SUNY88,20240410,1.3,1.3,1.3,1.3,48
SUNZQ7,20240410,0,0,0,0,65
TAHE67,20240410,.025,.025,.025,.025,6000
TCLDK7,20240410,0,0,0,.125,10
TCLJA8,20240410,0,0,0,.44,10
TCLJG8,20240410,0,0,0,.04,100
TCLM18,20240410,0,0,0,.29,10
TCLM78,20240410,0,0,0,.1,100
TCLMF8,20240410,0,0,0,0,286
TCLMW8,20240410,0,0,0,0,286
TCLSX8,20240410,.12,.12,.12,.12,80
TCLT87,20240410,.245,.245,.245,.245,36
TCLTA7,20240410,0,0,0,.37,10
TCLUS8,20240410,.145,.145,.145,.145,85
TLCXH8,20240410,.19,.19,.19,.19,100
TLSQ79,20240410,.115,.115,.115,.115,2
TLSQ87,20240410,.08,.08,.08,.08,45
TLSRZ9,20240410,.035,.035,.035,.035,10000
TLSSO8,20240410,.05,.05,.05,.05,80
TLSZU8,20240410,.1,.1,.1,.1,100
TPGKG7,20240410,.045,.045,.045,.045,15
TWE6K7,20240410,.48,.48,.45,.45,80
TWE6N7,20240410,.345,.345,.345,.345,20
TWE6U9,20240410,.78,.78,.78,.78,18
TWE8Q8,20240410,.23,.23,.23,.23,40
TWE9F7,20240410,.22,.22,.22,.22,50
TWEG99,20240410,0,0,0,.64,10
TWESV9,20240410,1.895,1.895,1.895,1.895,54
TWET59,20240410,.02,.02,.02,.02,60
TWEW19,20240410,0,0,0,0,10
WBC6J8,20240410,.6,.6,.6,.6,150
WBC6Q9,20240410,.07,.07,.07,.07,6
WBC7Q8,20240410,1.1,1.1,1.1,1.1,40
WBC9J9,20240410,.3,.3,.3,.3,150
WBCB87,20240410,.11,.11,.11,.11,300
WBCB97,20240410,2.4,2.4,2.4,2.4,95
WBCC39,20240410,2.26,2.26,2.26,2.26,100
WBCEY8,20240410,0,0,0,.32,10
WBCG97,20240410,.26,.26,.26,.26,350
WBCGK7,20240410,.28,.28,.28,.28,120
WBCGR7,20240410,.97,.97,.97,.97,20
WBCGV8,20240410,0,0,0,7.5,30
WBCGY9,20240410,0,0,0,5.08,10
WBCGZ8,20240410,0,0,0,4.7,30
WBCJC9,20240410,3.35,3.35,3.35,3.35,6
WBCJF9,20240410,0,0,0,.085,40
WBCJI9,20240410,1.94,1.94,1.94,1.94,150
WBCMY8,20240410,0,0,0,1.39,17
WBCP58,20240410,0,0,0,.42,10
WBCU49,20240410,0,0,0,3.17,17
WBCUF9,20240410,0,0,0,.14,40
WBCVU7,20240410,.06,.075,.06,.075,45
WBCVZ8,20240410,0,0,0,0,60
WBCWT9,20240410,.42,.42,.42,.42,112
WBCWV9,20240410,.075,.075,.075,.075,402
WBCWW9,20240410,0,0,0,.65,70
WBCXL9,20240410,0,0,0,0,10
WDS0K8,20240410,0,0,0,.51,460
WDS0V9,20240410,.47,.47,.47,.47,60
WDS1K9,20240410,0,0,0,.6,25
WDS1U9,20240410,0,0,0,0,46
WDS5Z8,20240410,.08,.08,.08,.08,100
WDS6G8,20240410,.285,.285,.115,.115,25
WDS6N8,20240410,0,0,0,.43,110
WDS9H9,20240410,.265,.265,.265,.265,80
WDSBM9,20240410,.47,.47,.4,.41,297
WDSBP9,20240410,.61,.61,.585,.585,2
WDSBS9,20240410,.67,.67,.67,.67,8
WDSC19,20240410,.34,.4,.34,.4,210
WDSC49,20240410,2.25,2.25,2.25,2.25,16
WDSC59,20240410,.155,.155,.155,.155,20
WDSC79,20240410,0,0,0,.285,255
WDSC99,20240410,0,0,0,.19,10
WDSD27,20240410,0,0,0,0,150
WDSD67,20240410,0,0,0,0,150
WDSD87,20240410,.3,.3,.3,.3,34
WDSD97,20240410,0,0,0,0,250
WDSDK7,20240410,.615,.615,.5,.5,21
WDSDM7,20240410,0,0,0,0,100
WDSDN7,20240410,.225,.225,.225,.225,11
WDSDT9,20240410,0,0,0,.63,75
WDSDW9,20240410,0,0,0,1.32,230
WDSFK9,20240410,0,0,0,.15,20
WDSFR7,20240410,0,0,0,0,20
WDSFW9,20240410,1.03,1.18,1.03,1.18,70
WDSG77,20240410,0,0,0,0,22
WDSG87,20240410,0,0,0,0,30
WDSGM7,20240410,0,0,0,0,44
WDSGT9,20240410,0,0,0,0,20
WDSJ48,20240410,.925,.925,.925,.925,5
WDSJ78,20240410,0,0,0,1.1,10
WDSJL8,20240410,.05,.075,.05,.075,30
WDSJN8,20240410,.025,.025,.025,.025,20
WDSJQ8,20240410,2.65,2.65,2.65,2.65,5
WDSKM8,20240410,.14,.14,.085,.085,36
WDSKY8,20240410,.19,.23,.19,.23,365
WDSLE9,20240410,.18,.18,.18,.18,30
WDSM89,20240410,1.9,1.9,1.9,1.9,30
WDSMU9,20240410,0,0,0,2.28,5
WDSN98,20240410,0,0,0,.35,10
WDSPP9,20240410,.14,.14,.14,.14,150
WDSQS7,20240410,0,0,0,.73,230
WDSQW7,20240410,.08,.08,.08,.08,472
WDSR38,20240410,.49,.49,.375,.375,36
WDSR48,20240410,.27,.27,.27,.27,25
WDST37,20240410,1.35,1.35,1.35,1.35,100
WDSTA8,20240410,.24,.26,.185,.185,146
WDSU89,20240410,0,0,0,.13,40
WDSU99,20240410,3.6,3.6,3.6,3.6,30
WDSVR8,20240410,.66,.66,.66,.66,20
WDSVS8,20240410,2.42,2.42,2.42,2.42,5
WDSY38,20240410,0,0,0,.06,40
WDSY48,20240410,1.12,1.12,1.12,1.12,10
WDSY78,20240410,.135,.135,.135,.135,305
WDSZB7,20240410,.75,.78,.75,.78,65
WES0X8,20240410,0,0,0,0,7
WES2Z9,20240410,0,0,0,0,30
WES7F7,20240410,.34,.34,.115,.115,272
WES8Z9,20240410,0,0,0,0,30
WESBG7,20240410,0,0,0,0,30
WESBL7,20240410,0,0,0,0,7
WESBY8,20240410,.14,.14,.14,.14,4
WESC28,20240410,2.7,2.7,2.7,2.7,10
WESC38,20240410,.65,.65,.65,.65,4
WESEP9,20240410,19.05,19.05,19.05,19.05,120
WESFJ8,20240410,1.23,1.23,1.23,1.23,20
WESFL8,20240410,0,0,0,.65,200
WESFN8,20240410,0,0,0,.6,200
WESJ19,20240410,19.55,19.55,19.55,19.55,120
WESJD7,20240410,.44,.44,.44,.44,10
WESJO9,20240410,1.415,1.415,1.415,1.415,4
WESKA8,20240410,.255,.255,.255,.255,8
WESMD8,20240410,0,0,0,0,30
WESSX7,20240410,.6,.6,.6,.6,16
WESWY8,20240410,0,0,0,.34,200
WESX18,20240410,2.06,2.06,2.06,2.06,4
WESY98,20240410,.855,.855,.855,.855,4
WHCJH9,20240410,.02,.02,.02,.02,225
WHCJI9,20240410,0,0,0,.65,100
WHCJJ9,20240410,.02,.02,.02,.02,15
WHCJK9,20240410,0,0,0,.19,100
WHCJL9,20240410,.02,.03,.02,.03,52
WHCJM9,20240410,.465,.465,.465,.465,160
WHCJN9,20240410,.04,.04,.04,.04,10
WHCJO9,20240410,.24,.24,.24,.24,551
WHCJP9,20240410,.085,.085,.085,.085,70
WHCK89,20240410,.02,.02,.02,.02,70
WHCLN9,20240410,2,2,2,2,10
WHCLX9,20240410,.05,.05,.05,.05,4
WHCLY9,20240410,1.03,1.03,1.03,1.03,10
WHCLZ9,20240410,.065,.065,.065,.065,148
WHCM49,20240410,.16,.17,.16,.17,555
WHCM69,20240410,.23,.23,.23,.23,20
WHCM79,20240410,.3,.3,.3,.3,580
WHCM99,20240410,.165,.2,.165,.2,635
WHCMB9,20240410,.12,.13,.12,.13,183
WHCMS9,20240410,.26,.26,.26,.26,55
WHCN19,20240410,.18,.18,.18,.18,520
WHCNM9,20240410,.07,.07,.07,.07,20
WHCNR9,20240410,0,0,0,.365,100
WHCNS9,20240410,.245,.245,.245,.245,10
WHCNV9,20240410,.44,.45,.44,.45,47
WHCNX9,20240410,.31,.31,.31,.31,66
WHCP29,20240410,.18,.18,.18,.18,25
WHCPO9,20240410,0,0,0,.485,100
WHCQ49,20240410,.2,.2,.2,.2,55
WHCU69,20240410,1.575,1.575,1.575,1.575,10
WHCVO9,20240410,0,0,0,.35,15
WHCVP9,20240410,0,0,0,.55,15
WHCVQ9,20240410,0,0,0,.225,110
WHCXY9,20240410,.17,.17,.17,.17,30
WHCZ69,20240410,.545,.545,.545,.545,1
WORJQ9,20240410,0,0,0,0,770
WORZY9,20240410,0,0,0,.4,770
WOW0H8,20240410,.69,.71,.69,.71,50
WOW4F9,20240410,.215,.23,.215,.23,400
WOW4G9,20240410,6.075,6.075,6.075,6.075,35
WOW4H9,20240410,.31,.325,.31,.325,40
WOWB28,20240410,.95,.95,.95,.95,300
WOWE39,20240410,.295,.295,.295,.295,1
WOWES9,20240410,0,0,0,.4,30
WOWF89,20240410,0,0,0,.32,20
WOWFF7,20240410,0,0,0,.85,200
WOWFF9,20240410,0,0,0,.65,90
WOWFG7,20240410,1.28,1.28,1.28,1.28,30
WOWFY8,20240410,.01,.01,.01,.01,16
WOWJU8,20240410,.08,.08,.08,.08,100
WOWKZ9,20240410,0,0,0,0,75
WOWL98,20240410,.17,.19,.17,.19,203
WOWLA8,20240410,.31,.31,.31,.31,10
WOWLB8,20240410,0,0,0,.325,20
WOWLD9,20240410,0,0,0,.47,450
WOWR57,20240410,0,0,0,0,15
WOWRG7,20240410,.08,.08,.08,.08,300
WOWSS8,20240410,.36,.36,.36,.36,100
WOWT58,20240410,12.8,12.8,12.75,12.75,35
WOWTY7,20240410,0,0,0,0,200
WOWVB7,20240410,0,0,0,1.165,15
WOWVO7,20240410,0,0,0,1.45,450
WOWWD9,20240410,.8,.8,.8,.8,30
WOWWG8,20240410,0,0,0,.695,120
WOWWH8,20240410,.45,.45,.45,.45,20
WOWWI8,20240410,0,0,0,.54,75
WTC0N8,20240410,0,0,0,0,30
WTC0U8,20240410,0,0,0,0,30
WTC1X7,20240410,.61,.61,.61,.61,4
XJO0A9,20240410,0,0,0,0,10
XJO0C9,20240410,0,0,0,.05,57
XJO0T7,20240410,.42,.42,.42,.42,15
XJO0X8,20240410,0,0,0,.38,7
XJO0Y7,20240410,0,0,0,.38,750
XJO1B9,20240410,.54,.54,.54,.54,12
XJO1F8,20240410,0,0,0,.52,4
XJO1X8,20240410,.91,.91,.91,.91,1
XJO2C9,20240410,0,0,0,0,3
XJO2E9,20240410,0,0,0,0,120
XJO2L8,20240410,0,0,0,0,70
XJO2M9,20240410,0,0,0,0,20
XJO2O8,20240410,.08,.08,.08,.08,20
XJO2R8,20240410,0,0,0,.28,10
XJO2Y8,20240410,0,0,0,.11,10
XJO3B8,20240410,0,0,0,.46,3
XJO3D8,20240410,.2,.2,.2,.2,15
XJO3K9,20240410,0,0,0,.03,5
XJO3L8,20240410,0,0,0,0,20
XJO3O8,20240410,0,0,0,0,10
XJO3P8,20240410,.3,.3,.3,.3,3
XJO3S8,20240410,0,0,0,0,9
XJO3W8,20240410,.44,.44,.44,.44,2
XJO3Y8,20240410,0,0,0,.68,63
XJO4A8,20240410,.46,.46,.46,.46,30
XJO4B8,20240410,.81,.81,.75,.75,25
XJO4C8,20240410,.52,.53,.52,.53,40
XJO4D8,20240410,0,0,0,0,66
XJO4E8,20240410,0,0,0,0,13
XJO4L8,20240410,.58,.58,.58,.58,1
XJO4M7,20240410,0,0,0,0,250
XJO4P8,20240410,.49,.49,.49,.49,13
XJO4S8,20240410,.39,.39,.39,.39,25
XJO518,20240410,0,0,0,.23,26
XJO528,20240410,0,0,0,0,1
XJO538,20240410,.24,.24,.24,.24,8
XJO548,20240410,1.45,1.45,1.45,1.45,1
XJO558,20240410,0,0,0,.18,9
XJO578,20240410,0,0,0,0,5
XJO598,20240410,0,0,0,.08,108
XJO5D8,20240410,0,0,0,0,108
XJO5G7,20240410,0,0,0,3.46,27
XJO5J9,20240410,.02,.02,.02,.02,289
XJO5K9,20240410,0,0,0,.8,35
XJO5M9,20240410,0,0,0,.07,30
XJO5N9,20240410,0,0,0,.88,10
XJO5P8,20240410,0,0,0,0,20
XJO5Q9,20240410,.02,.03,.02,.03,297
XJO5U9,20240410,0,0,0,.49,10
XJO5V9,20240410,.06,.06,.06,.06,68
XJO5X9,20240410,.74,.8,.68,.68,3079
XJO5Z9,20240410,.1,.1,.07,.1,1350
XJO667,20240410,0,0,0,0,6
XJO688,20240410,.35,.35,.35,.35,10
XJO6A8,20240410,4.82,4.84,4.82,4.83,258
XJO6F9,20240410,.53,.53,.53,.53,80
XJO6G7,20240410,0,0,0,.01,3
XJO6G9,20240410,.1,.18,.1,.18,98
XJO6H9,20240410,.35,.35,.29,.31,272
XJO6J9,20240410,.19,.27,.17,.23,194
XJO6K7,20240410,0,0,0,2.16,70
XJO6K9,20240410,.25,.25,.18,.18,80
XJO6M9,20240410,.3,.33,.3,.33,35
XJO6N7,20240410,0,0,0,1.92,6
XJO6N9,20240410,.14,.17,.13,.14,1284
XJO6Q7,20240410,0,0,0,.01,96
XJO6V7,20240410,0,0,0,.03,30
XJO778,20240410,0,0,0,0,9
XJO7B8,20240410,.12,.12,.12,.12,12
XJO7D7,20240410,0,0,0,.44,10
XJO7E7,20240410,0,0,0,2.12,10
XJO7F7,20240410,0,0,0,.08,20
XJO7F9,20240410,.06,.06,.06,.06,20
XJO7G7,20240410,0,0,0,1.12,20
XJO7G9,20240410,0,0,0,1.05,55
XJO7H7,20240410,.1,.14,.1,.14,399
XJO7H9,20240410,.06,.07,.06,.07,55
XJO7J7,20240410,1.06,1.06,1.06,1.06,23
XJO7K7,20240410,.28,.33,.26,.33,235
XJO7K8,20240410,.18,.18,.18,.18,1
XJO7K9,20240410,.03,.03,.03,.03,210
XJO7N8,20240410,.1,.1,.1,.1,32
XJO7N9,20240410,0,0,0,.03,150
XJO7T8,20240410,.13,.13,.13,.13,1
XJO7U8,20240410,0,0,0,.51,10
XJO7U9,20240410,.01,.02,.01,.02,113
XJO7V8,20240410,0,0,0,2.25,10
XJO7X8,20240410,0,0,0,0,10
XJO7Z8,20240410,0,0,0,0,10
XJO838,20240410,0,0,0,0,6
XJO848,20240410,0,0,0,0,120
XJO888,20240410,0,0,0,.48,3
XJO8C8,20240410,0,0,0,.64,6
XJO8H7,20240410,.03,.03,.03,.03,10
XJO8J9,20240410,0,0,0,.03,150
XJO8Y7,20240410,.14,.14,.14,.14,11
XJO919,20240410,0,0,0,.07,120
XJO938,20240410,.33,.34,.33,.34,8
XJO939,20240410,0,0,0,.19,5
XJO958,20240410,.49,.57,.49,.54,58
XJO968,20240410,1.49,1.49,1.49,1.49,1
XJO978,20240410,.76,.76,.76,.76,2
XJO9A8,20240410,0,0,0,.65,15
XJO9C7,20240410,0,0,0,.31,5
XJO9F7,20240410,.03,.03,.03,.03,10
XJO9L8,20240410,0,0,0,0,135
XJO9R8,20240410,.78,.78,.78,.78,17
XJO9S8,20240410,.9,.9,.9,.9,137
XJO9W8,20240410,.8,.8,.8,.8,2
XJO9Y8,20240410,.9,.9,.9,.9,2
XJOA17,20240410,3.82,3.82,3.82,3.82,19
XJOA27,20240410,.02,.03,.02,.03,326
XJOA57,20240410,.02,.02,.02,.02,30
XJOA67,20240410,0,0,0,0,6
XJOA77,20240410,.02,.02,.02,.02,560
XJOAF7,20240410,0,0,0,1.78,27
XJOAJ7,20240410,.03,.03,.03,.03,20
XJOB27,20240410,1,1,1,1,7
XJOB37,20240410,2.16,2.16,2.16,2.16,3
XJOB47,20240410,1.21,1.21,1.21,1.21,5
XJOBN9,20240410,.87,.87,.87,.87,2
XJOC48,20240410,0,0,0,0,14
XJOC89,20240410,1.86,1.86,1.86,1.86,2
XJOCC9,20240410,0,0,0,3.93,500
XJOCK7,20240410,.12,.12,.12,.12,10
XJOCW7,20240410,2.38,2.38,2.38,2.38,10
XJODM8,20240410,.86,.86,.86,.86,3
XJODR7,20240410,0,0,0,1.64,3
XJODS7,20240410,1.35,1.35,1.35,1.35,13
XJODZ9,20240410,.35,.35,.35,.35,17
XJOE18,20240410,0,0,0,.64,10
XJOE19,20240410,0,0,0,1.9,32
XJOE88,20240410,0,0,0,0,500
XJOEE9,20240410,0,0,0,0,14
XJOF77,20240410,1.58,1.58,1.57,1.57,2
XJOF87,20240410,1.55,1.55,1.55,1.55,10
XJOF98,20240410,0,0,0,0,500
XJOFV7,20240410,.06,.07,.06,.07,98
XJOFX7,20240410,0,0,0,.22,85
XJOFY7,20240410,0,0,0,2.07,22
XJOGX8,20240410,.41,.44,.38,.38,92
XJOGY8,20240410,.68,.78,.68,.69,29
XJOHE9,20240410,6.81,6.81,6.81,6.81,2
XJOHW8,20240410,.9,.9,.9,.9,2
XJOJK7,20240410,0,0,0,1.3,48
XJOJL7,20240410,.16,.16,.16,.16,5
XJOJM7,20240410,1.46,1.46,1.46,1.46,10
XJOJN7,20240410,.16,.19,.15,.19,292
XJOJQ7,20240410,0,0,0,1.42,20
XJOJR7,20240410,0,0,0,1.05,5
XJOJS7,20240410,0,0,0,2.05,4
XJOJT7,20240410,0,0,0,1.24,4
XJOK97,20240410,0,0,0,.75,30
XJOKA7,20240410,.25,.25,.22,.24,66
XJOKB7,20240410,1.69,1.69,1.58,1.58,14
XJOKC7,20240410,.69,.69,.68,.68,217
XJOKC8,20240410,1.45,1.45,1.45,1.45,15
XJOKG9,20240410,.14,.14,.11,.11,788
XJOKI9,20240410,0,0,0,.11,20
XJOKK9,20240410,.03,.03,.03,.03,108
XJOL19,20240410,1.22,1.22,1.22,1.22,2
XJONQ8,20240410,0,0,0,.23,5
XJOPM7,20240410,1.09,1.09,1.09,1.09,5
XJOPN7,20240410,2.18,2.18,2.13,2.13,18
XJOQA8,20240410,.31,.36,.28,.3,46
XJOQB7,20240410,0,0,0,.67,79
XJOQB8,20240410,.82,.9,.81,.81,77
XJOQC7,20240410,.35,.43,.35,.39,204
XJOQD7,20240410,.68,.72,.68,.72,116
XJOQE7,20240410,.4,.52,.4,.51,74
XJOQF7,20240410,.53,.53,.48,.48,166
XJOQG7,20240410,.54,.62,.51,.62,18
XJOQJ7,20240410,1.18,1.25,1.13,1.13,45
XJOQK7,20240410,1.08,1.08,1.08,1.08,24
XJOQQ8,20240410,0,0,0,.81,2
XJOQS8,20240410,.77,.77,.77,.77,1
XJOR18,20240410,0,0,0,2.61,2
XJOV38,20240410,.24,.25,.23,.23,77
XJOV48,20240410,1.03,1.03,1.03,1.03,1
XJOV58,20240410,0,0,0,.61,7
XJOV68,20240410,0,0,0,1.85,5
XJOYM9,20240410,.71,.71,.71,.71,1
XJOZ19,20240410,0,0,0,2.03,2
