3PL,20150428,2.59,2.59,2.52,2.55,47549
88E,20150428,.01,.01,.009,.009,491564
8IH,20150428,.97,1.03,.97,1.03,362920
A2M,20150428,.50,.50,.475,.48,486072
AAA,20150428,50.18,50.20,50.18,50.19,147839
AAC,20150428,1.645,1.65,1.625,1.645,617977
AAD,20150428,2.03,2.035,1.985,1.99,2663226
AAJ,20150428,.008,.008,.008,.008,200000
AAP,20150428,.01,.01,.01,.01,130000
AAX,20150428,.29,.315,.29,.295,180172
AB1,20150428,.17,.17,.17,.17,7750
ABA,20150428,5.31,5.35,5.31,5.35,5125
ABC,20150428,4.68,4.70,4.63,4.64,734604
ABL,20150428,.016,.016,.016,.016,517610
ABP,20150428,2.93,2.985,2.93,2.97,679221
ABU,20150428,.25,.257,.25,.255,515079
ABV,20150428,.008,.008,.008,.008,1060631
ABX,20150428,.335,.335,.325,.33,162040
ABY,20150428,.185,.19,.185,.19,64070
ACB,20150428,.04,.041,.04,.041,153093
ACG,20150428,.265,.275,.245,.25,662360
ACL,20150428,.06,.06,.059,.06,778351
ACO,20150428,1.80,1.81,1.80,1.80,12127
ACQ,20150428,.78,.78,.775,.775,199345
ACR,20150428,.93,.945,.895,.92,419235
ACS,20150428,.13,.13,.13,.13,4000
ACW,20150428,.10,.10,.09,.097,1983505
ACX,20150428,2.14,2.14,2.13,2.13,920
ADA,20150428,.415,.415,.41,.41,12500
ADJ,20150428,.09,.09,.082,.086,370012
ADN,20150428,.023,.023,.023,.023,50000
ADO,20150428,.093,.094,.092,.093,326768
ADX,20150428,.004,.004,.004,.004,110000
ADY,20150428,.02,.02,.019,.019,20000
AEB,20150428,.056,.056,.056,.056,50000
AEE,20150428,.024,.024,.023,.024,779378
AEF,20150428,49.00,49.00,49.00,49.00,540
AEI,20150428,.525,.53,.49,.49,222915
AEK,20150428,.083,.083,.076,.08,1049290
AER,20150428,.20,.20,.20,.20,3000
AFA,20150428,.34,.34,.34,.34,14400
AFI,20150428,6.25,6.28,6.22,6.28,267007
AFJ,20150428,1.12,1.13,1.085,1.10,866292
AFR,20150428,.07,.07,.07,.07,75576
AGE,20150428,.046,.046,.046,.046,87402
AGF,20150428,1.545,1.565,1.545,1.545,719929
AGG,20150428,2.80,2.80,2.80,2.80,846
AGI,20150428,2.75,2.81,2.75,2.77,367214
AGL,20150428,15.50,15.58,15.40,15.49,1268309
AGR,20150428,.059,.065,.059,.065,444915
AGS,20150428,.078,.078,.078,.078,200000
AGX,20150428,.017,.017,.015,.015,75000
AHD,20150428,12.49,12.55,12.21,12.21,25170
AHE,20150428,4.30,4.30,4.22,4.26,829866
AHY,20150428,1.89,1.905,1.85,1.865,1243086
AHZ,20150428,.079,.081,.077,.08,8373913
AIA,20150428,4.50,4.50,4.46,4.46,39992
AIK,20150428,.105,.105,.105,.105,100000
AIO,20150428,6.69,6.74,6.645,6.66,2104521
AIQ,20150428,.12,.12,.12,.12,6000
AIZ,20150428,2.68,2.71,2.63,2.64,39638
AJA,20150428,5.30,5.32,5.26,5.28,63174
AJD,20150428,1.30,1.30,1.30,1.30,53300
AJJ,20150428,.115,.115,.115,.115,10000
AJL,20150428,.355,.355,.35,.35,70437
AJM,20150428,.011,.011,.009,.011,2342475
AJQ,20150428,.07,.071,.07,.07,232588
AJX,20150428,.745,.755,.685,.695,1704327
AKK,20150428,.032,.034,.032,.033,314628
AKP,20150428,9.80,9.80,9.50,9.55,2261
ALA,20150428,.155,.155,.15,.15,250900
ALF,20150428,1.275,1.28,1.265,1.28,265419
ALK,20150428,.30,.30,.265,.27,393257
ALL,20150428,8.72,8.74,8.56,8.69,2328301
ALQ,20150428,4.93,5.09,4.93,5.02,9512566
ALR,20150428,1.23,1.23,1.215,1.215,18643
ALT,20150428,.023,.023,.021,.022,253436
ALU,20150428,5.07,5.12,5.01,5.07,419503
ALY,20150428,.017,.018,.017,.018,83750
AMA,20150428,.50,.505,.50,.505,110497
AMC,20150428,13.98,14.04,13.85,13.90,4268959
AMH,20150428,.93,.93,.93,.93,5000
AMI,20150428,.26,.265,.26,.26,235729
AMM,20150428,2.71,2.72,2.68,2.71,134930
AMN,20150428,.12,.145,.12,.145,83500
AMP,20150428,6.77,6.78,6.67,6.70,5713868
ANG,20150428,.75,.75,.74,.75,1841
ANI,20150428,2.34,2.36,2.34,2.36,176682
ANN,20150428,28.74,28.84,27.35,27.43,870358
ANP,20150428,.13,.135,.125,.125,467495
ANQ,20150428,.004,.004,.003,.004,3992253
ANR,20150428,.59,.59,.53,.57,751885
ANW,20150428,.005,.005,.005,.005,1000000
ANZ,20150428,35.52,35.62,35.33,35.41,5376821
AOA,20150428,.007,.007,.007,.007,800000
AOG,20150428,2.84,2.84,2.73,2.75,551669
AOH,20150428,.105,.105,.102,.105,100000
AOK,20150428,.115,.115,.115,.115,864000
AON,20150428,.009,.01,.009,.01,980144
APA,20150428,9.59,9.59,9.44,9.48,1337471
APE,20150428,8.85,8.88,8.66,8.66,17368
APG,20150428,.008,.009,.008,.009,601320
API,20150428,1.66,1.68,1.612,1.63,947893
APN,20150428,.95,.95,.90,.915,7994030
APO,20150428,3.25,3.29,3.23,3.24,634134
APW,20150428,.135,.135,.135,.135,17546
APX,20150428,.75,.75,.74,.74,57282
APY,20150428,.005,.005,.005,.005,1700052
APZ,20150428,1.265,1.275,1.265,1.275,26287
AQC,20150428,.004,.004,.004,.004,2100000
AQD,20150428,.018,.018,.018,.018,83516
AQF,20150428,2.05,2.05,2.05,2.05,15625
AQG,20150428,2.89,2.96,2.88,2.96,142141
AQI,20150428,.051,.051,.051,.051,250000
AQP,20150428,.165,.17,.165,.165,17568
AQR,20150428,.08,.08,.08,.08,20000
AQZ,20150428,.46,.46,.46,.46,27313
ARA,20150428,.39,.39,.39,.39,667
ARB,20150428,12.85,12.95,12.775,12.88,168882
ARD,20150428,.025,.025,.025,.025,21280
ARE,20150428,.008,.008,.008,.008,151626
ARF,20150428,1.68,1.705,1.665,1.70,267692
ARG,20150428,8.01,8.02,7.97,7.98,138796
ARI,20150428,.18,.185,.17,.17,15039651
ARM,20150428,.037,.037,.037,.037,181000
ARO,20150428,.011,.011,.011,.011,5000
ARW,20150428,.09,.09,.09,.09,27500
ASB,20150428,1.95,1.99,1.935,1.99,861259
ASH,20150428,.75,.75,.45,.565,29137620
ASL,20150428,.345,.365,.335,.365,1379422
AST,20150428,1.525,1.525,1.50,1.515,3981563
ASX,20150428,43.00,43.25,42.70,42.96,568801
ASZ,20150428,.77,.775,.765,.77,191677
ATC,20150428,.06,.06,.06,.06,10000
ATP,20150428,.046,.046,.046,.046,26666
ATU,20150428,1.20,1.20,1.08,1.13,207105
AUB,20150428,8.50,8.50,8.39,8.47,14771
AUF,20150428,1.49,1.49,1.43,1.49,94023
AUI,20150428,8.44,8.44,8.43,8.43,6894
AUP,20150428,5.48,5.48,5.48,5.48,2000
AUZ,20150428,.008,.008,.007,.008,621925
AVB,20150428,.079,.083,.079,.081,5247255
AVG,20150428,.405,.405,.405,.405,9050
AVH,20150428,.076,.076,.075,.075,187877
AVJ,20150428,.62,.62,.62,.62,39911
AVQ,20150428,.295,.295,.25,.255,1152129
AVX,20150428,.012,.013,.012,.013,9900
AVZ,20150428,.007,.007,.007,.007,62313
AWC,20150428,1.625,1.645,1.62,1.635,6266708
AWD,20150428,.003,.003,.003,.003,133334
AWE,20150428,1.39,1.402,1.34,1.35,3036588
AWI,20150428,.29,.29,.29,.29,354887
AWN,20150428,.72,.72,.72,.72,53750
AWV,20150428,.045,.045,.045,.045,529500
AXE,20150428,.085,.09,.085,.09,90000
AYD,20150428,80.41,80.41,80.41,80.41,350
AYF,20150428,6.43,6.43,6.43,6.43,83
AYG,20150428,.001,.001,.001,.001,478481
AYJ,20150428,88.12,88.12,88.12,88.12,250
AZJ,20150428,4.96,4.98,4.86,4.88,20688633
AZK,20150428,.47,.625,.385,.385,47547380
AZM,20150428,.025,.025,.025,.025,200000
AZS,20150428,.013,.014,.013,.014,250180
AZV,20150428,.31,.31,.305,.305,293381
AZY,20150428,.004,.004,.004,.004,270000
AZZ,20150428,.16,.165,.16,.165,155517
BAF,20150428,1.03,1.03,1.02,1.02,10515
BAL,20150428,3.55,3.55,3.45,3.48,157562
BAP,20150428,3.35,3.36,3.30,3.33,128417
BAS,20150428,.004,.004,.004,.004,8000
BAU,20150428,.079,.079,.079,.079,20000
BBG,20150428,.59,.605,.59,.605,393756
BBR,20150428,.215,.215,.215,.215,10000
BCI,20150428,.56,.57,.49,.50,8713432
BCN,20150428,.003,.004,.003,.004,5500000
BCT,20150428,.057,.06,.057,.058,248000
BDR,20150428,.23,.237,.225,.23,4690306
BEAR,20150428,16.03,16.13,16.02,16.13,26794
BEL,20150428,.13,.13,.13,.13,27544
BEN,20150428,12.11,12.11,12.03,12.05,1110445
BFG,20150428,.46,.46,.46,.46,7000
BGA,20150428,5.03,5.04,5.00,5.01,81821
BGH,20150428,.041,.042,.02,.02,1162930
BGL,20150428,.76,.77,.76,.77,87026
BGS,20150428,.01,.01,.009,.01,5236212
BHP,20150428,32.66,32.73,32.38,32.42,6395024
BIS,20150428,.55,.60,.55,.59,95913
BIT,20150428,.12,.12,.12,.12,367521
BKI,20150428,1.75,1.77,1.74,1.75,108684
BKL,20150428,59.00,60.275,59.00,59.65,26958
BKN,20150428,2.25,2.32,2.20,2.27,1337261
BKT,20150428,.051,.052,.05,.05,292500
BKW,20150428,14.70,14.74,14.67,14.70,59568
BKY,20150428,.25,.25,.25,.25,65825
BLA,20150428,4.94,4.94,4.65,4.68,116843
BLD,20150428,6.58,6.58,6.46,6.49,3220520
BLG,20150428,.07,.075,.07,.07,110000
BLK,20150428,.14,.145,.14,.145,187648
BLR,20150428,.003,.003,.002,.002,2011250
BLT,20150428,.80,.82,.80,.82,63927
BLX,20150428,1.89,1.92,1.85,1.86,16730
BLY,20150428,.205,.21,.20,.205,207583
BMB,20150428,.014,.014,.014,.014,184765
BML,20150428,.01,.014,.01,.01,14022910
BMY,20150428,.012,.012,.012,.012,207500
BNE,20150428,.009,.009,.009,.009,140301
BNO,20150428,.41,.425,.41,.425,59888
BOA,20150428,.28,.28,.28,.28,12178
BOC,20150428,.315,.315,.315,.315,2500
BOE,20150428,.022,.022,.022,.022,50000
BOK,20150428,.365,.37,.365,.37,106285
BOL,20150428,.12,.12,.115,.12,210000
BOQ,20150428,13.34,13.43,13.23,13.33,1130915
BPF,20150428,.20,.20,.20,.20,41761
BPH,20150428,.004,.004,.004,.004,70000
BPL,20150428,.053,.053,.052,.052,55192
BPS,20150428,.90,.90,.90,.90,96353
BPT,20150428,1.16,1.167,1.15,1.155,5924187
BRB,20150428,.028,.028,.027,.027,100000
BRC,20150428,.25,.25,.25,.25,20000
BRG,20150428,7.89,7.99,7.89,7.91,180463
BRL,20150428,.03,.03,.03,.03,146894
BRU,20150428,.55,.565,.54,.545,1036211
BSA,20150428,.17,.17,.16,.17,215998
BSE,20150428,.125,.125,.125,.125,20000
BSL,20150428,3.68,3.77,3.67,3.72,7360720
BSM,20150428,.004,.007,.004,.007,5440000
BSP,20150428,.002,.002,.002,.002,250000
BSR,20150428,.011,.011,.01,.01,2571214
BST,20150428,.90,.90,.84,.84,14000
BTC,20150428,.115,.115,.11,.11,52869
BTI,20150428,.87,.88,.86,.86,19395
BTT,20150428,9.85,9.85,9.44,9.46,198266
BUL,20150428,.033,.033,.032,.032,1317009
BUR,20150428,.004,.004,.004,.004,1066306
BUX,20150428,.11,.11,.10,.10,142000
BUY,20150428,.013,.013,.013,.013,3850
BWF,20150428,.35,.35,.33,.33,61832
BWP,20150428,3.10,3.12,3.09,3.11,444303
BWR,20150428,1.16,1.185,1.16,1.185,4459
BXB,20150428,11.01,11.06,10.93,10.94,5207826
BXN,20150428,.016,.016,.012,.013,520000
BYI,20150428,1.255,1.255,1.25,1.25,10683
BYL,20150428,.35,.355,.345,.345,136557
BYR,20150428,.03,.03,.03,.03,383449
CAB,20150428,4.65,4.71,4.54,4.60,154185
CAD,20150428,.019,.02,.019,.019,7293578
CAF,20150428,.515,.515,.515,.515,11042
CAJ,20150428,.93,.94,.91,.91,878869
CAM,20150428,.93,.93,.925,.925,256759
CAP,20150428,.031,.031,.031,.031,10515
CAR,20150428,9.70,9.73,9.63,9.66,1622402
CAS,20150428,.17,.19,.17,.19,39281
CAT,20150428,.90,.91,.88,.88,79782
CAV,20150428,.016,.016,.016,.016,38333
CBA,20150428,92.75,92.96,92.49,92.58,1917799
CCC,20150428,.002,.003,.002,.002,1194273
CCL,20150428,10.60,10.60,10.365,10.38,1946504
CCP,20150428,11.35,11.50,11.35,11.48,69289
CCV,20150428,.84,.86,.84,.85,522446
CCZ,20150428,.003,.003,.002,.002,26624349
CDA,20150428,1.08,1.11,1.07,1.11,264165
CDD,20150428,3.62,3.74,3.52,3.60,658728
CDG,20150428,.05,.05,.047,.047,177898
CDM,20150428,1.43,1.44,1.43,1.44,208852
CDP,20150428,6.76,6.76,6.74,6.74,271
CDT,20150428,.012,.012,.012,.012,7866
CDV,20150428,.074,.074,.07,.07,42000
CDY,20150428,.025,.025,.025,.025,50000
CEL,20150428,.044,.044,.044,.044,16500
CFE,20150428,.038,.038,.037,.037,1024396
CGF,20150428,7.10,7.24,7.075,7.08,2341459
CGH,20150428,.235,.235,.23,.23,100774
CGL,20150428,2.55,2.55,2.54,2.54,275583
CGN,20150428,.09,.09,.087,.087,82598
CGR,20150428,.20,.20,.195,.20,227673
CGS,20150428,.25,.29,.25,.265,342986
CGW,20150428,.49,.50,.49,.50,67781
CHC,20150428,5.18,5.20,5.15,5.18,739821
CHF,20150428,.015,.015,.015,.015,38000
CHN,20150428,.125,.135,.125,.13,300000
CHP,20150428,.002,.002,.002,.002,3472499
CIA,20150428,.085,.085,.085,.085,103000
CIM,20150428,21.05,21.39,20.98,21.12,449954
CIN,20150428,32.00,32.00,31.60,31.60,2220
CIR,20150428,.155,.155,.155,.155,34000
CIW,20150428,.75,.75,.74,.74,15053
CJC,20150428,.001,.001,.001,.001,425318
CKF,20150428,2.44,2.48,2.43,2.48,66412
CKK,20150428,.009,.009,.008,.008,24452737
CKL,20150428,.505,.51,.50,.50,135387
CL8,20150428,.015,.015,.015,.015,563267
CLH,20150428,2.27,2.28,2.26,2.27,61392
CLQ,20150428,.13,.135,.13,.135,1653996
CLV,20150428,.195,.195,.195,.195,49500
CLX,20150428,1.35,1.35,1.35,1.35,4330
CLZ,20150428,.009,.009,.009,.009,100000
CM8,20150428,.17,.175,.165,.17,764287
CMA,20150428,2.17,2.22,2.17,2.17,76089
CMI,20150428,1.55,1.55,1.55,1.55,11712
CMP,20150428,.21,.21,.19,.195,185914
CMT,20150428,.03,.03,.03,.03,20000
CMW,20150428,1.115,1.12,1.11,1.12,1796422
CMY,20150428,.005,.005,.005,.005,25229356
CNB,20150428,.91,.91,.91,.91,2750
CND,20150428,.27,.27,.27,.27,50000
CNI,20150428,.975,.99,.975,.99,29217
CNQ,20150428,.125,.125,.125,.125,52719
CNU,20150428,2.88,2.91,2.875,2.895,197748
CNX,20150428,.025,.026,.024,.024,1734211
COE,20150428,.27,.275,.25,.25,2808684
COF,20150428,.17,.17,.165,.17,649842
COH,20150428,87.72,87.74,84.96,85.00,308997
COI,20150428,.075,.075,.075,.075,19055
COK,20150428,.002,.002,.002,.002,226828
COM,20150428,.013,.013,.013,.013,20000
COO,20150428,.145,.145,.135,.14,268896
COY,20150428,.005,.006,.004,.004,1146219
CPL,20150428,.016,.016,.016,.016,2975342
CPU,20150428,12.75,12.79,12.67,12.71,1428187
CQR,20150428,4.36,4.40,4.35,4.39,991236
CSD,20150428,.05,.05,.05,.05,95689
CSE,20150428,.26,.26,.26,.26,23249
CSL,20150428,95.54,95.79,93.61,93.73,1821964
CSR,20150428,3.81,3.87,3.80,3.83,3794529
CSS,20150428,.068,.07,.066,.07,1324855
CSV,20150428,1.55,1.55,1.48,1.48,81290
CTD,20150428,11.19,11.22,10.85,10.92,179819
CTE,20150428,.365,.365,.365,.365,9600
CTM,20150428,.011,.011,.011,.011,50000
CTN,20150428,1.10,1.11,1.095,1.095,217191
CTO,20150428,.018,.019,.018,.018,607652
CTP,20150428,.16,.17,.145,.15,965574
CTX,20150428,36.15,36.15,35.55,35.90,1780233
CUE,20150428,.09,.09,.09,.09,22000
CUP,20150428,1.11,1.11,1.105,1.105,3258
CUV,20150428,2.80,2.80,2.80,2.80,29797
CUX,20150428,.009,.009,.009,.009,175000
CVG,20150428,.018,.019,.018,.019,197369
CVN,20150428,.125,.13,.125,.125,1247648
CVO,20150428,2.23,2.25,2.18,2.22,1014887
CVS,20150428,.005,.005,.005,.005,210000
CVT,20150428,.60,.60,.555,.555,1630103
CVV,20150428,.008,.008,.008,.008,1000000
CVW,20150428,.995,.995,.995,.995,14444
CWE,20150428,.058,.058,.055,.056,3709375
CWN,20150428,13.85,13.87,13.64,13.69,1774994
CWP,20150428,5.31,5.33,5.25,5.30,78809
CXB,20150428,.07,.115,.07,.115,4529251
CXM,20150428,.09,.09,.09,.09,20000
CXO,20150428,.023,.025,.022,.022,353000
CXU,20150428,.11,.11,.10,.10,33000
CXX,20150428,.20,.21,.20,.21,153597
CXZ,20150428,.26,.29,.26,.27,268038
CYA,20150428,.935,.935,.935,.935,4084
CYG,20150428,1.85,1.85,1.85,1.85,42000
CYP,20150428,.95,.97,.915,.965,88999
CYS,20150428,.008,.008,.008,.008,15000
CYU,20150428,.02,.02,.02,.02,25000
CYY,20150428,.014,.016,.014,.016,147695
CZA,20150428,.056,.056,.056,.056,529000
CZI,20150428,.068,.073,.068,.073,679462
CZN,20150428,.006,.006,.006,.006,800000
CZZ,20150428,11.45,11.45,11.21,11.44,2239
DAU,20150428,.013,.013,.013,.013,100000
DCC,20150428,.10,.10,.10,.10,94904
DCG,20150428,1.17,1.185,1.16,1.17,54934
DCN,20150428,.445,.455,.445,.455,12433
DDR,20150428,1.91,1.91,1.90,1.90,3671
DDT,20150428,.031,.032,.029,.029,3215022
DGH,20150428,.90,.90,.90,.90,30000
DGR,20150428,.033,.033,.033,.033,166392
DGX,20150428,.028,.028,.027,.027,1014251
DIG,20150428,.37,.37,.37,.37,1122
DIS,20150428,.135,.135,.135,.135,12212
DJW,20150428,4.56,4.58,4.55,4.58,61669
DKM,20150428,.165,.165,.165,.165,5524
DLS,20150428,1.26,1.28,1.26,1.28,1087891
DLX,20150428,6.74,6.78,6.52,6.53,1463125
DMP,20150428,37.86,38.22,37.70,37.98,127100
DNA,20150428,.64,.64,.615,.62,2641487
DOW,20150428,4.50,4.56,4.46,4.54,1379516
DRA,20150428,.175,.175,.155,.155,8867
DRK,20150428,.006,.006,.006,.006,300000
DRM,20150428,.455,.455,.44,.45,232498
DSH,20150428,2.04,2.05,2.01,2.02,583830
DSX,20150428,.125,.14,.125,.135,250004
DTI,20150428,.39,.39,.39,.39,50526
DTL,20150428,.875,.90,.865,.90,178170
DUB,20150428,.44,.44,.41,.44,267677
DUE,20150428,2.60,2.61,2.56,2.57,4395001
DUI,20150428,3.62,3.65,3.62,3.62,40329
DUO,20150428,.002,.002,.002,.002,2475000
DVA,20150428,.45,.47,.45,.47,18378
DVI,20150428,.011,.012,.011,.012,255778
DVN,20150428,.79,.79,.77,.79,57179
DWS,20150428,.805,.805,.77,.775,421759
DXS,20150428,7.42,7.48,7.37,7.39,2686496
DYE,20150428,.20,.20,.20,.20,14000
DYL,20150428,.013,.013,.012,.013,742930
E88,20150428,.205,.22,.205,.215,921227
EAL,20150428,.24,.24,.23,.23,31000
EAR,20150428,.068,.068,.068,.068,18181
EAX,20150428,2.00,2.05,2.00,2.05,104634
EBT,20150428,3.70,3.70,3.70,3.70,608
ECG,20150428,.24,.24,.24,.24,4000
ECX,20150428,2.80,2.80,2.75,2.76,1039040
EDE,20150428,.01,.01,.01,.01,192250
EEG,20150428,.027,.027,.025,.025,84527
EEU,20150428,13.62,13.62,13.62,13.62,400
EFE,20150428,.012,.012,.012,.012,1500000
EGG,20150428,.70,.74,.70,.74,3840
EGH,20150428,.44,.44,.43,.435,1113916
EGI,20150428,1.15,1.16,1.14,1.15,193900
EGN,20150428,.12,.12,.10,.10,5000
EGO,20150428,.005,.005,.005,.005,7489970
EGP,20150428,4.60,4.63,4.54,4.59,1653317
EGY,20150428,.003,.003,.003,.003,420000
EHE,20150428,6.15,6.15,6.00,6.06,616505
EHL,20150428,.087,.091,.087,.09,223385
ELD,20150428,2.85,2.98,2.83,2.93,743394
ELK,20150428,.025,.026,.025,.026,520000
ELM,20150428,.20,.20,.185,.19,167307
ELT,20150428,.007,.007,.007,.007,879009
ELX,20150428,.36,.37,.36,.36,40000
EMH,20150428,.15,.265,.15,.245,7382295
EML,20150428,.78,.795,.685,.72,531994
EMX,20150428,.04,.04,.04,.04,16655
ENB,20150428,.043,.043,.043,.043,23500
ENE,20150428,7.16,7.22,7.12,7.15,76548
ENN,20150428,1.79,1.79,1.75,1.78,12096
ENR,20150428,.14,.14,.14,.14,27500
ENT,20150428,.034,.034,.03,.03,613000
EOR,20150428,.011,.011,.011,.011,7150000
EOS,20150428,.62,.635,.62,.635,182745
EPD,20150428,.82,.825,.81,.81,39000
EPM,20150428,.005,.005,.005,.005,300000
EPW,20150428,2.51,2.54,2.51,2.52,436892
EPX,20150428,1.77,1.77,1.765,1.77,9573
EQE,20150428,.01,.01,.01,.01,10000
EQT,20150428,21.71,22.15,21.71,22.00,12182
EQX,20150428,.21,.21,.21,.21,113805
ERA,20150428,1.36,1.38,1.35,1.36,293416
ERJ,20150428,.04,.043,.039,.039,1875113
ERM,20150428,.032,.033,.032,.032,622021
ESI,20150428,.013,.013,.013,.013,1649957
ESV,20150428,.375,.375,.355,.37,104688
ETE,20150428,.02,.025,.02,.025,2195248
EVE,20150428,.004,.005,.003,.003,1850000
EVM,20150428,.068,.072,.068,.072,158000
EVN,20150428,1.01,1.04,1.005,1.03,3467594
EVR,20150428,.64,.64,.64,.64,9000
EWC,20150428,.435,.435,.427,.43,4439353
EXE,20150428,.032,.033,.032,.033,318181
EXG,20150428,.09,.09,.09,.09,20000
EXR,20150428,.001,.001,.001,.001,853704
EZL,20150428,1.05,1.05,1.00,1.00,105000
FAN,20150428,2.00,2.09,2.00,2.08,4558
FAR,20150428,.105,.107,.10,.105,5271567
FBU,20150428,8.07,8.10,7.97,7.99,536969
FCG,20150428,.34,.34,.33,.34,275000
FCR,20150428,.01,.01,.01,.01,625000
FDC,20150428,2.99,3.03,2.97,2.97,4797935
FET,20150428,2.22,2.22,2.18,2.18,253811
FFG,20150428,.24,.26,.24,.26,242930
FGX,20150428,1.15,1.155,1.15,1.155,161124
FID,20150428,1.85,1.87,1.85,1.87,10000
FLK,20150428,.23,.23,.23,.23,150000
FLN,20150428,1.07,1.07,.99,1.03,105493
FLT,20150428,44.10,44.17,43.14,44.10,520331
FMG,20150428,2.61,2.63,2.41,2.45,43305538
FML,20150428,.006,.007,.006,.007,1565001
FMS,20150428,.013,.014,.013,.014,2817761
FND,20150428,.15,.15,.14,.14,120000
FNP,20150428,3.14,3.14,3.01,3.01,7811
FOY,20150428,.007,.007,.007,.007,1022000
FPH,20150428,6.35,6.35,6.23,6.29,472905
FRE,20150428,.001,.001,.001,.001,40000
FRI,20150428,1.30,1.30,1.275,1.275,51883
FRM,20150428,.35,.37,.35,.37,15000
FRY,20150428,.007,.008,.007,.007,8540000
FSA,20150428,1.265,1.27,1.225,1.27,39378
FSF,20150428,5.27,5.29,5.20,5.24,9256
FUN,20150428,.021,.021,.019,.021,534251
FWD,20150428,1.285,1.29,1.25,1.27,153611
FXJ,20150428,1.07,1.085,1.06,1.075,15622185
FXL,20150428,3.41,3.44,3.38,3.42,530999
FYI,20150428,.031,.031,.031,.031,18334
FZR,20150428,.21,.21,.205,.205,53600
GAL,20150428,.008,.009,.008,.009,13730068
GAP,20150428,.205,.205,.20,.20,65000
GBG,20150428,.023,.023,.022,.022,475042
GBI,20150428,.32,.325,.32,.325,79656
GBP,20150428,.04,.04,.04,.04,11601
GBT,20150428,6.37,6.69,6.37,6.47,258752
GBX,20150428,.003,.003,.003,.003,2000000
GCN,20150428,.006,.006,.006,.006,719864
GCY,20150428,.082,.082,.08,.08,377841
GDI,20150428,.94,.95,.94,.945,625145
GDY,20150428,.042,.043,.041,.043,276637
GEG,20150428,.845,.85,.845,.845,121216
GEM,20150428,3.78,3.78,3.65,3.74,1985548
GER,20150428,.092,.10,.092,.10,1862846
GFY,20150428,3.35,3.35,3.35,3.35,28486
GGG,20150428,.085,.096,.085,.095,954860
GGX,20150428,.007,.007,.007,.007,64000
GID,20150428,.15,.16,.15,.15,275000
GJT,20150428,1.89,1.89,1.885,1.89,205
GLF,20150428,.013,.013,.011,.013,12946037
GLH,20150428,.33,.335,.33,.335,12000
GLL,20150428,.15,.155,.15,.155,22469
GLN,20150428,.004,.005,.004,.005,500000
GMA,20150428,3.47,3.48,3.41,3.45,1164623
GMF,20150428,2.11,2.15,2.11,2.11,24907
GMG,20150428,6.40,6.47,6.40,6.44,4762225
GMM,20150428,.046,.046,.046,.046,182218
GMN,20150428,.032,.032,.032,.032,100000
GNC,20150428,10.00,10.09,9.97,9.97,258496
GNE,20150428,2.12,2.12,2.09,2.10,39975
GNG,20150428,.83,.83,.83,.83,13375
GOLD,20150428,145.88,146.06,145.55,145.72,1986
GOR,20150428,.35,.357,.345,.35,256078
GOZ,20150428,3.23,3.27,3.17,3.21,442513
GPH,20150428,.02,.03,.02,.03,100000
GPP,20150428,.017,.017,.017,.017,36467
GPR,20150428,.039,.039,.036,.036,101312
GPT,20150428,4.58,4.63,4.56,4.60,5265421
GRB,20150428,.059,.062,.059,.06,558166
GRR,20150428,.115,.12,.115,.115,1731443
GRY,20150428,.058,.06,.057,.06,134569
GSC,20150428,.005,.005,.005,.005,233200
GSE,20150428,.002,.002,.002,.002,3181929
GSS,20150428,.39,.39,.385,.385,38000
GTE,20150428,.013,.013,.012,.012,132667
GTG,20150428,.038,.038,.035,.037,4130341
GTK,20150428,2.38,2.38,2.38,2.38,360000
GUD,20150428,8.38,8.38,7.86,8.00,326572
GUF,20150428,.038,.038,.037,.037,27000
GWA,20150428,2.45,2.51,2.44,2.51,931412
GXL,20150428,7.13,7.15,6.92,6.94,560327
GXY,20150428,.03,.032,.03,.032,1978084
GZL,20150428,2.50,2.50,2.50,2.50,500
HAS,20150428,.07,.07,.07,.07,20000
HAV,20150428,.26,.27,.24,.26,142688
HAW,20150428,.026,.026,.026,.026,17625
HCH,20150428,.10,.10,.10,.10,152500
HDX,20150428,.172,.172,.172,.172,20000
HFA,20150428,2.29,2.31,2.28,2.31,678641
HFR,20150428,1.85,1.85,1.81,1.82,243514
HGG,20150428,5.55,5.55,5.48,5.51,1354784
HGO,20150428,.34,.345,.33,.345,71413
HHL,20150428,2.02,2.02,2.02,2.02,821
HHV,20150428,1.215,1.215,1.20,1.215,195975
HHY,20150428,.112,.112,.11,.11,105866
HIG,20150428,.096,.11,.095,.105,224762
HIL,20150428,.65,.69,.635,.65,1256986
HLO,20150428,.38,.38,.37,.375,53535
HLS,20150428,.004,.004,.004,.004,829664
HLX,20150428,.024,.024,.024,.024,181571
HMI,20150428,.01,.01,.01,.01,544500
HMX,20150428,.08,.08,.08,.08,200000
HNG,20150428,.32,.32,.32,.32,1375
HOR,20150428,.018,.019,.017,.017,45375
HPI,20150428,2.70,2.72,2.67,2.68,97225
HPR,20150428,.098,.098,.096,.096,63295
HRL,20150428,.078,.078,.077,.078,175000
HRR,20150428,.135,.135,.13,.13,823188
HSK,20150428,.09,.09,.09,.09,10446
HSN,20150428,2.15,2.18,2.00,2.07,1121549
HSO,20150428,2.94,2.94,2.88,2.89,2299460
HTA,20150428,.089,.089,.086,.089,78392
HUB,20150428,1.12,1.15,1.11,1.15,18600
HUO,20150428,3.66,3.70,3.62,3.67,55354
HVN,20150428,4.40,4.48,4.395,4.48,2629519
HZN,20150428,.11,.115,.11,.115,2912450
IAA,20150428,70.99,70.99,69.05,69.20,20869
IAB,20150428,.86,.86,.86,.86,2956
IAF,20150428,107.71,107.71,107.26,107.45,5137
IAG,20150428,5.89,5.90,5.86,5.89,7407091
IAU,20150428,.12,.13,.12,.125,607092
IBC,20150428,.55,.55,.55,.55,10900
IBG,20150428,.115,.13,.115,.13,5126735
IBK,20150428,53.01,53.01,52.24,52.24,1693
ICG,20150428,.018,.019,.018,.018,637342
ICN,20150428,.06,.06,.059,.059,336805
ICP,20150428,.045,.045,.042,.042,8075
ICQ,20150428,.95,.98,.95,.955,113554
ICS,20150428,1.12,1.14,1.115,1.12,57410
ICT,20150428,.175,.175,.17,.17,79940
ICU,20150428,.15,.15,.14,.14,124335
ICX,20150428,.023,.023,.021,.021,320500
IDR,20150428,2.06,2.07,2.05,2.06,121688
IDT,20150428,.27,.30,.27,.29,681000
IDZ,20150428,.52,.52,.52,.52,6708
IEM,20150428,56.26,56.26,55.56,55.65,16071
IEU,20150428,59.31,59.66,59.11,59.11,29235
IFL,20150428,10.41,10.50,10.41,10.47,1374095
IFM,20150428,1.245,1.25,1.22,1.23,194090
IFN,20150428,.30,.302,.295,.30,497849
IGB,20150428,106.83,107.15,106.83,107.15,312
IGO,20150428,5.85,5.96,5.69,5.87,1310920
IHD,20150428,16.36,16.38,16.24,16.28,25521
IHK,20150428,30.65,30.71,30.31,30.31,17054
IIL,20150428,.20,.20,.20,.20,5000
IIN,20150428,9.99,10.18,9.92,10.02,2995662
IJH,20150428,194.01,194.01,192.70,192.70,1361
IJP,20150428,16.90,17.01,16.90,16.94,25540
IJR,20150428,150.76,150.76,149.87,149.87,1788
ILB,20150428,117.31,117.31,117.14,117.14,1986
ILC,20150428,27.07,27.07,26.80,26.80,70753
ILU,20150428,8.39,8.48,8.36,8.37,1545724
IMD,20150428,.335,.355,.335,.335,178171
IMF,20150428,1.935,1.935,1.875,1.885,469970
IMU,20150428,.01,.01,.009,.009,2690320
INA,20150428,.405,.405,.40,.405,1163067
IND,20150428,.015,.015,.013,.013,316890
IOF,20150428,3.83,3.87,3.81,3.85,1422518
IOG,20150428,.02,.02,.02,.02,908964
IOO,20150428,102.00,104.30,101.40,104.30,15708
IOZ,20150428,25.70,25.79,25.64,25.69,36020
IPB,20150428,.012,.013,.012,.013,365950
IPD,20150428,.905,.91,.885,.885,2138199
IPE,20150428,.305,.305,.305,.305,20000
IPH,20150428,4.48,4.49,4.40,4.45,70152
IPL,20150428,4.28,4.28,4.16,4.17,5413213
IPP,20150428,2.68,2.68,2.56,2.56,390600
IPT,20150428,.018,.018,.017,.017,450000
IQE,20150428,2.00,2.01,1.95,1.95,42094
IRC,20150428,.047,.047,.047,.047,15000
IRD,20150428,.076,.076,.076,.076,3962
IRE,20150428,10.51,10.56,10.47,10.48,239404
IRI,20150428,1.70,1.725,1.68,1.725,139590
IRL,20150428,.004,.004,.004,.004,118000
IRU,20150428,159.06,159.06,158.00,158.72,246
ISD,20150428,3.60,3.62,3.54,3.54,139256
ISG,20150428,17.40,17.40,17.34,17.34,3011
ISN,20150428,.091,.094,.091,.091,3104758
ISO,20150428,4.07,4.07,4.01,4.01,20404
ISU,20150428,1.47,1.505,1.45,1.475,536801
ISX,20150428,.13,.13,.115,.12,4620075
ITD,20150428,.235,.24,.235,.24,6900
ITW,20150428,22.00,22.00,21.51,21.62,1010570
IVC,20150428,13.56,13.62,13.45,13.52,176767
IVE,20150428,86.60,86.60,86.02,86.03,2899
IVO,20150428,.095,.095,.095,.095,24000
IVR,20150428,.013,.013,.012,.013,342498
IVV,20150428,270.63,270.63,269.25,269.51,18607
IVX,20150428,.024,.024,.024,.024,3189539
IWG,20150428,.38,.38,.37,.37,180250
IXI,20150428,121.16,121.16,120.00,120.00,2905
IXJ,20150428,140.91,140.91,139.50,139.79,12193
IXP,20150428,83.50,83.50,82.70,82.70,1982
IXR,20150428,.012,.012,.011,.011,2295500
IZZ,20150428,67.45,67.45,66.24,66.53,282227
JAL,20150428,.04,.04,.04,.04,8450073
JBH,20150428,19.40,19.64,19.36,19.49,572481
JHC,20150428,2.71,2.83,2.69,2.77,2703014
JHX,20150428,15.62,15.66,15.07,15.11,1890954
JKL,20150428,.195,.20,.195,.20,84525
JRL,20150428,.165,.165,.165,.165,150
JRV,20150428,.064,.064,.063,.064,45994
JVG,20150428,.001,.001,.001,.001,269050
JYC,20150428,1.10,1.10,1.09,1.09,53200
KAM,20150428,.70,.705,.695,.705,108928
KAR,20150428,2.85,2.86,2.77,2.78,671320
KAS,20150428,.032,.032,.031,.032,280066
KAT,20150428,.91,.92,.91,.92,35550
KCN,20150428,.70,.715,.69,.705,373691
KDL,20150428,.07,.07,.069,.069,70000
KDR,20150428,.057,.057,.055,.055,437000
KFE,20150428,.018,.019,.018,.019,283622
KGD,20150428,.041,.041,.041,.041,47889
KGL,20150428,.15,.15,.15,.15,42915
KGM,20150428,.02,.02,.02,.02,540000
KIK,20150428,.004,.004,.004,.004,400
KIN,20150428,.105,.105,.105,.105,29666
KKL,20150428,.007,.008,.007,.007,509215
KMD,20150428,1.35,1.365,1.335,1.345,572001
KME,20150428,.47,.495,.47,.47,39444
KNL,20150428,.185,.185,.18,.18,482759
KOR,20150428,.059,.059,.059,.059,41808
KOV,20150428,3.80,3.80,3.80,3.80,868
KPL,20150428,.245,.245,.245,.245,12300
KRC,20150428,.038,.038,.038,.038,223077
KRL,20150428,.005,.005,.005,.005,38000
KRM,20150428,.25,.25,.24,.25,120358
KSC,20150428,1.47,1.47,1.47,1.47,1000
KSO,20150428,.003,.003,.003,.003,465224
KTA,20150428,.11,.115,.11,.115,122212
KTE,20150428,.023,.023,.023,.023,65000
LAA,20150428,.35,.35,.34,.345,220770
LAU,20150428,.49,.49,.485,.485,27126
LBL,20150428,.15,.155,.135,.155,284267
LBY,20150428,.017,.018,.016,.017,2400000
LCM,20150428,.65,.65,.64,.645,36538
LCR,20150428,.002,.002,.002,.002,500000
LCY,20150428,.005,.005,.005,.005,639955
LEG,20150428,.007,.007,.007,.007,89900
LEP,20150428,3.84,3.85,3.74,3.84,71431
LER,20150428,.155,.155,.15,.15,63000
LGO,20150428,.005,.005,.005,.005,250000
LHB,20150428,.145,.17,.145,.17,15000
LHC,20150428,3.095,3.10,3.08,3.08,10632
LIC,20150428,2.48,2.50,2.45,2.46,36077
LIO,20150428,.15,.15,.13,.13,7333
LKO,20150428,.002,.002,.002,.002,932500
LLC,20150428,16.78,16.93,16.66,16.70,1275488
LLO,20150428,.275,.275,.275,.275,6130
LMB,20150428,.091,.091,.085,.085,320190
LMG,20150428,.01,.01,.009,.009,824619
LML,20150428,.044,.045,.044,.045,60000
LMR,20150428,.053,.054,.053,.054,1152201
LNG,20150428,4.75,4.80,4.62,4.68,2090487
LNR,20150428,.19,.195,.175,.185,228896
LNY,20150428,.003,.003,.003,.003,1631648
LOM,20150428,.215,.215,.205,.21,279412
LOV,20150428,3.10,3.19,3.07,3.19,326714
LRS,20150428,.008,.009,.008,.009,302864
LSR,20150428,.007,.007,.007,.007,543
LTN,20150428,.086,.086,.086,.086,20000
LTR,20150428,.005,.005,.005,.005,15000
LYC,20150428,.047,.048,.046,.046,13320383
LYL,20150428,1.50,1.53,1.50,1.50,2523
MAD,20150428,.115,.12,.11,.115,494213
MAH,20150428,.044,.045,.043,.043,761986
MAK,20150428,.074,.075,.074,.075,230109
MAQ,20150428,5.39,5.39,5.39,5.39,880
MAR,20150428,.005,.005,.005,.005,885986
MAT,20150428,.165,.17,.165,.165,32500
MAU,20150428,.08,.08,.08,.08,57000
MBE,20150428,.23,.23,.225,.23,1015377
MBK,20150428,.013,.014,.013,.013,2690000
MBN,20150428,.14,.14,.12,.125,8519602
MBT,20150428,.115,.115,.115,.115,10000
MCE,20150428,.605,.63,.60,.60,44357
MCP,20150428,1.10,1.10,1.10,1.10,18332
MCR,20150428,.63,.64,.595,.595,560283
MDI,20150428,.008,.008,.008,.008,10370
MDL,20150428,.78,.78,.755,.755,16196
MEB,20150428,.29,.30,.29,.30,25523
MED,20150428,.07,.07,.058,.065,129000
MEI,20150428,.012,.012,.012,.012,595000
MEL,20150428,.07,.07,.065,.067,1240792
MEO,20150428,.013,.014,.013,.014,1188991
MEP,20150428,.085,.085,.08,.08,69119
MEU,20150428,.009,.009,.008,.008,273529
MFF,20150428,1.75,1.78,1.745,1.75,468468
MFG,20150428,21.43,21.55,21.06,21.11,234040
MGB,20150428,.14,.14,.14,.14,20000
MGE,20150428,2.51,2.52,2.50,2.51,1023566
MGL,20150428,.016,.016,.016,.016,2000
MGR,20150428,2.07,2.09,2.06,2.07,8438811
MGS,20150428,.04,.04,.04,.04,100000
MGU,20150428,.023,.023,.023,.023,300000
MGV,20150428,.024,.024,.024,.024,20000
MGX,20150428,.215,.22,.205,.21,11240155
MHM,20150428,.017,.017,.017,.017,2000
MIG,20150428,.675,.715,.675,.715,107214
MIN,20150428,7.00,7.10,6.79,6.80,1811800
MIR,20150428,2.55,2.55,2.52,2.54,19617
MJP,20150428,.92,.935,.885,.885,114363
MKB,20150428,.17,.17,.165,.165,1501015
MLB,20150428,1.36,1.37,1.355,1.355,17240
MLD,20150428,.90,.90,.875,.88,581888
MLM,20150428,.056,.059,.056,.059,151541
MLS,20150428,.003,.003,.003,.003,54311
MLT,20150428,4.60,4.61,4.58,4.61,117841
MLX,20150428,1.37,1.44,1.365,1.44,1569166
MMC,20150428,.003,.003,.002,.002,1722300
MMI,20150428,.09,.094,.086,.094,363263
MML,20150428,.87,.915,.87,.89,1087025
MMS,20150428,11.94,11.97,11.82,11.88,171556
MNB,20150428,.005,.005,.005,.005,50000
MNC,20150428,.005,.005,.004,.004,256510
MND,20150428,10.12,10.405,10.03,10.05,629852
MNE,20150428,.008,.008,.008,.008,3276110
MNF,20150428,3.77,3.81,3.75,3.81,24767
MNM,20150428,.011,.011,.011,.011,200000
MNS,20150428,.24,.25,.24,.25,737469
MNW,20150428,.056,.056,.054,.055,392418
MNY,20150428,1.64,1.675,1.59,1.62,119426
MOC,20150428,2.75,2.79,2.71,2.76,59423
MOO,20150428,.004,.004,.004,.004,4886344
MOT,20150428,.001,.001,.001,.001,5100000
MOU,20150428,.004,.004,.004,.004,5000000
MOX,20150428,.011,.011,.011,.011,54027
MOY,20150428,.027,.027,.027,.027,2576
MOZ,20150428,.016,.016,.016,.016,2536854
MPJ,20150428,.006,.006,.006,.006,900800
MPL,20150428,2.28,2.285,2.24,2.25,7324739
MPO,20150428,.125,.125,.125,.125,21000
MPX,20150428,.28,.29,.28,.28,21000
MQA,20150428,3.46,3.50,3.38,3.40,1054344
MQG,20150428,83.49,83.84,82.59,83.17,1008846
MRC,20150428,.13,.13,.13,.13,100000
MRD,20150428,.025,.025,.023,.024,462001
MRM,20150428,.64,.67,.635,.645,3049400
MRQ,20150428,.115,.12,.115,.115,52500
MSB,20150428,3.62,3.64,3.50,3.52,277749
MSR,20150428,.014,.014,.014,.014,104709
MSV,20150428,.027,.027,.023,.023,400000
MTA,20150428,.096,.10,.09,.10,601168
MTH,20150428,.007,.007,.007,.007,323967
MTL,20150428,.305,.315,.30,.315,394352
MTN,20150428,.25,.25,.20,.20,168247
MTR,20150428,3.59,3.59,3.56,3.58,362988
MTS,20150428,1.33,1.38,1.327,1.365,7161131
MTU,20150428,11.00,11.05,10.47,10.74,2554340
MUM,20150428,.002,.002,.002,.002,250000
MVA,20150428,19.16,19.16,19.03,19.12,2417
MVB,20150428,30.66,30.66,30.65,30.65,8076
MVF,20150428,1.50,1.555,1.50,1.52,238914
MVP,20150428,1.83,1.85,1.83,1.85,3600
MVR,20150428,19.49,19.49,19.49,19.49,190
MVT,20150428,.125,.125,.125,.125,5270
MVW,20150428,23.42,23.42,23.33,23.33,2820
MXI,20150428,.44,.45,.405,.445,646391
MXR,20150428,.003,.003,.003,.003,180000
MYE,20150428,.24,.24,.24,.24,159700
MYR,20150428,1.335,1.365,1.33,1.355,4889559
MYS,20150428,5.25,5.35,5.25,5.28,15700
MYT,20150428,2.90,2.91,2.90,2.90,4924
MYX,20150428,1.07,1.085,1.062,1.065,1013860
MZI,20150428,.43,.43,.405,.415,26375
NAB,20150428,38.45,38.61,38.34,38.38,3671383
NAM,20150428,.31,.31,.30,.30,50088
NAN,20150428,1.665,1.685,1.62,1.67,376569
NCC,20150428,1.02,1.02,1.02,1.02,7500
NCK,20150428,3.55,3.57,3.55,3.57,220570
NCM,20150428,14.47,14.90,14.47,14.84,5588355
NCR,20150428,.005,.005,.005,.005,2010024
NDO,20150428,.022,.022,.021,.021,409951
NEA,20150428,.575,.58,.55,.56,786468
NEC,20150428,2.35,2.35,2.32,2.32,3724548
NEN,20150428,.03,.03,.03,.03,107473
NEU,20150428,.11,.11,.099,.099,3609586
NFE,20150428,.012,.013,.012,.013,474259
NGE,20150428,.011,.012,.011,.011,1347181
NGF,20150428,.23,.23,.225,.225,259260
NHC,20150428,2.20,2.27,2.195,2.20,69904
NHF,20150428,3.56,3.63,3.56,3.60,269639
NIU,20150428,.002,.002,.002,.002,988445
NKP,20150428,.07,.077,.068,.077,291664
NLS,20150428,.008,.008,.008,.008,1194991
NML,20150428,.035,.035,.035,.035,273781
NMT,20150428,.082,.086,.081,.081,979526
NNW,20150428,.20,.215,.195,.21,1283210
NOD,20150428,.058,.058,.058,.058,140195
NPX,20150428,3.29,3.29,3.29,3.29,300000
NRR,20150428,.039,.04,.039,.04,127000
NRT,20150428,.33,.34,.31,.32,6605791
NRU,20150428,.002,.002,.002,.002,4844208
NSE,20150428,.007,.007,.006,.006,480000
NSR,20150428,1.62,1.635,1.612,1.62,756247
NST,20150428,2.17,2.22,2.15,2.20,5265563
NTC,20150428,.60,.60,.57,.57,13808
NTM,20150428,.016,.017,.016,.017,103575
NUF,20150428,7.17,7.175,6.97,7.00,1728015
NVN,20150428,2.53,2.53,2.51,2.51,2681151
NVT,20150428,4.68,4.72,4.65,4.68,412777
NWE,20150428,.005,.005,.005,.005,100000
NWF,20150428,1.01,1.02,1.01,1.01,29102
NWH,20150428,.19,.195,.17,.175,1351029
NWS,20150428,19.72,19.72,19.58,19.67,492116
NXM,20150428,.055,.055,.055,.055,140000
NXR,20150428,.077,.081,.077,.08,1427821
NXT,20150428,2.54,2.54,2.48,2.50,423970
OBJ,20150428,.068,.069,.067,.068,2129598
OBL,20150428,.003,.004,.003,.004,695000
OCC,20150428,.39,.41,.39,.41,46745
OCL,20150428,1.63,1.65,1.63,1.65,14026
ODY,20150428,.051,.051,.051,.051,41000
OEC,20150428,.43,.46,.42,.46,239991
OEG,20150428,.009,.009,.009,.009,1500000
OEL,20150428,.115,.115,.11,.112,1783277
OEX,20150428,.073,.076,.073,.076,617219
OFX,20150428,2.28,2.28,2.22,2.25,865959
OGC,20150428,2.43,2.45,2.41,2.44,620703
OGX,20150428,.07,.07,.07,.07,14200
OGY,20150428,.011,.011,.011,.011,49900
OHE,20150428,4.30,4.30,4.30,4.30,4000
OIL,20150428,.056,.057,.056,.057,150580
OLV,20150428,.185,.19,.185,.19,152500
OMH,20150428,.295,.30,.295,.30,264098
OML,20150428,2.37,2.40,2.34,2.36,44841
ONC,20150428,.21,.21,.21,.21,186114
OOO,20150428,27.45,27.47,27.07,27.11,219958
ORA,20150428,2.35,2.35,2.27,2.30,3987030
ORE,20150428,2.22,2.24,2.11,2.11,56901
ORG,20150428,13.14,13.25,13.00,13.07,3408799
ORI,20150428,20.25,20.54,20.155,20.36,2316471
ORL,20150428,2.70,2.70,2.69,2.70,63202
ORM,20150428,.01,.01,.01,.01,8000
ORN,20150428,.025,.025,.022,.023,1064953
ORS,20150428,.01,.01,.01,.01,39000
OSH,20150428,8.46,8.50,8.22,8.25,5923087
OSL,20150428,.09,.096,.089,.095,6524794
OSP,20150428,.675,.695,.665,.68,202064
OTC,20150428,.076,.076,.076,.076,295098
OTH,20150428,.565,.565,.56,.56,41603
OVH,20150428,.32,.32,.32,.32,30000
OVR,20150428,.009,.01,.009,.01,127391
OXX,20150428,.05,.05,.05,.05,50000
OZB,20150428,.008,.009,.008,.009,562500
OZF,20150428,23.78,23.88,23.78,23.88,999
OZG,20150428,.155,.155,.15,.15,132000
OZL,20150428,4.49,4.63,4.49,4.60,2900570
OZR,20150428,9.09,9.09,9.03,9.03,4945
PAA,20150428,.01,.01,.01,.01,1651180
PAB,20150428,.012,.012,.012,.012,100000
PAF,20150428,.97,.97,.97,.97,50000
PAN,20150428,.50,.525,.49,.525,1389491
PBG,20150428,.465,.47,.455,.465,2007015
PBT,20150428,.145,.15,.135,.14,444622
PCD,20150428,.085,.085,.085,.085,12200
PCL,20150428,.012,.012,.012,.012,128108
PDI,20150428,.006,.006,.006,.006,1069658
PDM,20150428,.003,.003,.003,.003,1400000
PDN,20150428,.36,.365,.352,.355,4961649
PDZ,20150428,.175,.175,.17,.175,217000
PEA,20150428,.455,.455,.445,.445,12522
PEK,20150428,.085,.085,.084,.084,382000
PEL,20150428,.006,.006,.006,.006,898700
PEN,20150428,.019,.02,.018,.018,3396173
PEX,20150428,.084,.086,.083,.083,220099
PEZ,20150428,.12,.12,.12,.12,2500
PFL,20150428,1.17,1.22,1.17,1.175,28780
PGC,20150428,.525,.525,.52,.52,59271
PGF,20150428,1.055,1.06,1.05,1.06,634473
PGH,20150428,4.25,4.25,4.18,4.20,612896
PGI,20150428,.15,.15,.15,.15,1793
PGL,20150428,.20,.20,.20,.20,1559
PGM,20150428,.06,.06,.06,.06,353000
PGR,20150428,.455,.47,.455,.46,76491
PHG,20150428,.49,.49,.49,.49,10000
PHK,20150428,.04,.043,.04,.043,1023854
PIC,20150428,.97,.98,.955,.955,293598
PIO,20150428,.018,.018,.018,.018,404920
PIQ,20150428,.22,.235,.22,.225,429132
PLD,20150428,.012,.015,.011,.014,14683519
PLP,20150428,.015,.016,.015,.016,69974
PLS,20150428,.036,.038,.035,.038,2356913
PMC,20150428,1.81,1.82,1.80,1.80,162186
PME,20150428,1.74,1.76,1.725,1.75,47469
PML,20150428,.02,.02,.02,.02,142773
PMP,20150428,.425,.425,.425,.425,4700
PMV,20150428,13.12,13.12,12.91,12.91,172167
PNA,20150428,1.75,1.75,1.74,1.74,10020322
PNC,20150428,1.52,1.555,1.50,1.54,61542
PNL,20150428,.27,.28,.27,.28,65734
PNN,20150428,.012,.012,.012,.012,4800
PNR,20150428,.07,.072,.07,.07,126000
PNV,20150428,.083,.083,.075,.075,63237
POH,20150428,.032,.032,.031,.031,1116993
POK,20150428,.021,.021,.021,.021,15100
POP,20150428,.027,.027,.027,.027,20000
POS,20150428,.155,.17,.14,.14,8349147
POU,20150428,19.26,19.26,19.25,19.25,1313
POZ,20150428,.024,.024,.024,.024,40000
PPC,20150428,1.15,1.17,1.12,1.15,177255
PPG,20150428,.44,.44,.44,.44,33495
PPK,20150428,.55,.55,.55,.55,45000
PPP,20150428,.051,.052,.051,.052,1442875
PPS,20150428,.38,.395,.375,.385,880449
PPT,20150428,57.90,58.04,56.71,56.75,151890
PPX,20150428,.034,.038,.034,.037,1552125
PRA,20150428,.007,.009,.006,.009,9010570
PRG,20150428,2.71,2.76,2.67,2.72,314122
PRO,20150428,.80,.85,.80,.85,10946
PRR,20150428,.024,.024,.023,.023,1960394
PRT,20150428,.855,.875,.85,.86,110613
PRU,20150428,.385,.395,.38,.385,2503294
PRY,20150428,5.22,5.22,5.11,5.12,1612555
PSA,20150428,.115,.115,.115,.115,27000
PSC,20150428,.005,.005,.005,.005,308939
PSF,20150428,.007,.007,.007,.007,270950
PSQ,20150428,2.40,2.40,2.40,2.40,87000
PSY,20150428,.195,.195,.185,.19,678938
PSZ,20150428,.95,.965,.94,.94,149464
PTL,20150428,.43,.43,.43,.43,4000
PTM,20150428,7.70,7.78,7.61,7.75,1320861
PTR,20150428,.003,.003,.003,.003,215000
PTX,20150428,.084,.085,.084,.084,120000
PVD,20150428,.48,.48,.46,.465,593013
PWN,20150428,.046,.053,.046,.053,305248
PXS,20150428,.17,.17,.17,.17,511436
PYC,20150428,.034,.037,.034,.034,4169406
PYL,20150428,.315,.32,.31,.315,358045
PYM,20150428,.007,.007,.007,.007,1747571
PZC,20150428,.005,.006,.004,.006,850000
QAN,20150428,3.37,3.37,3.29,3.30,7772096
QAU,20150428,12.65,12.65,12.62,12.65,13372
QBE,20150428,14.10,14.28,13.86,13.88,3461447
QBL,20150428,.014,.014,.014,.014,493556
QCB,20150428,11.83,11.83,11.83,11.83,353
QFN,20150428,12.93,12.93,12.93,12.93,153
QFX,20150428,.001,.001,.001,.001,900000
QHL,20150428,.18,.18,.172,.175,192412
QMN,20150428,.007,.007,.007,.007,221500
QOZ,20150428,13.84,13.84,13.77,13.77,17023
QRE,20150428,5.05,5.06,5.05,5.06,4100
QUB,20150428,2.81,2.81,2.79,2.79,1131623
QUR,20150428,.002,.002,.002,.002,2709106
QUS,20150428,27.07,27.07,27.00,27.00,3340
QVE,20150428,1.08,1.09,1.08,1.085,110850
RCB,20150428,20.50,20.50,20.49,20.49,9382
RCG,20150428,1.04,1.04,.92,1.005,879375
RCM,20150428,.022,.022,.021,.021,405917
RCP,20150428,.001,.001,.001,.001,200000
RCR,20150428,1.90,1.92,1.885,1.90,559886
RCT,20150428,3.33,3.33,3.33,3.33,1194
RCU,20150428,.17,.17,.16,.16,14089
RDG,20150428,.026,.026,.026,.026,142633
RDM,20150428,.042,.042,.041,.041,293187
RDV,20150428,32.51,32.69,32.51,32.59,7107
REA,20150428,48.50,49.28,48.45,48.70,223486
REC,20150428,7.71,7.76,7.57,7.62,336267
RED,20150428,.115,.115,.105,.105,979340
REF,20150428,.135,.135,.13,.13,12500
REG,20150428,5.76,5.81,5.62,5.68,193060
REH,20150428,34.00,34.00,34.00,34.00,1468
RER,20150428,.044,.044,.044,.044,3000
RES,20150428,.07,.07,.07,.07,100000
REX,20150428,.965,.98,.965,.98,36384
REZ,20150428,.08,.08,.08,.08,7000
RFF,20150428,1.13,1.135,1.115,1.115,105267
RFG,20150428,7.14,7.18,6.91,7.00,375617
RFL,20150428,.135,.145,.135,.14,695422
RFT,20150428,.011,.012,.009,.009,9800735
RFX,20150428,.235,.24,.225,.24,365451
RGB,20150428,21.65,21.68,21.65,21.66,2443
RGP,20150428,.055,.059,.055,.059,22000
RGS,20150428,.145,.145,.145,.145,10000
RGU,20150428,.016,.016,.016,.016,650000
RGX,20150428,.036,.036,.036,.036,46887
RHC,20150428,65.09,65.09,64.25,64.59,318329
RHL,20150428,3.68,3.68,3.64,3.64,3600
RHP,20150428,1.50,1.50,1.47,1.47,118912
RHS,20150428,.145,.145,.145,.145,3600
RHT,20150428,.043,.044,.039,.044,614827
RIC,20150428,1.10,1.105,1.08,1.105,541944
RIE,20150428,.007,.007,.006,.006,250000
RIO,20150428,59.20,59.49,58.69,58.79,2204153
RKN,20150428,1.95,1.96,1.94,1.96,28577
RLE,20150428,.17,.22,.17,.195,675377
RMD,20150428,8.23,8.24,8.12,8.13,6450580
RMG,20150428,.038,.038,.038,.038,6060
RMI,20150428,.003,.003,.003,.003,1000000
RMR,20150428,.007,.007,.007,.007,350000
RMS,20150428,.145,.155,.145,.145,5565166
RMX,20150428,.004,.004,.004,.004,250000
RND,20150428,1.60,1.60,1.60,1.60,6250
RNI,20150428,.041,.048,.041,.048,355241
RNO,20150428,.031,.031,.027,.027,1758228
RNY,20150428,.33,.33,.33,.33,219624
RRE,20150428,.018,.018,.018,.018,48002
RRL,20150428,1.27,1.285,1.255,1.27,4908480
RSG,20150428,.305,.325,.305,.31,3635218
RSL,20150428,.011,.011,.01,.011,1648800
RSM,20150428,20.74,20.74,20.73,20.73,983
RTA,20150428,.15,.15,.15,.15,10213
RTG,20150428,.65,.65,.65,.65,104662
RTR,20150428,.061,.069,.061,.065,2006613
RUL,20150428,.54,.54,.54,.54,17418
RUM,20150428,.057,.06,.054,.055,515509
RVA,20150428,.55,.55,.55,.55,3500
RVL,20150428,35.10,35.12,35.06,35.12,11645
RVR,20150428,.135,.135,.13,.13,112675
RVY,20150428,.031,.031,.031,.031,97832
RWD,20150428,.60,.625,.60,.62,114000
RWH,20150428,1.85,1.85,1.83,1.845,29750
RXH,20150428,.305,.305,.275,.275,94491
RXL,20150428,.029,.029,.027,.028,1055772
RXM,20150428,.085,.086,.084,.086,409770
SAI,20150428,4.05,4.07,3.90,3.96,816276
SAR,20150428,.445,.455,.44,.455,1590679
SAU,20150428,.012,.012,.012,.012,550000
SBM,20150428,.40,.41,.395,.41,2243480
SCG,20150428,3.83,3.86,3.80,3.84,7142785
SCI,20150428,.016,.016,.016,.016,636454
SCP,20150428,2.19,2.215,2.17,2.18,752798
SDA,20150428,2.75,2.77,2.67,2.67,24576
SDF,20150428,1.55,1.56,1.53,1.545,692346
SDG,20150428,1.895,1.917,1.895,1.895,10981
SDI,20150428,.59,.59,.59,.59,48385
SDL,20150428,.021,.022,.021,.021,4944881
SDM,20150428,.74,.74,.715,.74,340639
SEA,20150428,.675,.675,.62,.64,2634382
SEG,20150428,.005,.005,.004,.005,2803893
SEH,20150428,.17,.175,.17,.17,3659572
SEK,20150428,16.84,16.90,16.77,16.86,1002198
SEN,20150428,.10,.10,.098,.10,520402
SER,20150428,.068,.069,.066,.067,330000
SES,20150428,.16,.16,.16,.16,62060
SFC,20150428,5.10,5.10,5.10,5.10,500
SFG,20150428,.073,.074,.071,.071,298557
SFH,20150428,.565,.565,.54,.54,39755
SFI,20150428,.06,.06,.058,.06,904150
SFL,20150428,.40,.40,.40,.40,4000
SFR,20150428,5.07,5.21,5.05,5.06,1842780
SFX,20150428,.725,.725,.725,.725,19370
SFY,20150428,58.65,58.70,58.50,58.53,11917
SFZ,20150428,.003,.003,.003,.003,124020
SGF,20150428,2.32,2.36,2.28,2.32,330910
SGH,20150428,6.70,6.75,6.55,6.58,2675210
SGM,20150428,11.60,11.655,11.42,11.55,742971
SGN,20150428,.655,.66,.645,.65,1454618
SGO,20150428,.125,.125,.11,.11,170298
SGP,20150428,4.57,4.58,4.52,4.53,4689811
SGQ,20150428,.077,.077,.065,.065,756240
SGT,20150428,4.24,4.285,4.22,4.23,3298058
SGU,20150428,.17,.18,.17,.18,191752
SGZ,20150428,.014,.016,.014,.016,1000000
SHE,20150428,.047,.047,.039,.04,14650669
SHH,20150428,.03,.03,.03,.03,17000
SHJ,20150428,3.11,3.14,3.07,3.07,9981
SHK,20150428,.002,.002,.002,.002,12500
SHL,20150428,20.95,21.08,20.50,20.55,1473540
SHP,20150428,.017,.017,.016,.016,1176175
SHV,20150428,8.85,9.20,8.84,9.16,190815
SIE,20150428,.009,.009,.009,.009,12000
SIO,20150428,1.545,1.565,1.545,1.55,135834
SIP,20150428,.85,.875,.845,.875,1582552
SIQ,20150428,1.77,1.785,1.75,1.76,499029
SIR,20150428,2.92,3.00,2.89,2.92,2754888
SIT,20150428,.30,.30,.30,.30,40000
SIV,20150428,8.60,8.70,8.58,8.70,27715
SKB,20150428,.305,.32,.30,.305,181010
SKC,20150428,4.12,4.12,3.86,3.98,3625613
SKE,20150428,1.315,1.32,1.27,1.29,529415
SKF,20150428,.20,.21,.195,.195,542843
SKI,20150428,2.04,2.07,2.025,2.06,3961423
SKT,20150428,6.01,6.03,5.955,5.98,467234
SLF,20150428,11.95,12.00,11.89,11.93,56780
SLK,20150428,2.60,2.60,2.60,2.60,43385
SLM,20150428,.802,.802,.77,.80,34728
SLR,20150428,.175,.18,.175,.18,2217384
SLX,20150428,.53,.535,.505,.51,203420
SMA,20150428,.023,.024,.023,.023,5170425
SMD,20150428,.025,.025,.025,.025,250000
SMI,20150428,.03,.03,.03,.03,5000
SMM,20150428,.20,.22,.20,.22,8143
SMN,20150428,.45,.465,.45,.45,63835
SMX,20150428,3.25,3.27,3.14,3.19,182943
SNC,20150428,.97,.97,.96,.97,116232
SND,20150428,.64,.645,.64,.645,45500
SNL,20150428,2.49,2.50,2.49,2.50,29535
SNY,20150428,.15,.15,.15,.15,190000
SOL,20150428,14.87,14.99,14.69,14.69,58912
SOM,20150428,2.49,2.64,2.49,2.60,117876
SPB,20150428,.058,.058,.058,.058,1562
SPI,20150428,.01,.01,.01,.01,440000
SPK,20150428,2.82,2.82,2.75,2.77,850728
SPL,20150428,.50,.50,.48,.50,261876
SPO,20150428,2.29,2.33,2.27,2.27,4498425
SPY,20150428,268.63,268.63,268.52,268.52,97
SPZ,20150428,.105,.11,.105,.11,50000
SRF,20150428,1.695,1.71,1.68,1.69,389875
SRH,20150428,.11,.11,.11,.11,22000
SRI,20150428,.092,.094,.09,.09,2727220
SRQ,20150428,.005,.007,.005,.007,10327609
SRV,20150428,6.34,6.36,6.29,6.29,10451
SRX,20150428,23.40,23.40,22.81,22.91,264416
SRZ,20150428,.034,.035,.034,.035,162000
SSM,20150428,.21,.21,.21,.21,11952
SSN,20150428,.009,.009,.009,.009,85614
SSO,20150428,11.92,11.92,11.90,11.90,11550
STA,20150428,.009,.009,.009,.009,94900
STB,20150428,.335,.335,.30,.30,84163
STO,20150428,8.30,8.50,8.25,8.30,8077395
STS,20150428,.655,.655,.65,.65,24885
STW,20150428,56.29,56.29,55.87,55.87,111248
STX,20150428,.11,.11,.105,.105,836808
SUD,20150428,.038,.038,.037,.037,5271666
SUL,20150428,10.01,10.08,9.95,10.00,502172
SUN,20150428,13.50,13.62,13.40,13.51,3763370
SVA,20150428,.58,.58,.56,.56,69421
SVW,20150428,7.53,7.65,7.52,7.56,508902
SVY,20150428,.195,.195,.19,.19,35000
SWE,20150428,.099,.10,.095,.095,57000
SWJ,20150428,.015,.015,.015,.015,700000
SWK,20150428,.14,.145,.135,.14,286970
SWL,20150428,1.33,1.33,1.30,1.30,215798
SWM,20150428,1.375,1.385,1.355,1.36,1688852
SWW,20150428,.005,.005,.005,.005,300000
SXA,20150428,.12,.12,.12,.12,10375
SXE,20150428,.275,.275,.27,.275,36000
SXL,20150428,1.06,1.07,1.05,1.05,835608
SXX,20150428,.001,.001,.001,.001,8000
SXY,20150428,.465,.465,.445,.46,3914589
SYD,20150428,5.48,5.50,5.44,5.46,3027966
SYI,20150428,32.30,32.43,32.30,32.37,8126
SYP,20150428,.007,.007,.007,.007,339
SYR,20150428,3.83,3.94,3.77,3.86,764637
TAH,20150428,4.93,4.97,4.87,4.90,2300068
TAM,20150428,.028,.031,.028,.031,411337
TAN,20150428,.66,.675,.66,.665,425536
TAP,20150428,.29,.33,.29,.32,417725
TAR,20150428,.006,.006,.005,.005,259185
TAS,20150428,.016,.016,.016,.016,20000
TAW,20150428,.007,.007,.007,.007,500000
TBR,20150428,3.50,3.50,3.50,3.50,5040
TCH,20150428,1.70,1.70,1.68,1.68,81887
TCL,20150428,10.07,10.08,9.915,9.96,2465338
TCN,20150428,.083,.084,.083,.084,85650
TEN,20150428,.21,.215,.21,.21,1836402
TEX,20150428,.007,.007,.007,.007,601609
TFC,20150428,1.625,1.70,1.625,1.70,402716
TGA,20150428,2.66,2.67,2.58,2.58,213841
TGG,20150428,1.465,1.475,1.46,1.465,52941
TGN,20150428,.04,.04,.04,.04,10000
TGP,20150428,1.29,1.29,1.22,1.24,34908
TGR,20150428,3.18,3.24,3.16,3.20,1227760
TGS,20150428,.055,.055,.05,.051,13042315
TGZ,20150428,.675,.69,.675,.69,368480
THR,20150428,.002,.002,.002,.002,455000
THX,20150428,.091,.096,.091,.094,256578
TIG,20150428,.11,.11,.11,.11,388333
TIS,20150428,.105,.105,.10,.10,190264
TIX,20150428,2.58,2.62,2.55,2.56,63603
TLG,20150428,.39,.39,.38,.38,81196
TLM,20150428,.16,.16,.16,.16,144871
TLS,20150428,6.40,6.40,6.35,6.37,18398486
TME,20150428,3.77,3.78,3.74,3.77,323730
TMM,20150428,1.40,1.40,1.40,1.40,2500
TMZ,20150428,.012,.012,.012,.012,205000
TND,20150428,.033,.036,.033,.035,335000
TNE,20150428,4.15,4.16,3.97,3.99,407452
TNG,20150428,.16,.17,.16,.165,516798
TNK,20150428,.98,.98,.98,.98,10000
TOE,20150428,.076,.08,.075,.078,2059241
TOF,20150428,2.10,2.12,2.09,2.10,110453
TOL,20150428,8.97,8.99,8.97,8.97,1102594
TON,20150428,.42,.425,.39,.39,5145836
TOP,20150428,.47,.47,.47,.47,370009
TOX,20150428,3.01,3.04,2.98,3.04,164195
TPD,20150428,.013,.013,.013,.013,38000
TPI,20150428,.79,.795,.78,.785,1893335
TPM,20150428,9.04,9.23,8.99,9.17,2150699
TPP,20150428,.071,.073,.07,.073,163040
TRF,20150428,.022,.022,.02,.02,136454
TRG,20150428,12.14,12.43,12.02,12.30,75403
TRM,20150428,.04,.04,.04,.04,150000
TRS,20150428,6.47,6.54,6.42,6.44,51059
TSE,20150428,1.445,1.445,1.395,1.42,1457867
TSM,20150428,.34,.345,.34,.345,93000
TSV,20150428,.024,.024,.024,.024,19222
TTA,20150428,.026,.026,.025,.025,55570
TTE,20150428,.036,.038,.033,.033,6240372
TTN,20150428,.067,.067,.066,.066,81372
TTS,20150428,4.06,4.09,4.03,4.09,3288608
TUP,20150428,.25,.26,.25,.255,105000
TWD,20150428,3.92,3.97,3.92,3.97,12173
TWE,20150428,5.59,5.66,5.53,5.63,2379550
TWR,20150428,2.10,2.10,2.10,2.10,15847
TYK,20150428,.002,.002,.002,.002,1500000
TZL,20150428,.125,.13,.125,.13,175505
TZN,20150428,.099,.105,.099,.105,205435
UBE,20150428,20.67,20.67,20.67,20.67,1000
UBI,20150428,.27,.27,.265,.265,264731
UBJ,20150428,20.65,20.65,20.65,20.65,242
UBN,20150428,1.12,1.14,1.10,1.12,276532
UCM,20150428,.21,.21,.21,.21,20000
UEQ,20150428,.009,.009,.009,.009,50000
UGL,20150428,1.625,1.69,1.60,1.655,1015052
UIL,20150428,.058,.058,.058,.058,8620
UML,20150428,.011,.011,.011,.011,4254350
UNS,20150428,.75,.78,.735,.77,915765
UNV,20150428,.096,.096,.096,.096,25000
UOS,20150428,.555,.555,.55,.55,186
UPG,20150428,1.045,1.045,1.045,1.045,50000
URF,20150428,2.15,2.21,2.15,2.21,10593
USA,20150428,.024,.024,.024,.024,13334
USD,20150428,12.49,12.49,12.45,12.46,346897
UXC,20150428,.75,.75,.73,.735,318129
VAF,20150428,50.44,50.48,50.40,50.43,20360
VAH,20150428,.53,.53,.52,.525,255429
VAP,20150428,75.98,76.00,75.09,75.47,18068
VAR,20150428,.013,.013,.011,.011,450000
VAS,20150428,75.90,76.00,75.30,75.30,33476
VEC,20150428,.007,.008,.007,.008,571266
VED,20150428,2.30,2.31,2.26,2.29,1050300
VEI,20150428,.71,.71,.695,.695,288423
VET,20150428,.16,.16,.15,.155,1734715
VEU,20150428,66.41,66.41,65.82,65.94,26670
VGB,20150428,49.45,49.45,49.39,49.39,15428
VGE,20150428,64.16,64.16,63.70,63.92,2804
VGS,20150428,58.23,58.26,57.90,57.90,31225
VHY,20150428,70.26,70.26,69.77,69.77,24955
VLA,20150428,.44,.445,.42,.425,402750
VLC,20150428,66.97,66.97,66.85,66.85,341
VLW,20150428,2.31,2.31,2.29,2.30,61531
VMC,20150428,.15,.15,.15,.15,3500
VMG,20150428,.007,.007,.007,.007,348000
VML,20150428,.04,.041,.038,.038,420111
VMT,20150428,.044,.045,.044,.044,533000
VOC,20150428,6.00,6.03,5.95,6.00,183843
VRL,20150428,5.74,5.80,5.62,5.65,218820
VRT,20150428,7.87,7.92,7.81,7.88,91874
VRX,20150428,.037,.048,.037,.048,1982615
VSC,20150428,1.51,1.51,1.50,1.51,17201
VSO,20150428,47.17,47.20,47.05,47.12,3233
VTG,20150428,1.775,1.78,1.60,1.655,97141
VTS,20150428,139.62,139.62,138.67,138.84,17370
VTX,20150428,.013,.014,.013,.014,480000
VXL,20150428,.36,.37,.345,.36,157036
WAA,20150428,1.10,1.10,1.09,1.09,47024
WAM,20150428,1.965,1.965,1.95,1.955,563302
WAX,20150428,1.215,1.215,1.21,1.215,228685
WBA,20150428,1.635,1.645,1.615,1.615,95326
WBC,20150428,38.70,38.78,38.39,38.39,4994937
WCN,20150428,.008,.008,.008,.008,1268298
WDS,20150428,.12,.125,.12,.125,112333
WEB,20150428,3.91,3.955,3.86,3.89,55788
WEC,20150428,.245,.245,.245,.245,46895
WES,20150428,43.14,43.49,43.03,43.15,2780409
WFD,20150428,9.95,9.98,9.81,9.86,4051234
WHC,20150428,1.57,1.67,1.57,1.65,1660515
WHE,20150428,.105,.11,.105,.11,242498
WHF,20150428,4.79,4.85,4.76,4.76,12975
WHN,20150428,.024,.024,.024,.024,155500
WIC,20150428,.945,.945,.945,.945,4000
WIG,20150428,1.05,1.07,1.05,1.07,56000
WIN,20150428,.14,.145,.135,.14,562648
WKT,20150428,.002,.002,.002,.002,2350
WLF,20150428,.37,.38,.37,.38,238147
WLL,20150428,3.77,3.88,3.76,3.88,2120
WMN,20150428,.365,.365,.33,.36,1549402
WOR,20150428,11.65,11.65,11.42,11.47,3189368
WOW,20150428,29.23,29.88,29.21,29.80,5919105
WPL,20150428,35.85,36.20,35.51,35.58,2250259
WRR,20150428,.44,.45,.44,.45,19257
WSA,20150428,3.86,3.91,3.76,3.81,4488327
WTP,20150428,.78,.80,.78,.79,55009
XAF,20150428,6076.20,6077.40,6040.90,6040.90,0
XAM,20150428,.093,.093,.093,.093,72000
XAO,20150428,5954.80,5956.60,5921.50,5921.50,0
XAT,20150428,5926.90,5929.30,5894.30,5894.30,0
XDJ,20150428,2021.00,2025.20,2010.10,2015.70,0
XEC,20150428,1045.80,1050.60,1041.30,1042.60,0
XEJ,20150428,12090.70,12151.90,11954.00,11977.70,0
XFJ,20150428,7039.30,7039.30,6998.10,7000.30,0
XFL,20150428,6147.40,6149.00,6112.80,6112.80,0
XGD,20150428,2595.80,2694.80,2595.80,2686.20,0
XHJ,20150428,19508.40,19552.60,19129.80,19130.30,0
XIJ,20150428,823.10,823.10,814.30,815.50,0
XJO,20150428,5982.70,5984.20,5948.50,5948.50,0
XJR,20150428,3647.50,3666.10,3625.40,3628.90,0
XKO,20150428,5912.70,5914.20,5879.50,5879.50,0
XMD,20150428,5326.40,5330.90,5286.00,5288.10,0
XMJ,20150428,9611.20,9639.90,9541.40,9549.50,0
XMM,20150428,2886.20,2902.70,2876.70,2878.70,0
XNJ,20150428,4754.90,4766.30,4726.10,4727.20,0
XPJ,20150428,1310.80,1313.90,1300.50,1305.40,0
XRO,20150428,20.05,20.20,19.73,20.17,114223
XSJ,20150428,9263.30,9349.20,9255.70,9313.30,0
XSO,20150428,2227.40,2231.40,2219.90,2219.90,0
XST,20150428,.006,.006,.006,.006,100000
XTD,20150428,.22,.24,.22,.24,50833
XTE,20150428,.405,.42,.40,.42,44800
XTJ,20150428,2259.70,2264.10,2247.00,2254.30,0
XTL,20150428,3733.70,3735.00,3715.70,3715.70,0
XTO,20150428,4995.10,4996.00,4966.10,4966.10,0
XUJ,20150428,6905.20,6905.20,6843.40,6866.80,0
XXJ,20150428,8219.60,8219.60,8170.60,8172.10,0
YAL,20150428,.10,.10,.10,.10,54000
YBR,20150428,.55,.55,.545,.545,2210
YNB,20150428,.185,.185,.17,.17,66900
YOW,20150428,.75,.755,.715,.72,697897
YPB,20150428,.30,.325,.30,.305,55714
YRR,20150428,.011,.011,.01,.01,135535
ZER,20150428,.35,.35,.35,.35,14223
ZGL,20150428,.22,.22,.21,.21,300769
ZIP,20150428,.565,.565,.54,.54,237851
ZNC,20150428,.05,.05,.05,.05,148648
ZNZ,20150428,4.84,4.84,4.82,4.82,2700
ZRL,20150428,.081,.081,.079,.08,175000
