AAE,20110121,.017,.017,.016,.017,1909000
AAG,20110121,.25,.25,.245,.25,223009
AAJ,20110121,.135,.135,.135,.135,10000
AAL,20110121,.031,.031,.03,.03,69546
AAM,20110121,.10,.10,.097,.098,1568028
AAO,20110121,.25,.25,.24,.24,199100
AAR,20110121,.029,.029,.028,.028,705848
AAX,20110121,3.41,3.62,3.41,3.49,761019
AAY,20110121,.082,.082,.082,.082,24500
ABC,20110121,3.42,3.45,3.38,3.40,2186804
ABN,20110121,.002,.002,.002,.002,557525
ABP,20110121,2.22,2.24,2.16,2.22,504381
ABU,20110121,.027,.028,.027,.027,5657061
ABV,20110121,.03,.03,.03,.03,66700
ABY,20110121,1.32,1.32,1.285,1.29,323495
ABZ,20110121,.655,.655,.61,.62,143363
ACB,20110121,.705,.72,.67,.68,1526213
ACK,20110121,.13,.13,.13,.13,2770
ACL,20110121,.715,.74,.715,.72,60321
ACR,20110121,3.50,3.54,3.47,3.47,116205
ACS,20110121,.35,.395,.345,.36,223711
ACW,20110121,.06,.06,.06,.06,35000
ADA,20110121,.35,.35,.35,.35,750
ADD,20110121,.037,.037,.036,.037,2211000
ADE,20110121,.11,.115,.11,.11,840650
ADO,20110121,.083,.087,.078,.078,8288398
ADQ,20110121,.061,.061,.061,.061,2500
ADU,20110121,.79,.79,.745,.75,2502823
ADX,20110121,.10,.10,.098,.098,883500
ADY,20110121,.037,.037,.035,.035,943795
AEA,20110121,.64,.70,.595,.70,1470470
AEB,20110121,.26,.28,.26,.28,71249
AED,20110121,.44,.45,.43,.445,844709
AEE,20110121,.455,.47,.42,.45,757005
AEI,20110121,.21,.21,.21,.21,3253
AEJ,20110121,.091,.091,.091,.091,156137
AEO,20110121,1.815,1.95,1.815,1.895,193793
AEU,20110121,.87,.87,.84,.86,77480
AEX,20110121,.017,.017,.016,.016,4845115
AEZ,20110121,.024,.025,.024,.025,260500
AFI,20110121,4.96,4.99,4.92,4.95,255451
AFR,20110121,.71,.73,.705,.705,1222322
AFT,20110121,.002,.002,.001,.001,2250000
AGF,20110121,.81,.81,.79,.805,297894
AGG,20110121,8.95,8.98,8.94,8.96,12240
AGI,20110121,.275,.275,.27,.27,25000
AGK,20110121,15.15,15.26,15.06,15.09,780303
AGO,20110121,3.21,3.22,3.14,3.17,8122725
AGS,20110121,.465,.465,.45,.455,355401
AGU,20110121,.04,.041,.04,.04,785500
AGV,20110121,.215,.215,.205,.21,584000
AGY,20110121,.05,.05,.05,.05,10000
AHD,20110121,5.97,6.04,5.96,5.96,11207
AHE,20110121,2.60,2.60,2.54,2.57,287049
AHN,20110121,.094,.099,.09,.096,2148207
AHR,20110121,.275,.275,.265,.265,95000
AIE,20110121,.066,.066,.065,.065,18000
AIO,20110121,1.555,1.565,1.53,1.535,8443986
AIQ,20110121,1.10,1.10,1.10,1.10,11000
AIR,20110121,1.07,1.07,1.07,1.07,2000
AIV,20110121,.06,.06,.059,.059,135000
AIW,20110121,.071,.071,.067,.069,2620747
AIX,20110121,1.90,1.93,1.86,1.86,1179994
AIZ,20110121,1.10,1.12,1.10,1.10,24800
AJL,20110121,2.59,2.59,2.30,2.50,76528
AJM,20110121,.18,.18,.17,.175,470744
AJX,20110121,.135,.135,.135,.135,44500
AKA,20110121,.17,.17,.17,.17,165000
AKI,20110121,.395,.40,.36,.365,6090705
AKK,20110121,.032,.032,.03,.03,1264280
AKM,20110121,.76,.76,.71,.735,1218552
AKW,20110121,.067,.067,.067,.067,13500
ALB,20110121,.135,.135,.135,.135,245000
ALD,20110121,.62,.62,.60,.60,666917
ALF,20110121,1.22,1.22,1.22,1.22,40000
ALG,20110121,.49,.49,.49,.49,60000
ALK,20110121,1.20,1.21,1.115,1.14,2282742
ALL,20110121,3.14,3.16,3.08,3.10,783753
ALR,20110121,1.315,1.315,1.29,1.29,3750
ALS,20110121,2.85,2.96,2.80,2.90,997473
ALT,20110121,.026,.026,.026,.026,100000
ALY,20110121,.59,.60,.585,.585,177035
ALZ,20110121,2.94,2.95,2.89,2.92,1069180
AMA,20110121,.13,.13,.13,.13,30000
AMB,20110121,.335,.335,.335,.335,5000
AMC,20110121,6.90,6.90,6.77,6.82,2343991
AMH,20110121,.68,.68,.68,.68,21988
AMM,20110121,.32,.32,.315,.32,187233
AMP,20110121,5.09,5.12,5.07,5.07,8477800
AMX,20110121,2.99,3.04,2.93,3.00,362831
ANG,20110121,4.29,4.40,4.25,4.35,59326
ANM,20110121,.044,.044,.044,.044,20000
ANN,20110121,12.96,13.08,12.84,13.01,504514
ANP,20110121,.008,.008,.008,.008,2350000
ANQ,20110121,.12,.14,.12,.12,48955
ANW,20110121,.16,.16,.16,.16,30000
ANZ,20110121,23.30,23.53,23.20,23.33,9151245
AOA,20110121,.205,.205,.205,.205,3000
AOD,20110121,.99,1.00,.99,1.00,133412
AOH,20110121,.395,.395,.365,.38,1033861
AOK,20110121,.115,.115,.105,.115,339600
AOM,20110121,.003,.003,.003,.003,367000
AON,20110121,.09,.09,.09,.09,1366
AOP,20110121,.01,.012,.01,.012,14275643
APA,20110121,4.12,4.15,4.06,4.08,958987
APD,20110121,.23,.23,.23,.23,86910
APG,20110121,.041,.041,.038,.039,1843333
APH,20110121,.38,.38,.38,.38,540000
API,20110121,.425,.435,.42,.435,235529
APK,20110121,.50,.50,.50,.50,74000
APN,20110121,1.845,1.875,1.825,1.825,661996
APZ,20110121,.475,.485,.475,.485,687836
AQA,20110121,9.85,9.94,9.62,9.77,517905
AQC,20110121,.063,.063,.057,.057,4753866
AQD,20110121,.17,.17,.17,.17,13500
AQP,20110121,5.74,5.75,5.59,5.68,823347
AQQ,20110121,.115,.115,.105,.11,1455959
AQR,20110121,.44,.44,.435,.44,231786
ARD,20110121,.18,.18,.175,.175,300000
ARE,20110121,.125,.125,.125,.125,553334
ARG,20110121,6.40,6.45,6.40,6.45,92821
ARH,20110121,.49,.49,.455,.465,196555
ARM,20110121,.345,.345,.335,.34,266838
ARO,20110121,.005,.005,.005,.005,2815270
ARP,20110121,7.40,7.45,7.35,7.45,54990
ARU,20110121,1.43,1.445,1.385,1.40,1859997
ARV,20110121,.067,.067,.066,.066,942274
ARW,20110121,.025,.025,.025,.025,1345432
ARX,20110121,.051,.052,.048,.049,9173398
ASB,20110121,3.15,3.19,3.15,3.18,95339
ASL,20110121,3.04,3.04,2.72,2.95,2044793
ASP,20110121,.10,.10,.10,.10,2557
ASX,20110121,37.70,37.86,37.44,37.57,587704
ASZ,20110121,1.215,1.24,1.20,1.22,126682
ATI,20110121,1.55,1.68,1.51,1.68,324426
ATN,20110121,.033,.034,.032,.032,2391590
ATP,20110121,.11,.11,.11,.11,22066
ATQ,20110121,.54,.59,.54,.575,1210789
ATR,20110121,2.50,2.50,2.50,2.50,1362
ATV,20110121,.053,.053,.05,.051,305675
AUB,20110121,5.07,5.07,5.06,5.06,29350
AUC,20110121,1.48,1.50,1.395,1.455,57719
AUF,20110121,1.08,1.08,1.08,1.08,5546
AUI,20110121,7.10,7.10,7.00,7.00,3637
AUJ,20110121,.36,.36,.35,.35,51200
AUK,20110121,.26,.26,.24,.24,54100
AUN,20110121,.98,.995,.97,.99,672920
AUQ,20110121,.435,.445,.40,.42,1413998
AUT,20110121,2.63,2.78,2.60,2.70,3144791
AUZ,20110121,.03,.031,.029,.029,1942982
AVA,20110121,.235,.235,.22,.23,399241
AVB,20110121,.17,.17,.16,.165,8323789
AVD,20110121,.011,.011,.011,.011,306000
AVG,20110121,.325,.33,.325,.325,72133
AVH,20110121,.14,.145,.135,.14,251009
AVI,20110121,.22,.235,.22,.23,967829
AVJ,20110121,.50,.50,.495,.495,15076
AVM,20110121,6.66,6.72,6.59,6.72,11300
AVO,20110121,3.14,3.14,3.06,3.06,1545077
AVQ,20110121,.029,.03,.029,.03,823380
AVX,20110121,.042,.042,.04,.04,501274
AVZ,20110121,.205,.205,.20,.20,415600
AWC,20110121,2.43,2.46,2.39,2.42,16842306
AWE,20110121,1.77,1.795,1.755,1.765,2458153
AXA,20110121,6.39,6.41,6.39,6.39,4265806
AXC,20110121,.016,.016,.016,.016,140000
AXE,20110121,.14,.14,.14,.14,40000
AXI,20110121,.033,.033,.033,.033,131000
AXM,20110121,.025,.026,.025,.026,4405819
AXT,20110121,.14,.145,.135,.135,259686
AXZ,20110121,.26,.27,.25,.25,310500
AYA,20110121,.74,.80,.74,.77,76480
AYN,20110121,.042,.042,.041,.042,5092112
AYR,20110121,.046,.052,.046,.052,1517300
AYT,20110121,.265,.265,.26,.26,430216
AZH,20110121,.245,.245,.23,.235,340735
AZM,20110121,.665,.665,.61,.625,2424297
AZS,20110121,.10,.105,.10,.10,2798042
AZT,20110121,8.58,8.58,8.38,8.55,23325
AZX,20110121,.545,.555,.535,.55,1844872
AZZ,20110121,.37,.37,.36,.365,2142147
BAO,20110121,.049,.05,.049,.05,77721
BAR,20110121,.055,.055,.051,.054,742964
BAS,20110121,.03,.031,.03,.03,1411220
BAU,20110121,.26,.26,.245,.245,1324376
BBG,20110121,8.30,8.35,8.10,8.14,689779
BCC,20110121,.063,.072,.063,.072,14415958
BCD,20110121,.024,.026,.024,.025,1060645
BCI,20110121,3.28,3.29,3.25,3.28,1651104
BCN,20110121,.014,.014,.013,.013,1941375
BDI,20110121,.022,.023,.02,.021,6071065
BDR,20110121,.825,.83,.81,.82,1481639
BEC,20110121,.043,.043,.042,.043,93500
BEL,20110121,.265,.265,.265,.265,156347
BEN,20110121,9.87,9.91,9.72,9.80,807765
BFE,20110121,.10,.10,.10,.10,85972
BFG,20110121,1.04,1.05,1.03,1.03,20495
BGD,20110121,.105,.115,.105,.11,228948
BGL,20110121,.21,.21,.21,.21,5000
BHP,20110121,44.60,44.73,44.24,44.71,13544586
BIS,20110121,.165,.165,.165,.165,20000
BIT,20110121,.12,.12,.12,.12,38000
BIV,20110121,.027,.027,.027,.027,116444
BKI,20110121,1.245,1.265,1.245,1.265,143347
BKL,20110121,27.55,27.60,27.55,27.60,38306
BKM,20110121,.01,.011,.01,.011,2441428
BKN,20110121,9.21,9.28,9.07,9.15,553443
BKP,20110121,.019,.019,.017,.019,10832159
BKW,20110121,11.52,11.52,11.41,11.41,15496
BKY,20110121,1.83,1.83,1.755,1.795,1134289
BLD,20110121,4.95,5.00,4.91,4.92,1380527
BLG,20110121,.14,.14,.135,.14,401335
BLK,20110121,.24,.24,.225,.225,70000
BLR,20110121,.06,.061,.058,.058,2809053
BLT,20110121,.035,.035,.033,.033,1191766
BLY,20110121,4.52,4.57,4.38,4.39,3157389
BLZ,20110121,.01,.01,.01,.01,1307004
BML,20110121,.14,.14,.13,.135,386298
BMN,20110121,.835,.87,.805,.81,2358464
BMY,20110121,.28,.28,.25,.275,785951
BND,20110121,1.56,1.56,1.51,1.52,529249
BNO,20110121,.385,.395,.385,.395,166752
BNR,20110121,.20,.20,.20,.20,200000
BOC,20110121,1.84,1.84,1.70,1.77,102279
BOD,20110121,.05,.05,.05,.05,25000
BOE,20110121,.165,.165,.16,.165,83000
BOL,20110121,.41,.42,.41,.415,997493
BOM,20110121,.095,.095,.095,.095,11500
BOQ,20110121,10.00,10.11,9.92,9.92,979791
BOW,20110121,1.185,1.19,1.16,1.175,668825
BPH,20110121,.08,.08,.079,.08,772237
BPO,20110121,.012,.012,.012,.012,2500000
BPT,20110121,.84,.845,.81,.825,4627697
BRC,20110121,.24,.24,.24,.24,62000
BRD,20110121,.007,.007,.007,.007,2230000
BRG,20110121,3.03,3.05,3.03,3.05,37503
BRM,20110121,5.00,5.02,4.86,5.00,65581
BRU,20110121,.475,.48,.47,.475,265463
BRW,20110121,.092,.092,.09,.09,549816
BSA,20110121,.29,.30,.29,.30,118500
BSE,20110121,.42,.425,.40,.41,989949
BSI,20110121,.002,.002,.002,.002,407500
BSL,20110121,2.11,2.13,2.05,2.06,15754035
BSM,20110121,.375,.375,.365,.37,389515
BSR,20110121,.15,.155,.15,.15,381667
BTA,20110121,1.305,1.335,1.21,1.24,1350784
BTN,20110121,.26,.26,.255,.255,21800
BTR,20110121,.52,.52,.50,.51,312635
BTT,20110121,2.78,2.82,2.78,2.82,32814
BTU,20110121,1.04,1.10,1.03,1.04,7319556
BUG,20110121,.18,.18,.175,.175,18000
BUL,20110121,.12,.12,.11,.11,556790
BUR,20110121,.09,.09,.088,.09,989831
BUT,20110121,.20,.21,.195,.20,535464
BUX,20110121,.30,.30,.29,.29,485559
BUY,20110121,.052,.053,.05,.051,3990731
BVA,20110121,.18,.19,.18,.19,82117
BWD,20110121,.245,.25,.24,.25,403700
BWP,20110121,1.785,1.79,1.76,1.76,273296
BXB,20110121,7.32,7.43,7.27,7.34,2716966
BYL,20110121,.375,.375,.37,.37,30000
BYR,20110121,.40,.40,.385,.385,1091490
BZM,20110121,.39,.39,.35,.35,347500
CAA,20110121,.185,.185,.18,.185,440936
CAB,20110121,5.99,6.03,5.89,5.97,131071
CAH,20110121,1.80,1.80,1.78,1.78,323818
CAJ,20110121,.042,.042,.04,.04,589350
CAM,20110121,1.02,1.02,1.015,1.015,17066
CAP,20110121,.73,.75,.72,.74,148272
CAQ,20110121,.13,.13,.13,.13,10000
CAS,20110121,1.26,1.26,1.18,1.22,142310
CAY,20110121,.57,.585,.57,.585,50000
CAZ,20110121,.375,.375,.36,.36,315383
CBA,20110121,51.78,52.00,51.31,51.66,2629434
CBD,20110121,.10,.10,.10,.10,555288
CBZ,20110121,.295,.315,.295,.31,340599
CCC,20110121,.086,.09,.086,.088,126187879
CCK,20110121,.07,.07,.07,.07,41832
CCL,20110121,11.60,11.76,11.59,11.72,1846266
CCP,20110121,4.30,4.30,4.21,4.21,27049
CCQ,20110121,.75,.77,.75,.75,19201
CCU,20110121,.61,.61,.575,.60,1366676
CCV,20110121,.755,.77,.74,.74,544190
CDA,20110121,1.49,1.49,1.455,1.455,26364
CDD,20110121,6.05,6.13,5.89,5.92,101325
CDG,20110121,.365,.365,.35,.36,442553
CDI,20110121,.50,.50,.495,.495,52441
CDM,20110121,.99,.99,.99,.99,29487
CDP,20110121,4.12,4.14,4.12,4.14,34386
CDT,20110121,.44,.44,.405,.405,193737
CDU,20110121,4.00,4.00,3.84,3.87,391077
CDY,20110121,.035,.035,.033,.033,3014781
CEG,20110121,.043,.043,.043,.043,77445
CEL,20110121,.165,.20,.165,.17,12127452
CEO,20110121,.043,.044,.041,.042,6361798
CER,20110121,.24,.255,.24,.25,5983235
CES,20110121,.077,.077,.077,.077,930
CEU,20110121,.45,.455,.45,.45,12311154
CFE,20110121,.585,.59,.58,.58,3758878
CFR,20110121,.004,.005,.004,.004,540000
CFU,20110121,.14,.145,.135,.135,2088562
CFX,20110121,1.81,1.81,1.775,1.79,4180528
CGF,20110121,4.86,4.88,4.65,4.73,1382827
CGM,20110121,.026,.026,.026,.026,80056
CGT,20110121,.054,.055,.053,.053,2182400
CGV,20110121,.077,.083,.068,.075,3859922
CGX,20110121,2.65,2.69,2.65,2.69,11500
CHC,20110121,2.44,2.44,2.34,2.37,489293
CHF,20110121,.13,.13,.125,.125,136131
CHM,20110121,.008,.008,.007,.007,2310000
CHN,20110121,.675,.68,.66,.66,169223
CHP,20110121,.014,.014,.014,.014,65000
CHZ,20110121,1.14,1.17,1.09,1.17,84063
CIF,20110121,1.15,1.18,1.14,1.17,251539
CIG,20110121,.008,.008,.008,.008,728649
CIL,20110121,1.57,1.605,1.55,1.60,121769
CIN,20110121,17.25,17.50,17.25,17.50,2822
CIR,20110121,.72,.73,.72,.73,34000
CIX,20110121,.24,.24,.24,.24,136485
CJO,20110121,.175,.175,.17,.17,2638699
CKK,20110121,.18,.18,.17,.175,736422
CLO,20110121,.77,.77,.75,.77,126497
CLQ,20110121,.08,.08,.077,.077,50000
CLR,20110121,1.84,1.84,1.61,1.625,554076
CLS,20110121,.75,.75,.75,.75,4000
CLT,20110121,.34,.34,.34,.34,7000
CLU,20110121,.077,.077,.071,.071,131607
CLV,20110121,.37,.375,.37,.37,33500
CLY,20110121,.091,.091,.091,.091,28076
CMC,20110121,.205,.21,.205,.21,232500
CMG,20110121,.44,.44,.44,.44,100
CMI,20110121,.89,.89,.82,.82,5636
CMJ,20110121,3.03,3.03,2.96,3.00,695434
CMW,20110121,.735,.745,.735,.745,442039
CMY,20110121,.069,.071,.069,.069,99987
CNA,20110121,129.60,129.60,127.90,128.00,4010
CNB,20110121,.65,.65,.65,.65,90000
CND,20110121,.75,.75,.75,.75,50969
CNH,20110121,.09,.09,.085,.085,12521
CNL,20110121,.405,.43,.405,.43,450000
CNN,20110121,.019,.021,.019,.02,4225000
CNP,20110121,.15,.16,.15,.155,704322
CNX,20110121,.37,.37,.36,.37,951234
COE,20110121,.40,.405,.40,.405,324191
COF,20110121,1.05,1.06,1.02,1.02,547938
COH,20110121,78.60,79.75,78.00,78.90,271714
COI,20110121,.17,.17,.16,.165,309029
COK,20110121,.505,.525,.505,.505,3670214
COU,20110121,1.27,1.275,1.26,1.275,40279
COY,20110121,.135,.135,.13,.13,155300
COZ,20110121,.16,.16,.15,.15,188500
CPA,20110121,.825,.83,.815,.82,29425923
CPB,20110121,39.90,39.99,39.50,39.95,41086
CPI,20110121,.445,.445,.445,.445,27911
CPL,20110121,2.23,2.23,2.15,2.20,1365582
CPU,20110121,10.72,10.87,10.28,10.31,7262383
CQO,20110121,3.07,3.08,3.05,3.07,1744171
CQR,20110121,3.00,3.02,2.97,3.01,407359
CQT,20110121,.55,.55,.53,.53,307751
CRB,20110121,.415,.415,.37,.40,347454
CRC,20110121,.20,.20,.18,.18,1284866
CRE,20110121,.11,.115,.11,.11,226686
CRG,20110121,9.45,9.52,9.27,9.36,518055
CRJ,20110121,.025,.026,.024,.025,5559038
CRK,20110121,.575,.60,.575,.60,188422
CRZ,20110121,4.80,4.85,4.72,4.85,234180
CSD,20110121,.285,.285,.255,.275,1881736
CSL,20110121,37.58,37.73,36.86,36.94,1593257
CSR,20110121,1.62,1.63,1.60,1.605,3618389
CSS,20110121,.105,.105,.10,.10,325922
CST,20110121,2.46,2.50,2.46,2.46,51885
CSU,20110121,.92,.92,.92,.92,20000
CSV,20110121,1.39,1.395,1.355,1.38,560737
CTD,20110121,1.71,1.71,1.70,1.70,71000
CTE,20110121,.105,.105,.105,.105,2000
CTM,20110121,.14,.15,.135,.135,7912522
CTN,20110121,1.30,1.30,1.28,1.295,219806
CTO,20110121,.105,.115,.105,.11,3287706
CTP,20110121,.051,.052,.05,.05,4440264
CTX,20110121,13.93,14.19,13.93,14.08,674267
CUE,20110121,.315,.315,.31,.315,794468
CUL,20110121,.045,.045,.044,.044,881153
CUS,20110121,1.81,1.815,1.80,1.815,59638
CUU,20110121,.135,.135,.13,.135,54050
CUV,20110121,2.16,2.16,2.16,2.16,357
CUX,20110121,.24,.245,.23,.23,303888
CUY,20110121,.22,.22,.22,.22,27587
CVC,20110121,.91,.91,.91,.91,13621
CVG,20110121,.076,.076,.064,.065,252010
CVN,20110121,.455,.455,.44,.44,2244230
CVS,20110121,.025,.025,.025,.025,20000
CVW,20110121,.485,.485,.48,.485,594948
CVY,20110121,.27,.27,.265,.265,499026
CWE,20110121,.105,.105,.10,.105,387500
CWG,20110121,.056,.056,.056,.056,10900
CWK,20110121,.945,.96,.92,.94,856719
CWN,20110121,8.78,8.84,8.65,8.70,1139959
CWP,20110121,4.15,4.18,4.10,4.10,4000
CWT,20110121,.225,.23,.225,.225,163434
CXM,20110121,.40,.41,.39,.39,125379
CXN,20110121,.027,.027,.026,.026,535000
CXS,20110121,.53,.53,.51,.525,106121
CXU,20110121,.305,.305,.28,.29,128679
CXY,20110121,.047,.048,.046,.047,3051196
CYA,20110121,.77,.77,.77,.77,6467
CYC,20110121,.072,.075,.072,.075,155456
CYG,20110121,1.99,1.99,1.85,1.95,69563
CYL,20110121,.22,.22,.205,.205,10000
CYS,20110121,.20,.20,.195,.195,100000
CYU,20110121,.335,.34,.31,.315,324970
CZA,20110121,1.66,1.66,1.57,1.605,501344
DCG,20110121,2.79,2.79,2.70,2.75,82969
DDT,20110121,.051,.052,.051,.052,415000
DEG,20110121,.047,.051,.047,.051,879321
DGH,20110121,.58,.58,.58,.58,10000
DGI,20110121,.20,.22,.19,.22,100150
DGO,20110121,.095,.105,.095,.105,103966
DGR,20110121,.20,.20,.18,.20,1153410
DGX,20110121,.30,.30,.29,.29,40121
DIG,20110121,.02,.02,.02,.02,1513
DJS,20110121,4.83,4.89,4.81,4.83,4500254
DJW,20110121,4.42,4.48,4.33,4.38,146416
DKN,20110121,.65,.65,.635,.635,45680
DLC,20110121,.021,.021,.021,.021,641552
DLE,20110121,.22,.22,.22,.22,19000
DLX,20110121,2.75,2.80,2.73,2.77,1086018
DMA,20110121,.245,.245,.245,.245,127700
DMG,20110121,.40,.40,.39,.395,270304
DML,20110121,1.325,1.345,1.085,1.265,4263811
DMN,20110121,.004,.004,.003,.003,5282125
DMP,20110121,6.20,6.20,6.20,6.20,479
DMX,20110121,.24,.245,.24,.245,7220
DOM,20110121,3.11,3.16,3.05,3.09,163112
DOW,20110121,4.58,4.62,4.49,4.55,1079536
DRA,20110121,1.675,1.70,1.675,1.695,58514
DRK,20110121,.395,.44,.395,.395,1045847
DRM,20110121,1.39,1.39,1.36,1.36,34565
DRX,20110121,.105,.115,.105,.11,2279176
DSQ,20110121,.095,.095,.095,.095,50000
DTE,20110121,1.18,1.19,1.18,1.19,733766
DTG,20110121,.26,.26,.26,.26,18000
DTL,20110121,12.00,12.00,11.88,11.90,6012
DTM,20110121,.063,.065,.063,.063,500000
DUE,20110121,1.715,1.725,1.70,1.70,4004420
DUI,20110121,2.94,2.95,2.94,2.94,11295
DUL,20110121,.04,.04,.04,.04,18000
DUO,20110121,.175,.18,.175,.175,406899
DVA,20110121,.071,.071,.071,.071,585
DVN,20110121,.28,.285,.27,.285,335926
DWS,20110121,1.42,1.44,1.415,1.425,349264
DXS,20110121,.82,.825,.81,.815,31173874
DYE,20110121,.70,.715,.70,.715,177535
DYL,20110121,.36,.37,.355,.36,1232766
EAF,20110121,.32,.33,.32,.33,229055
EAR,20110121,.19,.19,.18,.18,283000
EAU,20110121,16.77,16.80,16.66,16.67,46408
EBT,20110121,.065,.065,.064,.064,188336
ECE,20110121,.007,.008,.007,.008,2943869
ECM,20110121,.051,.057,.051,.057,1388733
ECS,20110121,.017,.017,.017,.017,980000
EDE,20110121,.115,.12,.10,.105,3341443
EDM,20110121,.013,.018,.013,.015,43566003
EDS,20110121,.025,.025,.025,.025,84935
EDT,20110121,.07,.072,.07,.07,1792771
EEE,20110121,.28,.325,.28,.295,1793780
EER,20110121,.31,.325,.31,.32,199162
EFE,20110121,.205,.205,.20,.20,122000
EFG,20110121,.05,.05,.05,.05,10000
EGL,20110121,.095,.095,.095,.095,9054
EGN,20110121,.195,.195,.19,.195,314676
EGO,20110121,.012,.012,.011,.012,17365357
EHL,20110121,1.055,1.065,1.025,1.045,1674246
EHR,20110121,.052,.053,.052,.053,160000
EIO,20110121,.028,.031,.027,.03,15383897
EKA,20110121,.40,.41,.40,.405,1565941
ELD,20110121,.53,.535,.525,.535,1404687
ELK,20110121,.155,.155,.155,.155,160462
ELT,20110121,.38,.39,.37,.38,236600
EMA,20110121,.23,.23,.225,.23,220000
EMB,20110121,5.20,5.20,5.20,5.20,1000
EMR,20110121,.026,.026,.024,.025,987694
EMS,20110121,.049,.05,.045,.047,1608000
EMX,20110121,.335,.34,.335,.34,21202
ENB,20110121,.075,.075,.074,.074,85000
ENE,20110121,2.95,3.00,2.95,3.00,7744
ENG,20110121,.42,.42,.42,.42,360
ENK,20110121,.325,.325,.285,.31,60237
ENL,20110121,.05,.05,.048,.048,319000
ENR,20110121,.895,.90,.85,.85,43450
ENT,20110121,.20,.21,.20,.21,185485
ENV,20110121,.585,.60,.575,.58,2173970
EOC,20110121,.38,.38,.375,.38,32200
EOL,20110121,.13,.13,.13,.13,5000
EOS,20110121,1.40,1.40,1.40,1.40,3000
EPW,20110121,1.80,1.80,1.76,1.79,142988
EPX,20110121,1.395,1.40,1.39,1.40,37869
EPY,20110121,.15,.15,.15,.15,580
EQN,20110121,5.82,5.82,5.70,5.71,4698725
EQT,20110121,15.97,16.00,15.97,16.00,711
EQX,20110121,3.79,3.80,3.66,3.76,220108
ERA,20110121,12.20,12.35,12.00,12.07,339201
ERH,20110121,.073,.073,.072,.072,46119
ERJ,20110121,.029,.03,.028,.03,278000
ERL,20110121,.135,.135,.135,.135,157963
ERM,20110121,.15,.15,.145,.145,448535
ERO,20110121,.04,.04,.039,.039,100000
ESG,20110121,.85,.85,.82,.825,2508547
ESI,20110121,.023,.024,.023,.023,295133
ESS,20110121,.715,.715,.715,.715,100000
ESV,20110121,.625,.63,.625,.63,50000
ETE,20110121,.17,.175,.165,.175,1278724
ETH,20110121,.28,.28,.265,.275,420000
EUG,20110121,.235,.24,.235,.24,28254
EVE,20110121,.23,.245,.22,.225,2033438
EVG,20110121,.14,.145,.135,.135,1375924
EVM,20110121,.061,.061,.058,.058,669416
EVZ,20110121,.077,.079,.077,.079,55295
EWC,20110121,.525,.535,.49,.49,2377496
EXE,20110121,.225,.23,.22,.23,36568
EXG,20110121,.052,.052,.051,.051,721595
EXM,20110121,.004,.004,.004,.004,1250000
EXR,20110121,.23,.24,.23,.23,1083357
EXS,20110121,.53,.53,.51,.525,177097
EXT,20110121,9.13,9.39,8.95,9.00,400128
EYE,20110121,.077,.077,.07,.07,170000
EZE,20110121,.047,.047,.044,.044,1082000
EZL,20110121,1.57,1.63,1.57,1.625,61652
FAR,20110121,.14,.155,.135,.14,54576880
FAS,20110121,.053,.053,.051,.052,1232044
FBU,20110121,5.99,6.01,5.91,5.92,273823
FCN,20110121,.16,.16,.15,.155,108300
FCR,20110121,.21,.21,.205,.205,572444
FEL,20110121,.125,.125,.125,.125,43478
FFF,20110121,.06,.062,.06,.061,1671829
FFI,20110121,4.20,4.20,4.19,4.19,2422
FGE,20110121,5.37,5.44,5.30,5.41,185210
FGL,20110121,5.55,5.60,5.50,5.50,10436297
FIN,20110121,4.48,4.48,4.48,4.48,1000
FIS,20110121,.07,.07,.07,.07,90000
FIX,20110121,5.17,5.17,5.17,5.17,25600
FKP,20110121,.80,.80,.79,.79,447263
FLK,20110121,.10,.10,.10,.10,170341
FLT,20110121,24.67,24.67,24.00,24.55,256202
FMG,20110121,6.65,6.73,6.39,6.49,32637746
FMJ,20110121,.28,.295,.28,.295,224490
FML,20110121,.053,.054,.052,.053,19572162
FMS,20110121,.19,.205,.19,.20,50568700
FND,20110121,.41,.41,.395,.395,206197
FNT,20110121,.155,.155,.14,.145,1086535
FPH,20110121,2.43,2.43,2.40,2.40,4676
FPS,20110121,1.46,1.47,1.46,1.46,7593
FRG,20110121,1.40,1.46,1.40,1.435,117300
FRI,20110121,1.18,1.205,1.175,1.18,138358
FRS,20110121,.97,.97,.955,.965,248180
FRY,20110121,.205,.205,.205,.205,50000
FSA,20110121,.325,.33,.325,.33,35642
FSE,20110121,.024,.024,.024,.024,2518504
FTE,20110121,.14,.14,.135,.14,853076
FUN,20110121,.195,.20,.195,.20,190565
FUT,20110121,.002,.002,.001,.001,7124259
FWA,20110121,.10,.10,.10,.10,11805
FWD,20110121,13.70,13.78,13.68,13.77,125096
FWL,20110121,.18,.18,.175,.175,85000
FXJ,20110121,1.395,1.395,1.385,1.39,4187334
FXL,20110121,1.40,1.415,1.40,1.415,98225
FXR,20110121,.125,.13,.12,.125,170000
GBA,20110121,.22,.22,.20,.20,78306
GBE,20110121,.325,.325,.305,.305,483799
GBG,20110121,1.44,1.44,1.365,1.38,5827905
GBI,20110121,.51,.51,.50,.50,45000
GBM,20110121,.025,.025,.024,.024,270000
GBP,20110121,.185,.185,.185,.185,16349
GBT,20110121,1.00,1.00,1.00,1.00,2500
GBZ,20110121,.105,.105,.105,.105,654674
GCG,20110121,.088,.09,.088,.088,83286
GCL,20110121,13.00,13.00,12.50,12.65,107262
GCN,20110121,.04,.04,.039,.039,645564
GCR,20110121,.021,.021,.02,.02,522600
GCY,20110121,.095,.095,.095,.095,3664
GDA,20110121,.013,.013,.013,.013,150000
GDN,20110121,.026,.026,.025,.026,2188879
GDO,20110121,.32,.325,.32,.325,1187460
GDY,20110121,.365,.365,.36,.36,104088
GEM,20110121,.94,.95,.94,.95,325000
GER,20110121,.08,.08,.08,.08,50000
GES,20110121,.12,.12,.115,.115,25000
GFF,20110121,1.32,1.32,1.295,1.295,7688796
GGE,20110121,.006,.006,.005,.005,583334
GGG,20110121,1.22,1.23,1.125,1.15,1832430
GGH,20110121,.047,.047,.047,.047,2111
GGP,20110121,.014,.015,.014,.015,3971397
GGX,20110121,.084,.085,.077,.08,1104174
GHT,20110121,.093,.093,.093,.093,420
GIP,20110121,.054,.056,.052,.053,1219713
GIR,20110121,4.90,4.90,4.58,4.69,13499653
GLA,20110121,.51,.53,.47,.51,624420
GLF,20110121,.043,.044,.041,.041,404000
GLL,20110121,.20,.20,.20,.20,115000
GLM,20110121,.044,.045,.041,.041,298304
GLN,20110121,.025,.025,.023,.023,759717
GLY,20110121,.26,.27,.26,.265,405000
GMD,20110121,.395,.40,.37,.39,568462
GME,20110121,.10,.10,.10,.10,133000
GMG,20110121,.65,.655,.64,.64,23565495
GMI,20110121,1.325,1.325,1.305,1.31,162886
GMM,20110121,.15,.155,.145,.145,418000
GMR,20110121,.175,.175,.17,.17,2256824
GNC,20110121,7.75,7.81,7.66,7.71,678425
GNI,20110121,.038,.039,.037,.037,241072
GNM,20110121,.875,.90,.875,.875,181204
GNS,20110121,.605,.62,.605,.61,911657
GOA,20110121,.039,.04,.037,.039,13725370
GOR,20110121,.33,.34,.31,.31,1809873
GOT,20110121,.54,.565,.51,.52,150316
GOZ,20110121,1.90,1.90,1.90,1.90,9936
GPG,20110121,.535,.54,.535,.535,304419
GPM,20110121,.19,.195,.19,.19,95784
GPP,20110121,.037,.037,.037,.037,20000
GPT,20110121,2.89,2.90,2.84,2.85,7321517
GRB,20110121,.082,.082,.082,.082,109250
GRG,20110121,.28,.28,.28,.28,12000
GRK,20110121,.021,.021,.021,.021,189345
GRR,20110121,.875,.88,.84,.85,2175568
GRY,20110121,1.73,1.73,1.61,1.65,1880787
GSC,20110121,.14,.15,.14,.145,2597686
GSE,20110121,.068,.071,.067,.069,1823000
GTE,20110121,.38,.38,.37,.37,86850
GTG,20110121,.14,.145,.115,.115,3616209
GUD,20110121,10.44,10.47,10.33,10.41,148443
GUF,20110121,.79,.825,.79,.825,1098782
GUL,20110121,.17,.185,.17,.185,81148
GUN,20110121,.24,.24,.21,.23,575892
GWA,20110121,3.39,3.40,3.36,3.39,566779
GWR,20110121,.84,.87,.84,.855,54552
GXY,20110121,1.675,1.71,1.625,1.64,1099959
GZL,20110121,2.06,2.06,2.05,2.05,5000
HAO,20110121,.16,.16,.16,.16,5884
HAR,20110121,.64,.64,.60,.635,537290
HAV,20110121,.675,.68,.67,.68,44667
HAW,20110121,.007,.007,.007,.007,4600000
HAZ,20110121,.205,.21,.205,.21,604300
HCG,20110121,.049,.053,.049,.053,858602
HCH,20110121,.52,.52,.50,.515,277385
HCT,20110121,.13,.13,.13,.13,5000
HDF,20110121,1.72,1.73,1.695,1.695,410332
HDG,20110121,.185,.185,.185,.185,10000
HEG,20110121,.081,.085,.081,.085,265814
HEM,20110121,.38,.40,.38,.38,42000
HFA,20110121,.275,.28,.27,.28,1098519
HGG,20110121,2.43,2.47,2.37,2.46,3062983
HGO,20110121,.305,.31,.30,.30,3747389
HHL,20110121,5.90,5.92,5.82,5.82,28736
HHM,20110121,.31,.31,.31,.31,40000
HHV,20110121,.855,.855,.85,.85,193273
HHY,20110121,1.25,1.26,1.25,1.26,17984
HIG,20110121,.395,.395,.38,.38,1279869
HIL,20110121,1.875,1.885,1.85,1.86,360416
HLX,20110121,.155,.16,.155,.155,135281
HMC,20110121,.048,.049,.048,.049,31500
HNG,20110121,1.44,1.44,1.425,1.425,16800
HNR,20110121,.26,.26,.245,.25,1332328
HOG,20110121,.51,.56,.475,.52,2883206
HOM,20110121,.76,.76,.76,.76,12500
HOR,20110121,.215,.215,.21,.21,125648
HRR,20110121,.20,.20,.20,.20,272299
HRS,20110121,.41,.42,.41,.42,20500
HSK,20110121,.23,.235,.225,.225,111162
HSN,20110121,.735,.75,.735,.75,104661
HST,20110121,1.035,1.04,1.005,1.02,1290085
HTA,20110121,.097,.097,.097,.097,104160
HTI,20110121,.01,.01,.01,.01,50000
HTX,20110121,.066,.068,.065,.068,201400
HUM,20110121,.013,.014,.013,.014,1817420
HUN,20110121,1.39,1.39,1.345,1.38,1216341
HVN,20110121,3.14,3.19,3.08,3.15,3308892
HYO,20110121,.007,.007,.007,.007,94944
HZL,20110121,.44,.44,.44,.44,5000
HZN,20110121,.31,.31,.30,.305,2242111
IAA,20110121,48.85,48.87,46.00,48.70,1212
IAG,20110121,3.72,3.76,3.67,3.68,3969750
IAU,20110121,1.885,1.905,1.83,1.87,1481666
IAW,20110121,.14,.14,.14,.14,100000
IBG,20110121,.28,.28,.26,.275,777957
IBK,20110121,49.40,49.60,49.40,49.46,2001
ICN,20110121,.20,.20,.195,.195,1252000
ICP,20110121,.42,.42,.415,.415,190000
IDC,20110121,.19,.19,.185,.19,399942
IDD,20110121,3.77,3.77,3.77,3.77,30000
IDE,20110121,.84,.84,.84,.84,10000
IDG,20110121,6.00,6.00,6.00,6.00,5749
IDL,20110121,1.425,1.45,1.42,1.445,1233637
IDM,20110121,.18,.18,.18,.18,563000
IDO,20110121,.395,.41,.385,.41,354000
IEM,20110121,47.91,48.00,47.47,47.59,12930
IEU,20110121,40.88,40.89,40.80,40.85,1066
IFE,20110121,.755,.755,.75,.75,138795
IFL,20110121,7.94,7.96,7.85,7.93,585460
IFM,20110121,.26,.26,.25,.26,295588
IFN,20110121,.52,.53,.515,.52,1780322
IGO,20110121,7.36,7.41,7.02,7.03,631962
IGR,20110121,.59,.59,.58,.585,2581302
IGS,20110121,.09,.09,.085,.085,177000
IHD,20110121,15.27,15.27,15.24,15.25,32250
IHF,20110121,.94,.94,.94,.94,10000
IHK,20110121,20.13,20.13,20.06,20.13,186
IIF,20110121,.53,.53,.525,.525,10484084
III,20110121,.135,.14,.135,.14,120000
IIN,20110121,2.77,2.77,2.73,2.73,208465
IJH,20110121,92.54,92.54,92.54,92.54,2
IJP,20110121,11.14,11.14,11.06,11.06,4714
IJR,20110121,69.45,69.45,69.38,69.38,372
IKO,20110121,62.96,63.02,62.71,62.89,2040
ILC,20110121,20.28,20.28,20.16,20.16,26950
ILF,20110121,.09,.09,.09,.09,1253794
ILU,20110121,9.00,9.05,8.76,8.79,2211473
IMA,20110121,.525,.53,.52,.52,42207
IMC,20110121,.077,.077,.077,.077,40000
IMD,20110121,1.94,1.94,1.87,1.895,274829
IMF,20110121,1.44,1.44,1.42,1.43,104693
IMI,20110121,.001,.001,.001,.001,970049
IMP,20110121,.105,.115,.105,.11,265000
IMU,20110121,.054,.054,.053,.053,115000
INE,20110121,.045,.045,.044,.044,87567
INL,20110121,.036,.036,.032,.032,5220285
INP,20110121,.13,.13,.125,.125,74000
INQ,20110121,.135,.14,.13,.14,1632570
INT,20110121,.006,.006,.006,.006,4463000
IOF,20110121,.60,.60,.59,.59,10548119
IOG,20110121,.33,.33,.30,.305,1101337
IOH,20110121,2.32,2.32,2.24,2.25,153557
IOO,20110121,64.99,64.99,64.47,64.85,9003
IOZ,20110121,20.50,20.50,20.26,20.30,20565
IPD,20110121,.80,.805,.795,.805,83987
IPE,20110121,.325,.325,.325,.325,2000
IPL,20110121,4.28,4.29,4.14,4.19,13017675
IPP,20110121,.51,.515,.51,.515,80000
IPR,20110121,.093,.093,.09,.09,612307
IPT,20110121,.125,.125,.12,.125,83097
IRC,20110121,.15,.15,.15,.15,65000
IRD,20110121,.86,.86,.78,.805,189517
IRE,20110121,9.20,9.20,8.95,9.07,319081
IRG,20110121,.013,.013,.013,.013,300000
IRI,20110121,.33,.33,.33,.33,19944
IRL,20110121,.02,.021,.02,.021,935000
IRN,20110121,.86,.89,.835,.88,2150039
IRU,20110121,79.00,79.04,79.00,79.04,363
ISF,20110121,.074,.074,.072,.073,1458468
ISG,20110121,13.93,13.96,13.93,13.96,124
ISL,20110121,.028,.028,.028,.028,100000
ISO,20110121,5.28,5.28,5.23,5.24,20034
ISS,20110121,.15,.15,.135,.135,151387
ITC,20110121,.085,.086,.085,.085,13781387
ITW,20110121,15.83,15.84,15.75,15.84,2605
IVA,20110121,3.46,3.48,3.34,3.36,158953
IVC,20110121,7.48,7.48,7.30,7.40,135881
IVE,20110121,59.68,59.79,59.55,59.56,4264
IVR,20110121,.097,.097,.096,.096,24424
IVV,20110121,130.64,130.64,130.14,130.41,4810
IXI,20110121,62.18,62.18,62.15,62.15,206
IXJ,20110121,52.78,52.78,52.78,52.78,240
IXR,20110121,.705,.73,.70,.725,112898
IZZ,20110121,44.15,44.59,44.15,44.31,5796
JAG,20110121,.036,.05,.036,.05,429824
JAL,20110121,.16,.16,.14,.15,877481
JAT,20110121,.048,.048,.048,.048,140000
JBH,20110121,19.50,19.60,19.21,19.26,362247
JET,20110121,.99,.99,.99,.99,6360
JHX,20110121,6.31,6.41,6.19,6.32,1436698
JKA,20110121,.16,.16,.15,.15,70725
JMB,20110121,.15,.16,.15,.16,65000
JML,20110121,.64,.64,.615,.63,5883884
JMS,20110121,.69,.72,.655,.715,1330532
JPR,20110121,.041,.041,.037,.038,15565434
JRL,20110121,.515,.515,.515,.515,73820
JRV,20110121,.005,.006,.005,.006,1433555
KAS,20110121,.325,.33,.30,.315,1909580
KAT,20110121,.83,.83,.83,.83,650
KBC,20110121,.086,.091,.086,.091,198743
KBL,20110121,.29,.29,.28,.28,412307
KCN,20110121,10.32,10.32,9.93,10.00,570400
KDR,20110121,.22,.22,.195,.195,458581
KEY,20110121,.042,.042,.041,.041,473499
KGD,20110121,1.70,1.77,1.70,1.77,22458
KGL,20110121,.175,.175,.17,.17,3199052
KIS,20110121,.28,.28,.28,.28,10000
KMD,20110121,1.605,1.635,1.57,1.635,536697
KNH,20110121,.225,.225,.225,.225,20000
KNL,20110121,.265,.265,.265,.265,100000
KOG,20110121,.002,.002,.002,.002,100000
KOR,20110121,.36,.37,.36,.37,407043
KOV,20110121,4.55,4.57,4.55,4.57,2616
KRB,20110121,.24,.24,.24,.24,186250
KRL,20110121,.16,.16,.155,.155,2137477
KRM,20110121,1.53,1.54,1.45,1.45,532644
KRS,20110121,.30,.30,.30,.30,31417
KSC,20110121,2.20,2.25,2.20,2.25,4898
KSO,20110121,.075,.08,.075,.08,180000
KSX,20110121,.02,.02,.019,.019,402609
KTE,20110121,.098,.099,.096,.096,401009
KZL,20110121,.835,.835,.79,.79,3033293
LAU,20110121,.195,.20,.195,.20,30000
LBL,20110121,.10,.10,.10,.10,9800
LBY,20110121,.11,.115,.105,.11,735850
LCM,20110121,1.45,1.45,1.38,1.39,46688
LCR,20110121,.10,.10,.10,.10,10000
LCT,20110121,.145,.15,.145,.145,285075
LCY,20110121,.088,.089,.083,.085,907455
LDW,20110121,4.90,4.90,4.90,4.90,999
LEG,20110121,.063,.064,.059,.059,12341729
LEI,20110121,31.49,31.50,30.89,31.30,773776
LEP,20110121,1.87,1.87,1.86,1.865,60947
LGD,20110121,.33,.34,.32,.33,179382
LGM,20110121,.13,.13,.125,.125,109785
LIN,20110121,.16,.17,.16,.17,199894
LKO,20110121,.006,.006,.005,.005,4578334
LLA,20110121,.029,.031,.029,.031,25500
LLC,20110121,8.87,8.98,8.79,8.90,1676007
LMC,20110121,4.02,4.02,4.00,4.00,15000
LMG,20110121,.028,.03,.027,.03,1973817
LML,20110121,.215,.215,.21,.21,10000
LNC,20110121,2.68,2.69,2.51,2.53,1905280
LNG,20110121,.595,.595,.56,.57,961874
LOD,20110121,.07,.07,.069,.069,524449
LOM,20110121,.047,.047,.045,.046,1887804
LRC,20110121,.019,.019,.019,.019,500000
LRF,20110121,1.00,1.01,.99,1.00,70612
LRL,20110121,.33,.35,.325,.34,452791
LRS,20110121,.20,.21,.20,.21,95000
LSA,20110121,.016,.017,.015,.017,14459326
LSN,20110121,.23,.23,.205,.205,175000
LSR,20110121,.12,.125,.12,.12,1274195
LWB,20110121,3.50,3.52,3.49,3.52,11028
LYC,20110121,2.02,2.06,1.96,1.97,26996001
LYL,20110121,5.43,5.43,5.40,5.40,9887
MAB,20110121,.035,.035,.035,.035,22275
MAD,20110121,.28,.285,.275,.28,159881
MAE,20110121,.029,.033,.029,.032,8326052
MAH,20110121,.53,.53,.525,.525,877606
MAK,20110121,.49,.50,.475,.48,2152586
MAM,20110121,5.04,5.04,5.02,5.02,21000
MAP,20110121,3.05,3.06,3.01,3.03,2628341
MAQ,20110121,8.81,8.81,8.80,8.80,4045
MAR,20110121,.07,.07,.066,.066,53000
MAT,20110121,.355,.36,.35,.36,27685
MAU,20110121,.335,.335,.32,.32,22449
MBD,20110121,.12,.12,.12,.12,70000
MBN,20110121,2.32,2.35,2.28,2.29,994636
MBT,20110121,.195,.195,.19,.19,16360
MCC,20110121,13.52,13.63,13.15,13.20,865977
MCE,20110121,6.96,6.98,6.75,6.85,173199
MCO,20110121,.47,.47,.435,.45,321746
MCP,20110121,3.28,3.31,3.26,3.29,71683
MCR,20110121,1.93,1.93,1.85,1.855,545566
MDA,20110121,.021,.022,.021,.021,12922000
MDI,20110121,.60,.61,.585,.60,317584
MDL,20110121,5.27,5.33,5.23,5.30,128061
MDO,20110121,.22,.22,.22,.22,103000
MDS,20110121,.038,.038,.036,.036,260787
MDV,20110121,.007,.008,.007,.008,1250000
MDX,20110121,.38,.39,.38,.39,4000
MEI,20110121,.155,.16,.15,.16,134000
MEL,20110121,.415,.415,.41,.41,445975
MEO,20110121,.205,.205,.20,.20,8951207
MEP,20110121,.285,.30,.28,.30,142513
MES,20110121,.20,.20,.175,.18,398240
MET,20110121,.655,.80,.605,.70,1578717
MEU,20110121,.091,.091,.091,.091,40000
MEY,20110121,.092,.092,.089,.089,434895
MFC,20110121,.12,.12,.12,.12,41347
MFF,20110121,.74,.74,.73,.74,236326
MFG,20110121,1.69,1.69,1.64,1.65,20211
MGK,20110121,.034,.034,.034,.034,100000
MGO,20110121,.335,.35,.335,.345,1253865
MGR,20110121,1.28,1.29,1.265,1.28,9755110
MGX,20110121,2.26,2.27,2.14,2.14,5739409
MGY,20110121,.075,.075,.07,.07,1135721
MHC,20110121,1.35,1.38,1.35,1.38,11385
MHL,20110121,.004,.005,.004,.004,17475000
MHM,20110121,1.03,1.05,1.00,1.00,271122
MII,20110121,.115,.115,.115,.115,18000
MIN,20110121,12.24,12.36,11.82,12.01,380394
MIO,20110121,1.62,1.65,1.62,1.63,122275
MIR,20110121,1.92,1.95,1.88,1.95,41239
MKB,20110121,.092,.092,.092,.092,154709
MKE,20110121,.33,.36,.33,.35,196100
MKO,20110121,.155,.155,.155,.155,17854
MLB,20110121,2.00,2.00,1.96,1.97,24496
MLC,20110121,.295,.295,.295,.295,25000
MLD,20110121,1.92,1.94,1.90,1.94,366900
MLI,20110121,.086,.086,.086,.086,13
MLM,20110121,.29,.29,.285,.285,11125
MLS,20110121,.047,.048,.042,.042,3497756
MLT,20110121,16.10,16.18,16.09,16.18,68007
MLX,20110121,.315,.315,.295,.30,3802171
MML,20110121,7.54,7.54,7.15,7.19,963544
MMR,20110121,.40,.40,.375,.39,231007
MMS,20110121,8.26,8.43,8.26,8.35,40676
MMW,20110121,.55,.55,.55,.55,5000
MMX,20110121,1.41,1.415,1.35,1.36,2381416
MMZ,20110121,.012,.012,.012,.012,1515000
MNB,20110121,.53,.53,.385,.43,1364738
MNC,20110121,.425,.425,.395,.415,8181980
MND,20110121,19.20,19.44,19.14,19.42,324082
MNF,20110121,.27,.27,.27,.27,100000
MNM,20110121,.205,.21,.195,.20,7748906
MNZ,20110121,.053,.053,.05,.05,217890
MOC,20110121,1.34,1.355,1.33,1.35,278531
MOD,20110121,.15,.155,.145,.155,1246500
MOG,20110121,.055,.062,.055,.055,1455763
MOL,20110121,1.16,1.19,1.14,1.165,1455634
MOO,20110121,.015,.015,.015,.015,2034000
MOT,20110121,.099,.099,.097,.099,106000
MOX,20110121,.07,.07,.066,.066,280000
MOY,20110121,.043,.043,.039,.04,1762400
MPO,20110121,1.025,1.025,.985,.99,250908
MPS,20110121,.11,.11,.11,.11,40000
MQA,20110121,1.505,1.52,1.50,1.505,692951
MQG,20110121,40.00,40.26,39.55,39.87,1588726
MRE,20110121,.94,.945,.925,.94,876592
MRM,20110121,3.17,3.20,3.15,3.17,251688
MRP,20110121,.37,.37,.365,.365,328633
MRU,20110121,7.92,7.94,7.87,7.91,501481
MSB,20110121,5.80,5.85,5.64,5.85,471837
MSF,20110121,3.33,3.37,3.33,3.33,199187
MSR,20110121,.31,.31,.285,.30,532277
MST,20110121,.009,.009,.008,.008,1320000
MTB,20110121,.017,.017,.017,.017,600000
MTE,20110121,.295,.30,.295,.30,130076
MTH,20110121,.22,.23,.21,.23,853907
MTN,20110121,.505,.505,.50,.50,39500
MTS,20110121,4.31,4.33,4.28,4.28,3785910
MTU,20110121,3.08,3.15,3.05,3.11,144156
MUE,20110121,.195,.195,.195,.195,10900
MUI,20110121,.022,.029,.022,.027,16542475
MUM,20110121,.14,.14,.14,.14,277977
MUN,20110121,.175,.175,.17,.175,160711
MUX,20110121,.90,.90,.805,.805,58792
MWN,20110121,.14,.14,.14,.14,450000
MWR,20110121,.007,.007,.007,.007,10000
MXQ,20110121,.155,.16,.155,.16,607500
MXR,20110121,.023,.025,.023,.025,210000
MYA,20110121,.195,.20,.195,.20,45000
MYE,20110121,1.585,1.585,1.505,1.55,43223
MYG,20110121,.13,.13,.125,.13,5707772
MYR,20110121,3.75,3.76,3.70,3.72,2202123
MYS,20110121,3.71,3.73,3.71,3.71,11750
MYX,20110121,.80,.835,.80,.82,85447
MZI,20110121,.016,.016,.016,.016,214122
MZM,20110121,.715,.72,.69,.69,214700
NAB,20110121,24.22,24.46,24.06,24.33,5005987
NAD,20110121,.028,.028,.028,.028,20000
NAG,20110121,.022,.022,.022,.022,15495
NAN,20110121,.86,.86,.855,.855,70000
NAV,20110121,.225,.235,.22,.225,2759827
NBL,20110121,1.00,1.00,1.00,1.00,40000
NBS,20110121,.095,.095,.095,.095,483345
NCK,20110121,1.88,1.88,1.87,1.87,8885
NCM,20110121,37.04,37.21,36.60,36.71,3352629
NCO,20110121,.14,.14,.14,.14,17883
NCR,20110121,.585,.585,.53,.58,294908
NDL,20110121,.07,.07,.058,.062,2435577
NDO,20110121,.11,.11,.105,.11,2080625
NEC,20110121,1.65,1.655,1.64,1.645,518916
NEN,20110121,.205,.215,.205,.215,1797622
NEU,20110121,.019,.019,.018,.018,225000
NFE,20110121,1.92,1.935,1.895,1.905,293343
NFK,20110121,1.275,1.275,1.22,1.275,78207
NGE,20110121,.175,.18,.17,.175,3997554
NGF,20110121,.185,.19,.18,.185,529991
NGX,20110121,.92,.92,.92,.92,20923
NHC,20110121,4.91,4.93,4.89,4.91,223698
NHF,20110121,1.275,1.285,1.275,1.275,45753
NHR,20110121,1.60,1.60,1.60,1.60,11000
NIO,20110121,.025,.025,.025,.025,25000
NME,20110121,.19,.19,.18,.18,40000
NMG,20110121,.655,.655,.605,.63,1981362
NMI,20110121,.073,.073,.071,.072,390000
NMR,20110121,.05,.05,.05,.05,200000
NOD,20110121,.15,.15,.145,.145,1560749
NOE,20110121,.28,.315,.27,.315,6233912
NRL,20110121,.048,.049,.045,.048,4437037
NRT,20110121,.135,.14,.12,.12,49500
NRU,20110121,.098,.105,.096,.097,1778000
NSE,20110121,.235,.245,.235,.245,206000
NSL,20110121,.065,.065,.063,.063,276667
NST,20110121,.315,.32,.30,.315,1331068
NTU,20110121,.59,.605,.555,.575,2434694
NUF,20110121,5.20,5.28,5.20,5.24,596459
NUP,20110121,.052,.052,.049,.049,767453
NVT,20110121,3.70,3.74,3.68,3.71,1143257
NWE,20110121,.054,.055,.053,.055,1406783
NWH,20110121,2.29,2.33,2.20,2.20,1177142
NWR,20110121,.16,.165,.155,.165,292666
NWS,20110121,16.47,16.61,16.45,16.53,2267095
NWT,20110121,.007,.007,.006,.007,30104313
NXS,20110121,.415,.415,.40,.415,4871314
NXT,20110121,1.72,1.72,1.675,1.70,124415
NYO,20110121,.44,.45,.42,.42,315216
NZO,20110121,.66,.66,.655,.655,118602
OAK,20110121,.30,.31,.30,.31,59631
OBJ,20110121,.027,.027,.026,.027,14992694
OBL,20110121,.032,.032,.031,.031,544900
OCL,20110121,.225,.225,.225,.225,4500
OCP,20110121,1.25,1.30,1.25,1.30,24250
ODY,20110121,.094,.095,.086,.086,1753088
OEC,20110121,.46,.46,.355,.37,153061
OEL,20110121,.099,.099,.097,.097,580875
OEQ,20110121,.42,.42,.42,.42,5040
OEX,20110121,.44,.46,.43,.44,376108
OFG,20110121,.70,.70,.70,.70,1440
OGC,20110121,2.90,2.92,2.85,2.88,1137207
OGL,20110121,.17,.175,.17,.175,100000
OIL,20110121,.055,.055,.055,.055,122869
OIP,20110121,.048,.048,.048,.048,10000
OKJ,20110121,.35,.35,.345,.35,28500
OKN,20110121,2.30,2.30,2.26,2.26,1557800
OKU,20110121,.056,.057,.054,.055,1040805
OLE,20110121,.003,.003,.003,.003,390000
OLH,20110121,.13,.13,.13,.13,40000
OMH,20110121,1.505,1.55,1.485,1.485,800570
OMI,20110121,.009,.009,.009,.009,210000
ONT,20110121,3.98,3.98,3.98,3.98,2500
OOH,20110121,.24,.24,.24,.24,4000
ORD,20110121,.055,.055,.051,.052,1339394
ORE,20110121,3.50,3.60,3.31,3.40,308283
ORG,20110121,16.66,16.73,16.27,16.32,2508299
ORI,20110121,25.66,25.76,25.38,25.64,1427909
ORL,20110121,8.70,8.79,8.70,8.78,42540
ORM,20110121,.195,.195,.19,.19,20260
ORN,20110121,.022,.022,.022,.022,89093
ORO,20110121,.007,.008,.007,.008,12794549
ORS,20110121,.215,.215,.205,.205,57627
ORX,20110121,.19,.195,.19,.195,25000
OSH,20110121,6.90,6.93,6.75,6.78,3050270
OST,20110121,2.81,2.82,2.73,2.74,15166131
OVR,20110121,.275,.28,.275,.28,329386
OYM,20110121,.475,.475,.475,.475,83000
OZG,20110121,.19,.19,.185,.185,327861
OZL,20110121,1.695,1.705,1.665,1.67,17873538
PAA,20110121,.023,.023,.022,.022,109750
PAB,20110121,.097,.098,.097,.098,175055
PAN,20110121,2.40,2.41,2.35,2.37,576326
PAX,20110121,.07,.07,.068,.068,232500
PBD,20110121,.099,.099,.096,.096,246280
PBG,20110121,1.04,1.05,1.03,1.04,2848745
PBP,20110121,.65,.66,.65,.66,35081
PBT,20110121,.135,.135,.13,.13,43000
PCC,20110121,.012,.012,.012,.012,111130
PCL,20110121,.062,.062,.057,.06,2331274
PCP,20110121,.12,.13,.115,.13,2572355
PDI,20110121,.275,.275,.275,.275,223827
PDM,20110121,.04,.04,.037,.039,625765
PDN,20110121,5.40,5.43,4.98,5.04,9958287
PDY,20110121,.028,.028,.026,.027,11980167
PDZ,20110121,.22,.25,.185,.185,1864761
PEA,20110121,.36,.36,.36,.36,35384
PEK,20110121,.58,.58,.535,.55,1546240
PEL,20110121,.091,.092,.085,.085,1415000
PEM,20110121,.60,.60,.59,.595,930683
PEN,20110121,.11,.11,.10,.10,28424056
PET,20110121,.795,.795,.78,.78,4422
PFG,20110121,.175,.175,.17,.17,124500
PFL,20110121,1.32,1.32,1.32,1.32,36241
PGA,20110121,.084,.085,.084,.085,72000
PGL,20110121,.32,.32,.32,.32,1558
PGM,20110121,.535,.535,.49,.50,762889
PGS,20110121,.07,.07,.07,.07,876250
PHK,20110121,.072,.072,.072,.072,137600
PHL,20110121,.085,.085,.085,.085,8
PIE,20110121,.024,.024,.023,.023,3150000
PIO,20110121,.053,.055,.05,.052,1331745
PIR,20110121,.66,.66,.62,.65,1437905
PLA,20110121,.805,.805,.765,.79,1760227
PLS,20110121,.063,.065,.063,.065,257750
PLV,20110121,1.135,1.145,1.04,1.085,2062596
PMC,20110121,1.425,1.44,1.425,1.44,70284
PME,20110121,.54,.545,.54,.54,53386
PMP,20110121,.905,.91,.85,.85,56372
PMQ,20110121,.12,.12,.11,.11,10779
PMV,20110121,6.17,6.19,6.13,6.17,176130
PNA,20110121,.855,.86,.825,.835,22387244
PNE,20110121,.19,.19,.19,.19,55694
PNN,20110121,.29,.29,.28,.28,491735
PNO,20110121,.009,.009,.008,.008,5792644
PNR,20110121,.38,.38,.36,.37,207720
PNX,20110121,.35,.35,.35,.35,20000
POH,20110121,.13,.135,.125,.135,217467
POS,20110121,.24,.24,.23,.235,273590
POZ,20110121,.11,.11,.11,.11,50000
PPC,20110121,1.90,1.99,1.90,1.97,49378
PPK,20110121,.37,.37,.35,.35,115145
PPP,20110121,.17,.17,.17,.17,350624
PPS,20110121,.225,.23,.22,.225,232068
PPT,20110121,31.87,31.90,31.63,31.73,109422
PPX,20110121,.535,.545,.50,.505,4525607
PPY,20110121,.15,.15,.15,.15,35000
PRA,20110121,.49,.49,.46,.47,87872
PRE,20110121,.01,.01,.009,.009,896171
PRG,20110121,1.64,1.65,1.635,1.64,275566
PRO,20110121,.31,.31,.30,.31,163500
PRR,20110121,.23,.24,.23,.23,7167092
PRT,20110121,.67,.67,.66,.67,5834
PRU,20110121,3.01,3.05,2.92,2.95,1467406
PRV,20110121,.77,.77,.76,.76,18500
PRW,20110121,.071,.071,.069,.069,1708885
PRY,20110121,3.80,3.86,3.76,3.76,2114656
PSA,20110121,.16,.16,.155,.155,125857
PSF,20110121,.23,.255,.23,.23,1284539
PSH,20110121,.355,.355,.355,.355,8694
PSP,20110121,.14,.14,.135,.135,259900
PTM,20110121,5.00,5.01,4.89,4.90,433338
PTR,20110121,.11,.11,.11,.11,149788
PUN,20110121,.275,.275,.27,.27,90000
PVA,20110121,4.80,4.80,4.80,4.80,862
PVE,20110121,.255,.255,.25,.25,126900
PVM,20110121,.71,.71,.67,.67,707850
PXG,20110121,.18,.18,.17,.175,756767
PXR,20110121,.047,.05,.047,.05,950000
PXS,20110121,2.92,2.99,2.92,2.93,126226
PYC,20110121,.073,.073,.067,.068,1034955
PYM,20110121,.23,.235,.22,.22,430484
QAN,20110121,2.49,2.50,2.43,2.47,12487468
QBE,20110121,18.14,18.15,17.81,17.88,3399552
QFN,20110121,7.86,7.86,7.86,7.86,3000
QHL,20110121,.375,.39,.37,.39,239898
QML,20110121,.20,.20,.20,.20,3334
QMN,20110121,.12,.13,.12,.125,1320872
QNL,20110121,.039,.039,.039,.039,5194
QPN,20110121,.015,.015,.014,.015,8100037
QRE,20110121,7.97,7.97,7.86,7.86,4021
QRN,20110121,2.80,2.80,2.76,2.78,10204334
QRX,20110121,1.40,1.45,1.385,1.45,187119
QTM,20110121,.076,.079,.076,.079,28405
QUB,20110121,1.33,1.33,1.29,1.29,488722
QUR,20110121,.019,.019,.019,.019,77700
RAD,20110121,.25,.25,.24,.25,377567
RAI,20110121,.25,.255,.25,.25,155000
RAU,20110121,.014,.015,.012,.012,82740139
RAW,20110121,.10,.10,.10,.10,135000
RBR,20110121,.047,.047,.045,.045,421000
RBV,20110121,.68,.68,.61,.61,81673
RCG,20110121,.63,.64,.63,.63,110000
RCI,20110121,.18,.185,.175,.185,457301
RCO,20110121,.45,.45,.43,.45,61000
RCP,20110121,.033,.034,.032,.032,2499343
RCR,20110121,1.40,1.42,1.39,1.42,90111
RCU,20110121,.07,.07,.068,.07,632620
RCY,20110121,.009,.01,.008,.009,4451072
RDF,20110121,2.35,2.39,2.30,2.35,32281
RDH,20110121,.85,.85,.80,.80,234250
RDM,20110121,.24,.25,.24,.25,86000
RDR,20110121,.70,.71,.665,.67,728109
RDS,20110121,.43,.43,.42,.42,213973
RDV,20110121,25.40,25.40,25.37,25.39,3980
REA,20110121,11.95,11.98,11.81,11.98,39046
RED,20110121,.19,.195,.18,.185,3119779
REF,20110121,.074,.075,.073,.075,107200
REH,20110121,22.00,22.00,22.00,22.00,1052
RER,20110121,.02,.021,.019,.02,1665252
RES,20110121,.64,.66,.62,.63,888617
REX,20110121,1.145,1.145,1.13,1.13,20951
REY,20110121,.385,.385,.355,.375,1459292
RFE,20110121,.385,.41,.385,.41,155000
RFG,20110121,2.70,2.72,2.68,2.68,61303
RFL,20110121,.059,.059,.059,.059,200
RFX,20110121,1.54,1.54,1.50,1.50,44347
RGM,20110121,.10,.10,.098,.098,180000
RHC,20110121,17.61,17.90,17.23,17.35,430772
RHD,20110121,.75,.75,.75,.75,635912
RHG,20110121,1.03,1.045,1.03,1.04,287788
RHI,20110121,2.79,2.79,2.79,2.79,8500
RHL,20110121,2.85,2.89,2.84,2.89,23940
RHM,20110121,.44,.44,.425,.425,180849
RIA,20110121,.765,.77,.76,.76,436001
RIC,20110121,1.245,1.25,1.24,1.24,236911
RIG,20110121,.20,.20,.20,.20,31152
RIM,20110121,.052,.054,.052,.052,475200
RIO,20110121,84.49,84.75,84.04,84.38,3506382
RIV,20110121,16.28,16.32,16.19,16.31,901141
RKN,20110121,2.38,2.38,2.37,2.38,14413
RLC,20110121,.145,.145,.14,.14,72457
RMC,20110121,.17,.18,.17,.17,55400
RMD,20110121,3.28,3.28,3.24,3.26,7327332
RMG,20110121,.019,.02,.019,.019,3462100
RMI,20110121,.008,.008,.006,.006,14582296
RMR,20110121,.024,.024,.023,.023,846810
RMS,20110121,.99,.99,.965,.97,833299
RNG,20110121,.016,.016,.015,.016,2691462
RNI,20110121,1.16,1.18,1.05,1.12,581530
RNU,20110121,.275,.30,.265,.30,481588
RNY,20110121,.115,.115,.115,.115,65000
ROC,20110121,.385,.39,.38,.385,1219907
ROG,20110121,.021,.022,.021,.022,403244
ROK,20110121,2.63,2.63,2.63,2.63,2322
ROL,20110121,1.69,1.69,1.62,1.63,246163
ROY,20110121,.21,.215,.195,.20,805550
RPX,20110121,1.655,1.66,1.655,1.66,174062
RQL,20110121,.67,.67,.645,.645,331388
RRE,20110121,.135,.135,.135,.135,60000
RRL,20110121,2.12,2.20,2.07,2.09,1773599
RRS,20110121,.145,.145,.14,.14,1670211
RSG,20110121,1.475,1.48,1.44,1.445,4077170
RSL,20110121,.14,.145,.14,.14,43000
RSN,20110121,.005,.005,.005,.005,310000
RSR,20110121,5.85,5.85,5.82,5.82,26186
RUB,20110121,.05,.05,.05,.05,121800
RUL,20110121,.56,.56,.55,.55,34000
RUM,20110121,.315,.325,.305,.325,971565
RVA,20110121,1.27,1.29,1.27,1.29,115171
RVR,20110121,.12,.12,.115,.115,35384
RWD,20110121,.44,.46,.435,.435,38400
RXL,20110121,.062,.062,.058,.059,3265692
RXM,20110121,3.03,3.03,2.95,2.97,393853
RZR,20110121,.024,.024,.024,.024,22150
SAI,20110121,4.73,4.75,4.66,4.68,226739
SAR,20110121,.74,.76,.73,.76,1776045
SAU,20110121,.072,.072,.07,.071,1932975
SAV,20110121,.09,.09,.09,.09,34895
SAY,20110121,.094,.094,.094,.094,230100
SBL,20110121,.03,.031,.029,.03,16743076
SBM,20110121,1.865,1.87,1.80,1.81,3630835
SBN,20110121,.001,.001,.001,.001,1460000
SBR,20110121,.24,.24,.22,.22,215726
SCC,20110121,.46,.46,.46,.46,10000
SCD,20110121,.39,.39,.39,.39,56
SCR,20110121,.44,.50,.44,.44,64750
SDG,20110121,.77,.785,.77,.78,317107
SDL,20110121,.515,.52,.475,.485,66192494
SDM,20110121,2.18,2.19,2.15,2.17,57995
SEA,20110121,.80,.82,.785,.785,1123285
SEG,20110121,.032,.033,.031,.033,410055
SEH,20110121,.063,.064,.061,.062,1215165
SEK,20110121,6.77,6.80,6.60,6.61,674213
SEN,20110121,.03,.03,.03,.03,20000
SEO,20110121,.23,.25,.23,.25,71740
SER,20110121,.17,.17,.15,.165,3417312
SFH,20110121,1.22,1.23,1.22,1.22,283899
SFR,20110121,7.55,7.56,7.26,7.36,507698
SFX,20110121,.28,.28,.28,.28,116500
SFY,20110121,45.75,45.83,45.40,45.55,28228
SFZ,20110121,.32,.33,.315,.315,740079
SGH,20110121,2.08,2.08,2.02,2.03,42449
SGI,20110121,.285,.285,.285,.285,116626
SGM,20110121,20.32,20.52,19.77,19.84,566789
SGN,20110121,1.14,1.145,1.12,1.145,126366
SGP,20110121,3.70,3.72,3.61,3.64,8436140
SGT,20110121,2.40,2.40,2.38,2.39,399470
SGY,20110121,.068,.07,.053,.054,3406932
SGZ,20110121,.099,.11,.093,.094,3047927
SHC,20110121,.035,.035,.034,.035,588287
SHD,20110121,.215,.215,.205,.21,399750
SHE,20110121,.16,.16,.145,.15,1382488
SHH,20110121,.205,.205,.205,.205,10000
SHL,20110121,12.25,12.32,12.02,12.11,1153391
SHU,20110121,.455,.455,.455,.455,5000
SHV,20110121,3.35,3.35,3.33,3.35,14066
SIH,20110121,.235,.24,.235,.24,1409979
SIP,20110121,.46,.46,.44,.44,3751174
SIR,20110121,.29,.295,.29,.29,1047832
SIT,20110121,.21,.21,.21,.21,116223
SIV,20110121,3.95,4.00,3.95,4.00,18250
SKC,20110121,2.50,2.54,2.47,2.51,65567
SKE,20110121,1.78,1.78,1.73,1.78,57574
SKI,20110121,1.155,1.20,1.155,1.19,7481523
SKT,20110121,3.95,3.95,3.95,3.95,17096
SLF,20110121,7.83,7.87,7.77,7.79,36419
SLM,20110121,4.60,4.80,4.55,4.73,37236
SLR,20110121,2.14,2.18,2.09,2.18,694318
SLT,20110121,.01,.011,.009,.01,19298862
SLV,20110121,.835,.85,.835,.85,43499
SLX,20110121,5.49,5.59,5.42,5.52,82184
SMA,20110121,.038,.04,.038,.038,3455141
SMD,20110121,.165,.165,.155,.155,297589
SMM,20110121,3.80,3.80,3.80,3.80,2000
SMR,20110121,1.40,1.40,1.345,1.35,264693
SMX,20110121,6.74,6.79,6.65,6.73,101119
SND,20110121,.555,.555,.555,.555,4000
SNL,20110121,.47,.47,.47,.47,12500
SNO,20110121,.41,.41,.41,.41,17000
SNV,20110121,.02,.021,.02,.021,1125837
SOC,20110121,.215,.255,.215,.245,628481
SOE,20110121,.089,.089,.088,.088,348358
SOI,20110121,.011,.011,.011,.011,500000
SOL,20110121,12.40,12.50,12.36,12.37,219509
SOO,20110121,.12,.125,.12,.125,65000
SPH,20110121,3.00,3.01,3.00,3.00,3258
SPI,20110121,.115,.115,.115,.115,211567
SPL,20110121,.85,.865,.85,.865,286095
SPM,20110121,.42,.42,.395,.395,97352
SPN,20110121,.88,.89,.875,.88,4399144
SPT,20110121,2.18,2.22,2.15,2.19,1251515
SRA,20110121,.004,.005,.003,.005,3099322
SRE,20110121,.037,.04,.037,.04,455000
SRI,20110121,.089,.092,.089,.089,636003
SRK,20110121,.445,.455,.44,.455,91939
SRL,20110121,2.32,2.34,2.31,2.32,1128120
SRM,20110121,.355,.355,.35,.35,196096
SRR,20110121,.205,.21,.205,.205,552662
SRV,20110121,3.30,3.32,3.26,3.30,154991
SRX,20110121,6.00,6.00,5.85,5.85,13364
SRZ,20110121,.19,.19,.165,.165,1001228
SSC,20110121,.013,.013,.012,.013,8410662
SSM,20110121,.64,.65,.63,.65,417153
SSN,20110121,.098,.105,.097,.105,7893138
STB,20110121,3.75,3.83,3.51,3.70,512061
STG,20110121,.17,.17,.17,.17,3000
STI,20110121,.008,.009,.008,.008,2814238
STO,20110121,13.80,13.80,13.48,13.57,4098211
STS,20110121,.855,.855,.79,.805,92759
STU,20110121,.705,.73,.705,.73,120000
STW,20110121,44.91,45.07,44.54,44.74,287285
STX,20110121,.205,.21,.20,.21,699564
STZ,20110121,.03,.03,.028,.028,230000
SUH,20110121,.57,.57,.565,.57,153845
SUL,20110121,6.46,6.58,6.45,6.57,73306
SUM,20110121,.21,.215,.21,.21,51572
SUN,20110121,8.44,8.54,8.39,8.42,3384963
SUR,20110121,.097,.097,.095,.097,985188
SVL,20110121,.24,.24,.24,.24,631247
SVM,20110121,.50,.50,.48,.48,10000
SVW,20110121,8.86,9.00,8.81,8.83,119917
SWK,20110121,.475,.48,.46,.46,2783527
SWL,20110121,2.39,2.42,2.37,2.38,128244
SWN,20110121,.26,.26,.26,.26,78000
SWR,20110121,.37,.37,.37,.37,42130
SXE,20110121,1.04,1.04,1.04,1.04,9950
SXG,20110121,.072,.072,.068,.068,73710
SXL,20110121,2.17,2.22,2.12,2.18,815240
SXR,20110121,.465,.465,.46,.46,61450
SYI,20110121,24.78,24.78,24.74,24.74,20000
SYL,20110121,3.31,3.31,3.28,3.28,16561
SYM,20110121,.555,.555,.54,.54,50654
SYP,20110121,.02,.02,.018,.018,173000
SYS,20110121,.027,.027,.025,.026,2255167
TAG,20110121,.13,.13,.13,.13,128142
TAH,20110121,7.02,7.03,6.94,6.97,1719830
TAL,20110121,3.91,3.92,3.91,3.91,2768258
TAM,20110121,.96,.97,.945,.95,410401
TAN,20110121,.41,.41,.41,.41,6850
TAP,20110121,.80,.80,.79,.795,516087
TAS,20110121,.125,.13,.125,.13,40500
TAW,20110121,.051,.051,.049,.049,1710230
TBR,20110121,2.15,2.28,2.15,2.28,18948
TCL,20110121,5.24,5.24,5.14,5.21,2035312
TCM,20110121,.255,.255,.25,.25,109524
TCQ,20110121,.105,.105,.10,.10,407483
TDO,20110121,.24,.25,.23,.23,126250
TDX,20110121,.006,.007,.006,.007,15519619
TEG,20110121,.069,.071,.065,.065,2380784
TEL,20110121,1.745,1.77,1.74,1.76,12371893
TEN,20110121,1.46,1.46,1.435,1.44,4083967
TEX,20110121,.074,.08,.072,.08,300000
TEY,20110121,.081,.081,.081,.081,15000
TFC,20110121,.98,.995,.97,.99,122564
TFS,20110121,.205,.21,.205,.21,17000
TGA,20110121,2.02,2.04,1.97,2.01,225471
TGG,20110121,.815,.83,.815,.825,109548
TGP,20110121,1.15,1.16,1.15,1.16,21800
TGR,20110121,1.655,1.67,1.65,1.655,110428
TGS,20110121,.555,.565,.535,.54,1226692
TGZ,20110121,2.80,2.89,2.80,2.89,454075
THG,20110121,.515,.515,.515,.515,28361
THR,20110121,.046,.053,.046,.047,2081366
THX,20110121,.605,.63,.60,.62,337101
TIS,20110121,.72,.72,.685,.69,320823
TJN,20110121,.69,.69,.69,.69,3500
TKL,20110121,.255,.255,.255,.255,20000
TLG,20110121,.32,.32,.30,.30,188722
TLM,20110121,.79,.795,.785,.785,152107
TLS,20110121,2.79,2.82,2.78,2.79,37046882
TMX,20110121,.028,.028,.028,.028,118000
TNC,20110121,.003,.004,.003,.003,2650010
TNE,20110121,.99,.99,.96,.96,43500
TNG,20110121,.06,.06,.06,.06,75000
TNP,20110121,.13,.13,.115,.115,110345
TOE,20110121,.155,.155,.15,.15,2044179
TOL,20110121,5.90,5.91,5.82,5.85,2421908
TON,20110121,.14,.14,.14,.14,55000
TOX,20110121,2.33,2.36,2.26,2.30,149218
TPI,20110121,1.415,1.42,1.375,1.375,1357935
TPL,20110121,.018,.018,.018,.018,237500
TPM,20110121,1.55,1.57,1.50,1.50,620991
TPT,20110121,.26,.26,.235,.245,287500
TRF,20110121,.47,.47,.45,.465,143052
TRG,20110121,4.99,4.99,4.92,4.92,1360
TRH,20110121,.325,.325,.30,.30,426639
TRM,20110121,.26,.26,.26,.26,18905
TRO,20110121,.135,.135,.12,.12,332513
TRS,20110121,13.86,13.98,13.70,13.90,106003
TRU,20110121,6.77,6.77,6.62,6.62,1935
TRY,20110121,3.89,3.89,3.75,3.79,170787
TSE,20110121,3.17,3.20,3.11,3.17,2298550
TSI,20110121,.62,.62,.615,.615,104542
TSM,20110121,.71,.715,.705,.71,283549
TSN,20110121,.045,.045,.044,.045,1220464
TSO,20110121,.505,.515,.505,.515,152696
TSV,20110121,.023,.024,.022,.024,3084577
TTA,20110121,.05,.05,.05,.05,1201
TTI,20110121,.03,.03,.03,.03,28750
TTR,20110121,.105,.105,.10,.105,1455709
TTS,20110121,2.55,2.57,2.51,2.51,1477365
TTY,20110121,.36,.36,.345,.36,189234
TUC,20110121,.40,.40,.38,.38,368655
TVN,20110121,.012,.014,.012,.014,4017000
TWD,20110121,2.84,2.86,2.84,2.85,62489
TWO,20110121,1.54,1.55,1.50,1.50,60157
TXN,20110121,.69,.70,.685,.69,386379
TZL,20110121,.29,.29,.29,.29,16600
TZN,20110121,.45,.45,.445,.445,61000
UBI,20110121,1.58,1.58,1.52,1.52,133756
UCL,20110121,.016,.016,.015,.016,10536155
UCM,20110121,.33,.33,.33,.33,36235
UEQ,20110121,.185,.185,.175,.175,327241
UGL,20110121,14.76,14.83,14.44,14.45,864195
UML,20110121,.19,.19,.185,.19,456088
UNS,20110121,.81,.81,.79,.805,198059
UNV,20110121,.54,.60,.54,.57,5692037
UNX,20110121,.715,.715,.665,.69,1022876
URA,20110121,.038,.041,.037,.038,5595837
URM,20110121,.165,.17,.165,.17,331885
USA,20110121,.595,.61,.565,.565,764722
USN,20110121,.18,.185,.18,.185,73945
UTO,20110121,.22,.225,.22,.225,279117
UUL,20110121,.155,.155,.155,.155,6250
UXA,20110121,.058,.059,.054,.058,3476372
UXC,20110121,.47,.485,.46,.485,746096
VAP,20110121,49.65,49.65,49.65,49.65,780
VAS,20110121,61.48,61.63,60.92,61.14,27049
VBA,20110121,.44,.46,.43,.43,267166888
VEC,20110121,.11,.11,.11,.11,100000
VEU,20110121,48.80,48.84,48.65,48.65,5880
VGH,20110121,.25,.255,.25,.255,20709
VHL,20110121,.03,.03,.028,.028,125000
VIE,20110121,.19,.19,.19,.19,48310
VIL,20110121,.014,.014,.013,.013,415397
VIR,20110121,.015,.016,.015,.015,1159905
VKA,20110121,.29,.29,.29,.29,25000
VLA,20110121,.034,.034,.033,.034,537000
VMC,20110121,1.98,1.98,1.95,1.95,23800
VMG,20110121,.375,.38,.37,.38,668530
VML,20110121,.12,.125,.12,.125,789553
VMS,20110121,.505,.51,.475,.48,2183524
VMT,20110121,.06,.061,.059,.061,2872561
VOC,20110121,1.46,1.49,1.35,1.49,390470
VOR,20110121,.059,.066,.054,.055,40640544
VPE,20110121,.395,.41,.395,.41,385497
VPG,20110121,1.165,1.17,1.145,1.17,148408
VRL,20110121,2.58,2.73,2.58,2.68,915034
VSC,20110121,.26,.26,.26,.26,67194
VTA,20110121,11.17,11.18,11.13,11.14,18854
VTG,20110121,.26,.28,.26,.28,86000
VTP,20110121,.765,.80,.765,.80,18568
VTS,20110121,67.07,67.07,66.92,67.00,1082
VWM,20110121,.125,.125,.12,.125,516880
WAA,20110121,1.07,1.07,1.07,1.07,2000
WAB,20110121,.07,.07,.07,.07,100000
WAC,20110121,.30,.30,.29,.29,58125
WAF,20110121,.405,.405,.39,.40,99624
WAG,20110121,.006,.006,.006,.006,400000
WAL,20110121,.54,.54,.47,.50,971263
WAM,20110121,1.58,1.58,1.54,1.56,75600
WAN,20110121,6.35,6.36,6.26,6.26,491221
WAS,20110121,.041,.041,.04,.041,11397666
WAT,20110121,1.50,1.50,1.50,1.50,3550
WAX,20110121,.76,.765,.76,.765,33698
WBA,20110121,.55,.565,.55,.565,35067
WBB,20110121,10.44,10.46,10.37,10.45,11004
WBC,20110121,22.59,22.64,22.31,22.55,6707961
WCB,20110121,4.32,4.40,4.30,4.37,37548
WCL,20110121,.345,.35,.345,.345,17250
WCN,20110121,.155,.155,.155,.155,4000
WCP,20110121,.12,.125,.12,.12,1690213
WCR,20110121,.21,.22,.20,.21,405000
WCU,20110121,.145,.145,.14,.14,57450
WDC,20110121,9.67,9.75,9.59,9.63,11947352
WDR,20110121,.375,.375,.35,.35,674996
WDS,20110121,.655,.66,.645,.645,137730
WEB,20110121,2.50,2.50,2.48,2.49,81111
WEC,20110121,3.30,3.30,3.21,3.29,730907
WES,20110121,33.70,33.90,33.50,33.62,2909954
WFM,20110121,.18,.18,.175,.175,321259
WGO,20110121,.82,.82,.82,.82,131834
WGP,20110121,.028,.028,.027,.027,6405519
WGR,20110121,.315,.315,.315,.315,6000
WHC,20110121,7.10,7.10,6.93,7.00,845365
WHE,20110121,.455,.46,.45,.45,546162
WHF,20110121,2.95,2.95,2.95,2.95,5000
WHG,20110121,1.04,1.05,1.04,1.05,409303
WHN,20110121,.025,.027,.025,.026,20093796
WIC,20110121,1.17,1.18,1.17,1.18,19312
WIG,20110121,.95,.95,.95,.95,6000
WLF,20110121,.32,.335,.31,.315,478489
WLL,20110121,2.27,2.27,2.27,2.27,3000
WNI,20110121,.22,.22,.21,.21,20000
WNS,20110121,.02,.02,.02,.02,10000
WOR,20110121,28.50,28.68,28.10,28.28,1104524
WOW,20110121,28.00,28.13,27.39,27.47,5509016
WPG,20110121,.87,.87,.845,.85,1037038
WPI,20110121,.205,.205,.205,.205,80000
WPL,20110121,42.90,42.97,42.37,42.50,2521973
WRG,20110121,.135,.14,.135,.14,356250
WRM,20110121,.55,.56,.535,.55,42734
WRT,20110121,2.64,2.66,2.60,2.63,12506837
WSA,20110121,6.45,6.51,6.37,6.45,856248
WTF,20110121,4.44,4.47,4.36,4.42,383934
WTP,20110121,1.72,1.73,1.71,1.73,302493
WWI,20110121,.05,.05,.05,.05,100000
WWW,20110121,.11,.11,.11,.11,30000
XAF,20110121,4696.00,4696.00,4696.00,4696.00,0
XAM,20110121,74.00,74.00,68.00,69.50,654767
XAO,20110121,4886.40,4901.10,4847.10,4860.90,0
XAT,20110121,476150.00,476150.00,476150.00,476150.00,0
XBW,20110121,528.20,528.20,528.20,528.20,0
XCD,20110121,.02,.02,.02,.02,0
XDI,20110121,159620.00,159620.00,159620.00,159620.00,0
XDJ,20110121,1533.10,1543.60,1528.30,1531.70,0
XEC,20110121,1951.70,1951.70,1951.70,1951.70,0
XEJ,20110121,16388.70,16435.00,16137.00,16164.60,0
XFJ,20110121,4404.40,4434.90,4386.40,4405.20,0
XFL,20110121,4719.30,4740.20,4688.60,4707.00,0
XGD,20110121,7404.30,7404.30,7404.30,7404.30,0
XHJ,20110121,9124.20,9158.10,9007.20,9024.30,0
XIJ,20110121,648.30,652.80,626.00,628.80,0
XJO,20110121,4777.30,4795.50,4740.50,4755.70,0
XJR,20110121,579680.00,579680.00,579680.00,579680.00,0
XKO,20110121,4792.30,4809.70,4755.10,4770.30,0
XLD,20110121,965.20,965.20,965.20,965.20,0
XMD,20110121,4518.40,4531.80,4464.00,4466.00,0
XMJ,20110121,13905.90,13992.90,13714.20,13793.40,0
XMM,20110121,5016.80,5016.80,5016.80,5016.80,0
XNJ,20110121,3782.80,3808.10,3744.30,3764.00,0
XNV,20110121,395.60,395.60,395.60,395.60,0
XPJ,20110121,855.50,858.90,846.40,848.20,0
XRF,20110121,.20,.20,.20,.20,33334
XSJ,20110121,7982.70,8052.80,7936.70,7949.90,0
XSO,20110121,2922.00,2923.70,2878.30,2882.90,0
XST,20110121,.14,.14,.14,.14,18000
XTE,20110121,2.90,2.90,2.90,2.90,30000
XTJ,20110121,965.10,974.90,962.10,965.30,0
XTL,20110121,2841.60,2854.40,2825.20,2837.20,0
XTO,20110121,3877.40,3893.80,3850.20,3863.10,0
XUJ,20110121,4431.90,4458.30,4411.40,4414.40,0
XXJ,20110121,5104.70,5143.10,5085.90,5114.20,0
XXL,20110121,.08,.08,.08,.08,6000
YTC,20110121,.535,.54,.505,.53,1109004
ZGL,20110121,.215,.215,.215,.215,22874
ZGM,20110121,.115,.13,.115,.13,196502
ZIM,20110121,15.40,15.40,15.35,15.35,21805
ZNC,20110121,.325,.33,.325,.33,16700
ZRL,20110121,.026,.026,.023,.024,12028440
ZYL,20110121,.085,.094,.08,.094,7911377
