AAE,20110119,.015,.016,.015,.016,3443633
AAG,20110119,.265,.265,.265,.265,40000
AAK,20110119,.002,.002,.002,.002,300000
AAL,20110119,.025,.025,.025,.025,15000
AAM,20110119,.10,.105,.10,.105,559500
AAO,20110119,.245,.245,.245,.245,167295
AAR,20110119,.031,.031,.029,.029,1905631
AAX,20110119,3.38,3.44,3.35,3.43,540367
ABC,20110119,3.41,3.41,3.37,3.40,643912
ABP,20110119,2.25,2.25,2.21,2.23,1276286
ABU,20110119,.028,.028,.028,.028,11205296
ABV,20110119,.029,.03,.028,.029,1477820
ABY,20110119,1.32,1.35,1.315,1.35,167676
ABZ,20110119,.685,.685,.615,.65,231907
ACB,20110119,.75,.76,.73,.75,2500939
ACL,20110119,.72,.74,.695,.73,142220
ACR,20110119,3.49,3.49,3.45,3.46,254224
ACS,20110119,.315,.35,.31,.35,631438
ACZ,20110119,.18,.18,.18,.18,25000
ADD,20110119,.035,.035,.035,.035,160000
ADE,20110119,.11,.11,.11,.11,407788
ADN,20110119,.19,.19,.19,.19,59800
ADO,20110119,.079,.081,.078,.079,4622546
ADU,20110119,.835,.84,.815,.82,1312175
ADX,20110119,.105,.105,.10,.10,1906768
ADY,20110119,.035,.037,.035,.037,1634058
AEA,20110119,.645,.70,.645,.645,1518909
AEB,20110119,.23,.23,.23,.23,10000
AED,20110119,.435,.44,.435,.44,442113
AEE,20110119,.485,.52,.485,.495,1332390
AEF,20110119,27.10,27.10,27.10,27.10,400
AEI,20110119,.22,.22,.22,.22,50000
AEJ,20110119,.092,.094,.092,.094,258527
AEO,20110119,1.82,1.845,1.765,1.80,139084
AEU,20110119,.85,.89,.85,.87,143427
AEX,20110119,.018,.018,.016,.017,2907985
AEZ,20110119,.025,.025,.025,.025,602399
AFA,20110119,.10,.10,.085,.085,24900
AFI,20110119,5.00,5.04,4.99,5.00,239457
AFR,20110119,.735,.735,.71,.725,1114407
AFT,20110119,.001,.002,.001,.002,2250000
AGF,20110119,.82,.82,.80,.815,346343
AGG,20110119,8.37,8.58,8.37,8.58,1540
AGI,20110119,.275,.275,.275,.275,5113
AGJ,20110119,.19,.19,.19,.19,300
AGK,20110119,15.13,15.26,15.08,15.19,639606
AGO,20110119,3.39,3.42,3.33,3.41,5059854
AGR,20110119,.50,.56,.50,.55,146971
AGS,20110119,.455,.465,.45,.46,340754
AGU,20110119,.039,.041,.039,.04,1301378
AGV,20110119,.195,.22,.195,.22,122111
AGY,20110119,.045,.045,.043,.043,100000
AHD,20110119,5.92,6.07,5.92,6.05,17708
AHE,20110119,2.50,2.60,2.50,2.58,212359
AHN,20110119,.087,.093,.087,.093,230129
AHR,20110119,.27,.275,.265,.275,197323
AIA,20110119,1.75,1.75,1.73,1.73,175400
AII,20110119,.30,.30,.30,.30,58000
AIO,20110119,1.595,1.595,1.58,1.585,4893216
AIQ,20110119,1.10,1.10,1.095,1.10,28107
AIR,20110119,1.16,1.16,1.10,1.10,10500
AIV,20110119,.062,.062,.059,.059,375000
AIW,20110119,.076,.076,.072,.073,1823060
AIX,20110119,1.90,1.905,1.875,1.89,1257531
AIZ,20110119,1.14,1.14,1.14,1.14,30000
AJJ,20110119,.12,.12,.12,.12,1887
AJL,20110119,2.55,2.56,2.51,2.54,44949
AJM,20110119,.18,.18,.175,.175,601523
AJX,20110119,.115,.145,.115,.145,150738
AKA,20110119,.18,.18,.17,.17,114088
AKI,20110119,.40,.41,.39,.39,3352765
AKK,20110119,.031,.031,.031,.031,898427
AKM,20110119,.795,.795,.71,.75,3221805
AKW,20110119,.067,.067,.067,.067,1501
ALB,20110119,.13,.14,.13,.135,665894
ALD,20110119,.61,.625,.61,.615,755710
ALK,20110119,1.07,1.125,1.07,1.12,1687096
ALL,20110119,3.02,3.10,2.99,3.07,1743159
ALR,20110119,1.29,1.315,1.29,1.30,46000
ALS,20110119,2.75,2.88,2.73,2.80,350114
ALT,20110119,.027,.027,.025,.025,239506
ALU,20110119,.18,.18,.18,.18,148500
ALY,20110119,.585,.63,.58,.60,403344
ALZ,20110119,2.92,2.94,2.91,2.94,550039
AMA,20110119,.13,.13,.125,.13,155711
AMC,20110119,6.80,6.85,6.75,6.84,2069801
AMH,20110119,.68,.68,.68,.68,124939
AMM,20110119,.315,.32,.315,.315,585946
AMO,20110119,.38,.38,.38,.38,2700
AMP,20110119,5.14,5.15,5.08,5.09,20211666
AMU,20110119,.23,.23,.225,.225,3410154
AMX,20110119,2.83,2.97,2.80,2.97,470168
ANG,20110119,4.46,4.46,4.31,4.43,117877
ANM,20110119,.045,.045,.043,.043,509933
ANN,20110119,13.08,13.10,12.87,12.91,824938
ANP,20110119,.008,.008,.007,.007,650000
ANQ,20110119,.135,.135,.135,.135,16361
ANZ,20110119,23.04,23.29,22.85,23.24,6457187
AOA,20110119,.17,.17,.17,.17,10000
AOD,20110119,.985,.985,.985,.985,9389
AOH,20110119,.435,.435,.425,.435,353940
AOK,20110119,.115,.115,.11,.11,148800
AOM,20110119,.003,.003,.003,.003,507651
AON,20110119,.09,.09,.09,.09,134500
AOP,20110119,.01,.01,.009,.01,2268000
APA,20110119,4.14,4.17,4.10,4.16,861497
APD,20110119,.24,.24,.225,.225,20000
APE,20110119,12.80,13.14,12.80,13.14,2232
APG,20110119,.044,.045,.042,.043,2725523
APH,20110119,.38,.38,.375,.375,1766547
API,20110119,.415,.42,.415,.415,209903
APK,20110119,.515,.515,.50,.50,352319
APN,20110119,1.865,1.915,1.83,1.87,529140
APZ,20110119,.475,.48,.47,.47,509703
AQA,20110119,9.75,9.94,9.69,9.89,831416
AQC,20110119,.052,.057,.049,.055,2458498
AQD,20110119,.155,.16,.155,.16,108553
AQP,20110119,5.83,5.84,5.76,5.83,1273702
AQQ,20110119,.12,.12,.12,.12,344620
AQR,20110119,.44,.45,.435,.435,222750
ARA,20110119,.30,.30,.29,.29,3600
ARD,20110119,.185,.19,.18,.185,1357385
ARE,20110119,.13,.135,.13,.135,2665702
ARG,20110119,6.51,6.52,6.43,6.46,91963
ARH,20110119,.52,.52,.51,.51,110036
ARM,20110119,.36,.36,.33,.35,1052368
ARO,20110119,.005,.006,.005,.005,6067512
ARP,20110119,7.44,7.47,7.40,7.44,73712
ARU,20110119,1.50,1.50,1.47,1.48,2167501
ARV,20110119,.068,.069,.066,.068,1161254
ARW,20110119,.026,.027,.025,.027,2307000
ARX,20110119,.052,.053,.048,.048,53232784
ASB,20110119,3.24,3.24,3.19,3.22,76995
ASL,20110119,3.16,3.16,3.12,3.16,397692
ASW,20110119,1.15,1.18,1.15,1.15,28900
ASX,20110119,37.05,37.36,36.84,37.30,724085
ASZ,20110119,1.22,1.245,1.22,1.245,95187
ATI,20110119,1.55,1.57,1.525,1.56,216200
ATN,20110119,.031,.035,.03,.035,4250338
ATP,20110119,.105,.105,.105,.105,500
ATQ,20110119,.545,.545,.53,.535,270550
ATR,20110119,2.51,2.51,2.50,2.50,3638
ATV,20110119,.055,.056,.055,.055,240288
AUB,20110119,5.10,5.11,5.10,5.11,1928
AUC,20110119,1.50,1.52,1.44,1.50,96366
AUI,20110119,7.02,7.06,7.02,7.06,8088
AUJ,20110119,.34,.38,.34,.38,357392
AUK,20110119,.26,.27,.26,.27,55885
AUN,20110119,.98,.99,.965,.985,1080143
AUP,20110119,5.29,5.29,5.29,5.29,5000
AUQ,20110119,.47,.48,.45,.46,261009
AUT,20110119,2.68,2.68,2.55,2.57,2858826
AUZ,20110119,.034,.034,.03,.03,4809100
AVA,20110119,.26,.26,.24,.26,1416552
AVB,20110119,.17,.17,.165,.165,6355584
AVD,20110119,.011,.011,.01,.011,993086
AVG,20110119,.33,.33,.33,.33,6949
AVH,20110119,.115,.13,.115,.13,581453
AVI,20110119,.22,.22,.21,.21,592501
AVM,20110119,6.75,6.85,6.70,6.85,39947
AVO,20110119,3.21,3.27,3.19,3.26,1030202
AVQ,20110119,.03,.03,.029,.029,625000
AVX,20110119,.044,.045,.043,.045,693216
AVY,20110119,.25,.25,.25,.25,25000
AVZ,20110119,.225,.225,.22,.22,80000
AWC,20110119,2.52,2.53,2.44,2.49,16496398
AWE,20110119,1.75,1.78,1.74,1.78,2295044
AXA,20110119,6.41,6.41,6.38,6.41,12122945
AXE,20110119,.16,.16,.155,.16,109058
AXM,20110119,.027,.027,.026,.026,9398931
AXT,20110119,.14,.145,.135,.145,111839
AYA,20110119,.72,.72,.72,.72,18300
AYG,20110119,.012,.012,.012,.012,173228
AYN,20110119,.041,.043,.041,.042,9150065
AYR,20110119,.048,.049,.047,.048,847420
AYT,20110119,.265,.265,.265,.265,42000
AZH,20110119,.26,.26,.255,.255,496550
AZM,20110119,.705,.71,.685,.695,325601
AZS,20110119,.083,.095,.082,.094,1431600
AZT,20110119,8.88,9.00,8.70,8.70,231062
AZX,20110119,.55,.56,.53,.55,1534222
AZZ,20110119,.38,.385,.375,.38,2055338
BAA,20110119,.38,.40,.37,.40,85000
BAO,20110119,.053,.053,.05,.05,259344
BAR,20110119,.055,.057,.055,.056,475897
BAS,20110119,.031,.031,.03,.03,639999
BAU,20110119,.25,.27,.24,.27,5121658
BBG,20110119,8.28,8.38,8.28,8.36,576172
BCC,20110119,.061,.064,.061,.061,3823135
BCD,20110119,.025,.026,.024,.025,1692037
BCN,20110119,.014,.015,.014,.015,2175000
BDI,20110119,.022,.027,.022,.025,23372068
BDM,20110119,.15,.15,.15,.15,4077
BDR,20110119,.83,.865,.815,.86,1067526
BEC,20110119,.046,.046,.046,.046,532700
BEL,20110119,.27,.275,.27,.27,33653
BEN,20110119,9.84,9.90,9.80,9.89,1063039
BFE,20110119,.096,.096,.096,.096,4000
BFG,20110119,1.03,1.06,1.03,1.04,79425
BGD,20110119,.105,.105,.10,.10,142000
BGL,20110119,.21,.21,.21,.21,109000
BHP,20110119,45.72,46.10,45.46,46.05,8761924
BIS,20110119,.165,.165,.16,.16,16668
BIT,20110119,.11,.11,.11,.11,92450
BKI,20110119,1.255,1.26,1.25,1.26,75540
BKL,20110119,27.65,27.80,27.62,27.62,4229
BKN,20110119,9.33,9.33,9.19,9.25,699584
BKP,20110119,.019,.02,.018,.018,29920711
BKW,20110119,11.50,11.60,11.50,11.54,38604
BLD,20110119,4.98,5.03,4.96,4.99,3688642
BLG,20110119,.15,.15,.14,.14,650130
BLK,20110119,.24,.25,.24,.25,70000
BLR,20110119,.059,.061,.058,.06,2696070
BLT,20110119,.031,.038,.03,.038,20704153
BLY,20110119,4.59,4.59,4.52,4.58,5379313
BLZ,20110119,.009,.012,.009,.012,6104947
BML,20110119,.14,.145,.135,.14,633478
BMN,20110119,.88,.905,.855,.895,3293087
BMY,20110119,.295,.295,.265,.265,775850
BND,20110119,1.53,1.625,1.51,1.62,2094072
BNO,20110119,.36,.36,.355,.355,211609
BNR,20110119,.205,.205,.205,.205,156341
BOC,20110119,1.805,1.895,1.805,1.895,54289
BOE,20110119,.16,.165,.16,.165,255970
BOL,20110119,.405,.415,.405,.415,673251
BOQ,20110119,9.93,9.99,9.85,9.98,2132698
BOW,20110119,1.225,1.23,1.20,1.215,1012448
BPH,20110119,.083,.083,.081,.082,460554
BPO,20110119,.015,.015,.011,.013,18127607
BPT,20110119,.85,.865,.85,.865,3726278
BRC,20110119,.24,.25,.24,.245,113000
BRD,20110119,.007,.008,.007,.007,2145000
BRG,20110119,2.95,3.00,2.95,3.00,154963
BRM,20110119,4.86,5.06,4.86,4.95,119562
BRO,20110119,.003,.003,.003,.003,8830
BRU,20110119,.49,.49,.47,.47,310021
BRW,20110119,.095,.095,.093,.093,881948
BSA,20110119,.30,.30,.30,.30,34000
BSE,20110119,.42,.435,.41,.43,1053873
BSL,20110119,2.17,2.18,2.14,2.17,18515030
BSM,20110119,.365,.375,.365,.375,332002
BSR,20110119,.165,.165,.155,.155,471619
BTA,20110119,1.30,1.395,1.30,1.37,1230297
BTC,20110119,.15,.15,.15,.15,7466
BTN,20110119,.235,.28,.23,.26,328427
BTR,20110119,.54,.545,.53,.53,145600
BTT,20110119,2.80,2.82,2.78,2.78,78544
BTU,20110119,1.00,1.01,.925,.97,7529781
BUG,20110119,.195,.195,.18,.18,20026
BUL,20110119,.125,.125,.12,.125,1072890
BUR,20110119,.098,.098,.093,.094,2042689
BUT,20110119,.19,.21,.19,.21,1291800
BUX,20110119,.33,.335,.32,.32,161250
BUY,20110119,.053,.054,.052,.052,1893151
BWD,20110119,.24,.245,.24,.24,507045
BWP,20110119,1.79,1.795,1.775,1.795,235078
BXB,20110119,7.29,7.42,7.24,7.35,2970561
BYL,20110119,.36,.375,.36,.37,30300
BYR,20110119,.37,.42,.37,.42,1343674
BZL,20110119,.15,.15,.15,.15,20000
BZM,20110119,.39,.39,.38,.385,122231
CAA,20110119,.19,.19,.19,.19,5000
CAB,20110119,5.86,6.01,5.85,5.96,144409
CAF,20110119,1.215,1.235,1.215,1.215,70008
CAH,20110119,1.82,1.87,1.80,1.87,340065
CAP,20110119,.75,.765,.745,.745,166646
CAS,20110119,1.335,1.335,1.225,1.26,179546
CAV,20110119,.14,.14,.14,.14,5000
CAY,20110119,.55,.56,.55,.56,130258
CAZ,20110119,.37,.385,.37,.385,202401
CBA,20110119,51.52,51.88,51.29,51.76,2693221
CBB,20110119,.28,.28,.27,.27,10366
CBD,20110119,.105,.105,.10,.10,1939563
CBP,20110119,.40,.40,.40,.40,22225
CBZ,20110119,.29,.32,.285,.29,635380
CCC,20110119,.086,.086,.083,.084,38160228
CCD,20110119,1.51,1.535,1.51,1.535,3496
CCF,20110119,.115,.115,.115,.115,10000
CCL,20110119,11.39,11.60,11.38,11.55,1668112
CCP,20110119,4.35,4.50,4.34,4.36,49203
CCQ,20110119,.78,.78,.78,.78,5000
CCU,20110119,.63,.66,.63,.66,503602
CCV,20110119,.72,.765,.72,.74,898804
CCY,20110119,.081,.081,.081,.081,25000
CDA,20110119,1.49,1.49,1.455,1.455,42020
CDD,20110119,6.20,6.23,6.08,6.10,90421
CDI,20110119,.50,.505,.50,.505,656303
CDM,20110119,1.05,1.05,1.05,1.05,11000
CDT,20110119,.45,.45,.44,.44,120121
CDU,20110119,4.09,4.10,4.03,4.08,275814
CDY,20110119,.036,.04,.036,.037,14994095
CEL,20110119,.18,.185,.16,.165,4973024
CEO,20110119,.045,.053,.045,.049,35668026
CER,20110119,.24,.245,.23,.245,3639021
CES,20110119,.08,.08,.08,.08,51980
CEU,20110119,.44,.445,.435,.445,9056534
CFE,20110119,.55,.57,.55,.57,4075450
CFR,20110119,.004,.005,.004,.005,480005
CFU,20110119,.14,.145,.14,.145,1918528
CFX,20110119,1.80,1.83,1.795,1.83,15610386
CGF,20110119,4.80,4.90,4.77,4.89,1584723
CGM,20110119,.027,.027,.027,.027,150000
CGT,20110119,.054,.055,.053,.054,1545482
CGV,20110119,.054,.054,.054,.054,52500
CGX,20110119,2.68,2.77,2.67,2.75,23800
CHC,20110119,2.39,2.47,2.37,2.45,1434439
CHF,20110119,.14,.14,.135,.14,488932
CHM,20110119,.008,.008,.007,.008,1093000
CHN,20110119,.695,.695,.675,.675,179721
CHZ,20110119,1.12,1.13,1.10,1.12,803177
CIF,20110119,1.15,1.17,1.14,1.155,6561700
CIG,20110119,.008,.008,.008,.008,3409999
CIL,20110119,1.54,1.575,1.53,1.575,22838
CIN,20110119,17.50,17.50,17.20,17.20,1300
CIR,20110119,.72,.72,.70,.70,28000
CIW,20110119,.41,.41,.41,.41,28000
CJO,20110119,.17,.175,.165,.175,892540
CKK,20110119,.18,.185,.175,.18,103000
CKL,20110119,.665,.665,.65,.66,87668
CLH,20110119,.71,.71,.69,.69,18888
CLO,20110119,.795,.795,.77,.78,186393
CLQ,20110119,.08,.08,.078,.08,292000
CLR,20110119,1.66,1.79,1.65,1.79,617455
CLT,20110119,.36,.36,.34,.34,3500
CLU,20110119,.077,.077,.077,.077,66313
CLV,20110119,.38,.38,.37,.37,24500
CLY,20110119,.086,.091,.086,.091,144267
CMC,20110119,.215,.215,.21,.21,37119
CMG,20110119,.445,.445,.44,.44,49232
CMI,20110119,.87,.87,.87,.87,2564
CMJ,20110119,3.11,3.13,3.02,3.03,1581080
CMP,20110119,.16,.16,.16,.16,195282
CMW,20110119,.755,.76,.75,.76,122646
CMY,20110119,.074,.074,.069,.07,268000
CNA,20110119,129.80,129.80,128.27,129.60,3998
CNB,20110119,.65,.65,.65,.65,3652
CND,20110119,.76,.76,.75,.75,49774
CNH,20110119,.093,.095,.09,.09,20400
CNL,20110119,.405,.405,.405,.405,2255
CNN,20110119,.019,.023,.019,.019,23725451
CNP,20110119,.155,.155,.15,.155,667548
CNX,20110119,.37,.385,.37,.38,480866
COE,20110119,.39,.395,.385,.395,3366224
COF,20110119,1.02,1.03,1.01,1.02,83087
COH,20110119,79.51,80.43,79.48,80.29,163159
COI,20110119,.17,.17,.165,.17,448100
COJ,20110119,.005,.005,.005,.005,333333
COK,20110119,.535,.535,.515,.52,3205985
COO,20110119,.021,.021,.021,.021,34
COU,20110119,1.27,1.275,1.23,1.275,133302
COY,20110119,.13,.135,.13,.135,287500
COZ,20110119,.16,.16,.16,.16,2500
CPA,20110119,.83,.835,.82,.825,18107633
CPB,20110119,40.00,40.04,39.90,40.00,67019
CPI,20110119,.44,.44,.44,.44,401407
CPL,20110119,2.32,2.32,2.23,2.28,1224398
CPU,20110119,11.20,11.37,11.14,11.19,1569103
CQO,20110119,3.08,3.12,3.04,3.09,1731909
CQR,20110119,3.02,3.05,2.97,3.05,426561
CQT,20110119,.55,.56,.54,.555,611607
CRB,20110119,.39,.425,.37,.425,188266
CRC,20110119,.20,.20,.195,.20,648911
CRE,20110119,.12,.12,.115,.115,311000
CRG,20110119,9.67,9.69,9.57,9.65,470788
CRJ,20110119,.029,.029,.028,.028,1709316
CRK,20110119,.575,.575,.565,.57,85000
CRL,20110119,.055,.055,.055,.055,130000
CRM,20110119,3.00,3.00,3.00,3.00,700
CRZ,20110119,4.72,4.80,4.70,4.77,134884
CSD,20110119,.25,.28,.25,.28,1920494
CSE,20110119,.125,.125,.12,.125,241953
CSL,20110119,37.05,37.47,36.60,37.45,2026259
CSR,20110119,1.64,1.64,1.62,1.63,8402838
CSS,20110119,.10,.105,.10,.105,329851
CST,20110119,2.42,2.45,2.41,2.45,24365
CSU,20110119,.92,.92,.92,.92,35000
CSV,20110119,1.38,1.435,1.38,1.415,654146
CTD,20110119,1.72,1.77,1.70,1.77,77207
CTM,20110119,.15,.15,.145,.145,2734499
CTN,20110119,1.285,1.315,1.285,1.315,183369
CTO,20110119,.11,.11,.105,.105,1139697
CTP,20110119,.053,.053,.051,.052,3231151
CTX,20110119,13.91,14.33,13.82,14.28,494911
CUE,20110119,.315,.32,.315,.32,412520
CUL,20110119,.047,.047,.045,.045,242600
CUS,20110119,1.84,1.845,1.825,1.835,44688
CUU,20110119,.14,.14,.135,.14,68851
CUV,20110119,2.10,2.10,2.10,2.10,3140
CUX,20110119,.235,.235,.215,.22,84699
CUY,20110119,.22,.22,.22,.22,7000
CVA,20110119,.09,.09,.089,.09,91201
CVG,20110119,.062,.068,.062,.068,589280
CVN,20110119,.45,.46,.45,.46,1624645
CVR,20110119,.03,.034,.03,.034,100000
CVS,20110119,.026,.026,.025,.025,58395
CVW,20110119,.48,.48,.48,.48,10000
CVY,20110119,.28,.29,.27,.28,792877
CWE,20110119,.11,.11,.105,.105,1104396
CWH,20110119,.19,.205,.19,.205,78823
CWK,20110119,.98,1.00,.935,.935,836451
CWN,20110119,8.75,8.79,8.69,8.76,1871984
CWP,20110119,3.85,4.00,3.85,4.00,5788
CWT,20110119,.225,.23,.225,.23,54400
CXD,20110119,.24,.24,.24,.24,9400
CXM,20110119,.40,.40,.395,.40,120197
CXN,20110119,.028,.033,.026,.026,6361569
CXS,20110119,.52,.54,.52,.52,277977
CXU,20110119,.31,.32,.30,.32,137705
CXY,20110119,.046,.047,.045,.047,2804933
CYA,20110119,.77,.775,.765,.775,76728
CYG,20110119,1.99,2.00,1.99,1.99,18620
CYL,20110119,.22,.22,.22,.22,10000
CYS,20110119,.19,.19,.19,.19,15000
CYU,20110119,.315,.32,.29,.29,415357
CZA,20110119,1.74,1.75,1.73,1.745,491481
CZD,20110119,.028,.03,.028,.03,200000
DAU,20110119,.67,.67,.66,.66,48455
DCG,20110119,2.75,2.79,2.73,2.76,93464
DDD,20110119,.043,.045,.043,.045,485000
DDT,20110119,.053,.053,.052,.052,540000
DEG,20110119,.052,.052,.048,.048,1627100
DGH,20110119,.565,.565,.565,.565,20020
DGO,20110119,.10,.10,.095,.095,80000
DGR,20110119,.185,.185,.18,.18,85500
DJS,20110119,4.75,4.85,4.72,4.84,4553779
DJW,20110119,4.35,4.40,4.32,4.40,126164
DLC,20110119,.017,.019,.017,.019,376948
DLE,20110119,.22,.23,.22,.23,140000
DLS,20110119,.063,.067,.063,.067,7876309
DLX,20110119,2.75,2.80,2.75,2.79,1125811
DMA,20110119,.255,.255,.25,.255,145391
DMG,20110119,.395,.395,.39,.395,500000
DML,20110119,1.36,1.39,1.35,1.365,884789
DMP,20110119,6.10,6.30,6.10,6.30,3435
DMX,20110119,.24,.24,.24,.24,33600
DMY,20110119,.018,.018,.018,.018,50188
DOM,20110119,3.24,3.24,3.16,3.18,123700
DOW,20110119,4.59,4.66,4.57,4.65,1116594
DRA,20110119,1.69,1.695,1.655,1.69,86487
DRK,20110119,.39,.39,.385,.39,132125
DRM,20110119,1.41,1.45,1.41,1.44,53435
DRX,20110119,.095,.105,.091,.105,6323986
DSB,20110119,.955,.955,.955,.955,18500
DTE,20110119,1.165,1.185,1.165,1.18,394502
DTG,20110119,.26,.26,.26,.26,22000
DTL,20110119,12.30,12.30,12.20,12.30,7203
DTM,20110119,.062,.063,.061,.061,728200
DUE,20110119,1.695,1.72,1.685,1.715,3255042
DUI,20110119,2.98,2.98,2.96,2.96,9665
DUO,20110119,.17,.175,.165,.175,322777
DVA,20110119,.077,.077,.074,.074,162703
DVN,20110119,.28,.28,.265,.27,286523
DWS,20110119,1.43,1.43,1.415,1.425,213826
DXS,20110119,.825,.83,.82,.83,38499260
DYE,20110119,.70,.72,.70,.72,91556
DYL,20110119,.375,.385,.37,.38,3152100
EAF,20110119,.31,.33,.31,.33,63615
EAR,20110119,.19,.19,.185,.185,154250
EAU,20110119,17.25,17.39,17.07,17.39,93887
ECE,20110119,.007,.007,.006,.007,4456376
ECM,20110119,.042,.045,.041,.045,402460
ECQ,20110119,.077,.077,.077,.077,520
EDE,20110119,.125,.13,.11,.12,4350847
EDM,20110119,.012,.013,.011,.013,4050923
EDS,20110119,.028,.028,.025,.026,695980
EDT,20110119,.07,.071,.07,.071,570500
EEE,20110119,.27,.29,.27,.285,469095
EER,20110119,.315,.33,.30,.33,357682
EFE,20110119,.20,.225,.20,.20,193941
EFG,20110119,.05,.05,.05,.05,577881
EGL,20110119,.10,.10,.10,.10,2950
EGN,20110119,.19,.19,.19,.19,51500
EGO,20110119,.012,.012,.011,.012,3340920
EHL,20110119,1.09,1.10,1.085,1.095,1962982
EHR,20110119,.056,.056,.053,.053,504695
EIO,20110119,.027,.031,.027,.028,47880548
EKA,20110119,.39,.405,.39,.395,740867
ELD,20110119,.54,.54,.53,.54,1496604
ELI,20110119,.99,1.00,.99,.99,64500
ELK,20110119,.16,.16,.155,.155,187510
ELM,20110119,1.55,1.75,1.55,1.75,862268
ELT,20110119,.45,.45,.405,.405,174173
ELX,20110119,.23,.25,.23,.24,88498
EMA,20110119,.25,.25,.235,.24,60848
EME,20110119,.75,.75,.74,.74,2330
EMG,20110119,.29,.29,.28,.28,38919
EMR,20110119,.025,.025,.025,.025,1208321
EMS,20110119,.051,.051,.05,.05,282292
EMU,20110119,.14,.14,.14,.14,50000
ENB,20110119,.087,.088,.08,.08,111790
ENE,20110119,2.88,2.99,2.85,2.99,5420
ENG,20110119,.685,.685,.685,.685,1200
ENK,20110119,.36,.36,.34,.34,67222
ENR,20110119,.85,.90,.85,.90,57740
ENT,20110119,.20,.20,.195,.20,228425
ENV,20110119,.565,.58,.565,.58,1805975
ENY,20110119,16.62,16.62,16.45,16.45,1536
EOC,20110119,.37,.40,.37,.39,200837
EOS,20110119,1.45,1.47,1.45,1.46,95246
EPL,20110119,.04,.04,.04,.04,138542
EPW,20110119,1.80,1.80,1.75,1.75,76300
EPX,20110119,1.37,1.40,1.36,1.39,44420
EQF,20110119,.22,.22,.22,.22,3000
EQN,20110119,5.94,6.06,5.94,6.04,4193886
EQT,20110119,15.96,15.96,15.96,15.96,1500
EQX,20110119,3.85,4.00,3.85,3.86,380712
ERA,20110119,12.08,12.43,12.05,12.39,798166
ERH,20110119,.08,.08,.08,.08,95001
ERJ,20110119,.03,.032,.028,.032,2620896
ERL,20110119,.12,.125,.12,.125,120000
ERM,20110119,.14,.15,.14,.15,439999
ERN,20110119,.12,.125,.12,.125,32300
ERO,20110119,.041,.041,.041,.041,80538
ESG,20110119,.86,.87,.855,.865,1985338
ESI,20110119,.023,.023,.022,.022,1195000
ESM,20110119,.065,.065,.065,.065,100000
ESS,20110119,.715,.715,.715,.715,71430
ESV,20110119,.63,.63,.625,.63,133212
ESW,20110119,.071,.071,.07,.07,71428
ETE,20110119,.17,.175,.17,.175,380927
ETH,20110119,.29,.295,.285,.295,226043
EVE,20110119,.205,.215,.205,.21,3134066
EVG,20110119,.155,.155,.145,.145,1606751
EVM,20110119,.056,.056,.054,.054,75450
EVZ,20110119,.08,.08,.078,.078,131717
EWC,20110119,.57,.57,.56,.57,1087224
EXE,20110119,.225,.225,.22,.22,97940
EXG,20110119,.053,.053,.053,.053,30000
EXM,20110119,.003,.004,.003,.003,8500855
EXR,20110119,.22,.235,.20,.235,2870290
EXS,20110119,.525,.545,.525,.545,314602
EXT,20110119,9.30,9.41,9.17,9.31,560461
EYE,20110119,.075,.085,.075,.077,408625
EZE,20110119,.046,.05,.046,.048,1196095
EZL,20110119,1.60,1.60,1.59,1.59,30882
FAC,20110119,.097,.097,.097,.097,90000
FAN,20110119,2.40,2.44,2.39,2.44,9261
FAR,20110119,.125,.125,.12,.12,21524657
FAS,20110119,.052,.053,.049,.051,1267810
FBU,20110119,6.09,6.13,6.06,6.07,232471
FCN,20110119,.155,.165,.155,.165,311378
FCR,20110119,.22,.22,.205,.22,407150
FEL,20110119,.096,.115,.096,.115,217919
FFF,20110119,.062,.062,.06,.061,350000
FGE,20110119,5.45,5.48,5.44,5.45,104659
FGL,20110119,5.52,5.57,5.50,5.56,9686577
FIN,20110119,4.47,4.50,4.47,4.50,419
FIX,20110119,5.19,5.19,5.19,5.19,3088
FKP,20110119,.80,.80,.79,.795,2858012
FLK,20110119,.11,.11,.105,.105,149169
FLT,20110119,24.60,24.87,24.45,24.78,146680
FMG,20110119,7.32,7.34,7.09,7.19,17289647
FML,20110119,.055,.056,.054,.054,16539844
FMS,20110119,.20,.21,.19,.20,64507863
FND,20110119,.405,.43,.405,.43,323780
FNP,20110119,.28,.28,.28,.28,60
FNT,20110119,.155,.16,.155,.155,938564
FPA,20110119,.43,.44,.43,.43,1404435
FPG,20110119,1.20,1.20,1.20,1.20,4000
FRG,20110119,1.36,1.435,1.36,1.435,53480
FRI,20110119,1.19,1.20,1.175,1.175,179173
FRS,20110119,.99,1.01,.99,1.00,116382
FRY,20110119,.22,.22,.22,.22,25000
FSA,20110119,.32,.325,.32,.325,252000
FSE,20110119,.026,.026,.025,.026,838308
FTE,20110119,.145,.15,.14,.14,341461
FUN,20110119,.20,.20,.19,.195,217100
FUT,20110119,.001,.001,.001,.001,10000000
FWD,20110119,13.41,13.42,13.28,13.41,121790
FWL,20110119,.16,.16,.155,.155,23850
FXJ,20110119,1.395,1.395,1.38,1.39,6683189
FXL,20110119,1.41,1.415,1.365,1.39,104923
FXR,20110119,.13,.13,.12,.13,774880
FYI,20110119,.115,.115,.115,.115,46600
GAP,20110119,.23,.25,.23,.24,75400
GBA,20110119,.23,.24,.22,.225,121319
GBE,20110119,.335,.335,.325,.325,432325
GBG,20110119,1.44,1.47,1.435,1.47,6693057
GBI,20110119,.48,.53,.48,.53,25000
GBM,20110119,.023,.026,.021,.025,2967642
GBP,20110119,.185,.19,.185,.19,503988
GBT,20110119,1.04,1.06,1.04,1.06,13000
GBZ,20110119,.12,.12,.11,.115,2063662
GCG,20110119,.089,.089,.088,.088,142433
GCL,20110119,13.23,13.28,12.85,13.16,227362
GCN,20110119,.039,.039,.038,.039,1795000
GCR,20110119,.021,.021,.02,.021,2257000
GCS,20110119,1.31,1.31,1.30,1.30,15800
GCY,20110119,.095,.10,.085,.10,250305
GDA,20110119,.014,.014,.013,.014,2629263
GDN,20110119,.025,.027,.025,.026,813000
GDO,20110119,.325,.33,.315,.32,1699802
GDY,20110119,.365,.37,.365,.37,196076
GED,20110119,.135,.135,.135,.135,40000
GEM,20110119,.94,.95,.94,.94,34357
GER,20110119,.082,.085,.081,.081,278924
GES,20110119,.125,.125,.12,.12,130000
GFF,20110119,1.32,1.345,1.305,1.325,7522952
GFL,20110119,.79,.79,.79,.79,554
GGE,20110119,.007,.007,.006,.007,2093674
GGG,20110119,1.245,1.265,1.24,1.25,1250689
GGP,20110119,.014,.015,.014,.015,8289857
GGX,20110119,.08,.094,.08,.094,3210034
GHT,20110119,.098,.098,.095,.095,14800
GIA,20110119,.04,.04,.039,.04,252246
GIP,20110119,.062,.063,.057,.058,4108354
GIR,20110119,4.93,5.05,4.93,5.01,1213523
GLA,20110119,.505,.60,.48,.56,2500338
GLF,20110119,.044,.044,.041,.042,1547249
GLG,20110119,.90,.90,.90,.90,201100
GLL,20110119,.20,.205,.20,.205,234470
GLM,20110119,.04,.046,.04,.042,1210404
GLN,20110119,.027,.027,.025,.027,601222
GMD,20110119,.35,.38,.31,.38,2888244
GMG,20110119,.645,.66,.642,.65,30065603
GMI,20110119,1.32,1.325,1.315,1.325,709413
GMM,20110119,.135,.145,.135,.14,279038
GMR,20110119,.17,.17,.16,.165,748452
GMX,20110119,.165,.165,.16,.16,32000
GNC,20110119,7.45,7.67,7.36,7.58,753956
GNI,20110119,.039,.039,.039,.039,74250
GNM,20110119,.885,.915,.88,.885,790682
GNS,20110119,.615,.64,.61,.63,3693043
GOA,20110119,.035,.039,.035,.038,11529529
GOR,20110119,.35,.37,.345,.355,1416436
GOT,20110119,.56,.595,.55,.58,417618
GOW,20110119,2.39,2.39,2.39,2.39,4132
GOZ,20110119,1.90,1.93,1.90,1.93,4389
GPG,20110119,.55,.55,.545,.545,502943
GPM,20110119,.195,.195,.19,.19,670453
GPR,20110119,.37,.37,.36,.36,40000
GPT,20110119,2.94,2.96,2.92,2.93,7096059
GRG,20110119,.28,.28,.28,.28,57000
GRK,20110119,.02,.021,.019,.021,840000
GRR,20110119,.81,.915,.805,.895,13554372
GRY,20110119,1.80,1.80,1.74,1.76,756701
GSC,20110119,.12,.125,.115,.125,779463
GSE,20110119,.065,.066,.065,.065,695144
GTE,20110119,.395,.395,.36,.37,131350
GTG,20110119,.11,.135,.105,.12,4690459
GUD,20110119,10.23,10.43,10.21,10.42,135394
GUF,20110119,.72,.78,.72,.765,731913
GUN,20110119,.24,.245,.235,.235,365000
GWA,20110119,3.31,3.39,3.29,3.32,527804
GWR,20110119,.825,.85,.825,.835,173300
GXL,20110119,.72,.72,.685,.685,18750
GXY,20110119,1.76,1.76,1.67,1.675,1124299
HAO,20110119,.165,.165,.16,.16,20000
HAR,20110119,.68,.685,.66,.66,536608
HAV,20110119,.67,.67,.67,.67,5230
HAW,20110119,.008,.008,.008,.008,847500
HAZ,20110119,.21,.215,.205,.215,2960703
HCG,20110119,.051,.055,.051,.053,2285800
HCH,20110119,.54,.545,.515,.515,65739
HCT,20110119,.135,.135,.135,.135,10000
HDF,20110119,1.69,1.725,1.69,1.725,842149
HDG,20110119,.19,.19,.19,.19,10154
HEG,20110119,.086,.089,.081,.088,948639
HEM,20110119,.37,.40,.37,.40,86581
HFA,20110119,.27,.275,.265,.265,1771104
HGG,20110119,2.55,2.58,2.53,2.53,6241318
HGO,20110119,.31,.325,.305,.325,4338303
HHL,20110119,5.69,5.80,5.69,5.80,43300
HHM,20110119,.335,.335,.335,.335,6000
HHV,20110119,.84,.845,.84,.845,78264
HHY,20110119,1.25,1.25,1.245,1.245,51000
HIG,20110119,.405,.41,.40,.405,1607270
HIL,20110119,1.83,1.87,1.81,1.845,335536
HIN,20110119,2.75,2.75,2.65,2.67,30894
HIP,20110119,1.41,1.41,1.41,1.41,740
HIT,20110119,.05,.05,.05,.05,1000
HLS,20110119,.05,.05,.05,.05,16419
HLX,20110119,.16,.16,.16,.16,186000
HMC,20110119,.046,.047,.046,.047,616500
HNG,20110119,1.46,1.46,1.45,1.45,23785
HNR,20110119,.22,.23,.22,.23,1975769
HOG,20110119,.485,.54,.485,.52,3764672
HOR,20110119,.225,.225,.21,.21,250000
HRL,20110119,.053,.053,.053,.053,43264
HRR,20110119,.21,.215,.21,.21,34031
HRS,20110119,.39,.395,.385,.395,201035
HSN,20110119,.72,.745,.72,.745,16306
HST,20110119,1.035,1.035,.995,1.03,1887794
HTA,20110119,.097,.099,.096,.099,202822
HTM,20110119,.02,.025,.02,.021,812559
HTX,20110119,.067,.067,.067,.067,214000
HUM,20110119,.014,.014,.013,.013,3441373
HUN,20110119,1.40,1.41,1.36,1.375,633052
HVN,20110119,3.13,3.24,3.12,3.22,9436590
HXL,20110119,.36,.36,.36,.36,1400
HYO,20110119,.008,.008,.008,.008,150000
HZL,20110119,.455,.455,.45,.45,22222
HZN,20110119,.305,.305,.30,.30,666392
IAA,20110119,48.70,48.84,48.70,48.84,2315
IAG,20110119,3.79,3.79,3.70,3.74,4649499
IAU,20110119,1.90,1.935,1.855,1.925,2096137
IBC,20110119,.475,.475,.475,.475,12982
IBG,20110119,.285,.295,.285,.295,187030
IBK,20110119,49.95,50.14,49.95,50.14,2228
ICN,20110119,.205,.205,.195,.195,1162710
ICP,20110119,.435,.44,.42,.42,209919
ICS,20110119,.019,.019,.018,.018,454623
IDC,20110119,.195,.195,.19,.195,265000
IDG,20110119,5.90,6.00,5.90,6.00,6127
IDL,20110119,1.45,1.45,1.42,1.425,252455
IDM,20110119,.175,.18,.175,.18,852200
IDO,20110119,.44,.44,.42,.42,329309
IEF,20110119,.10,.10,.10,.10,598391
IEM,20110119,48.26,48.56,48.05,48.24,13763
IEU,20110119,40.74,40.99,40.74,40.95,593
IFE,20110119,.75,.76,.745,.76,288449
IFL,20110119,7.65,7.89,7.65,7.79,256859
IFM,20110119,.255,.26,.255,.26,159858
IFN,20110119,.505,.515,.49,.50,3715775
IFS,20110119,.04,.04,.037,.037,40000
IGO,20110119,7.56,7.70,7.43,7.62,438746
IGR,20110119,.605,.615,.565,.58,8096208
IGS,20110119,.095,.095,.085,.088,1218809
IHD,20110119,15.28,15.34,15.28,15.34,24167
IHF,20110119,.945,.945,.945,.945,26960
IHK,20110119,19.99,19.99,19.91,19.92,79
IIF,20110119,.53,.53,.525,.53,25766327
III,20110119,.145,.145,.145,.145,200000
IIN,20110119,2.82,2.82,2.69,2.75,310838
IJH,20110119,93.85,93.85,93.56,93.56,458
IJP,20110119,11.24,11.24,11.17,11.17,4058
IJR,20110119,70.92,70.93,70.40,70.50,2889
IKO,20110119,63.09,63.09,62.95,63.05,1797
ILC,20110119,20.64,20.64,20.49,20.49,1676
ILF,20110119,.089,.09,.089,.089,124866
ILU,20110119,9.00,9.06,8.86,9.02,1686719
IMA,20110119,.50,.53,.495,.53,184604
IMD,20110119,1.92,1.96,1.91,1.96,383457
IMF,20110119,1.485,1.485,1.455,1.455,94407
IMP,20110119,.11,.115,.11,.11,294142
IMU,20110119,.054,.054,.054,.054,64500
INL,20110119,.027,.03,.027,.03,5008570
INP,20110119,.125,.13,.125,.13,320000
INQ,20110119,.13,.13,.13,.13,856666
INT,20110119,.006,.007,.006,.006,4033500
IOF,20110119,.585,.595,.585,.595,9882611
IOH,20110119,2.32,2.44,2.32,2.40,515123
IOO,20110119,64.35,64.71,64.35,64.60,4891
IOZ,20110119,20.51,20.66,20.51,20.66,11444
IPL,20110119,4.40,4.41,4.27,4.37,9169898
IPP,20110119,.50,.50,.50,.50,19512
IPR,20110119,.096,.096,.09,.09,340388
IPT,20110119,.12,.125,.115,.125,195000
IPX,20110119,.13,.13,.13,.13,5700
IRC,20110119,.145,.145,.145,.145,99350
IRD,20110119,.90,.905,.845,.85,142296
IRE,20110119,8.95,9.14,8.92,9.00,417563
IRG,20110119,.013,.014,.013,.014,57316
IRI,20110119,.345,.345,.335,.34,70500
IRL,20110119,.02,.02,.02,.02,600000
IRM,20110119,.20,.20,.185,.185,185006
IRN,20110119,.92,.92,.88,.895,1301439
IRU,20110119,81.40,81.40,80.90,81.18,534
ISF,20110119,.074,.075,.073,.074,1453164
ISG,20110119,14.04,14.04,14.04,14.04,709
ISK,20110119,.017,.017,.017,.017,100000
ISO,20110119,5.31,5.34,5.31,5.33,6754
ISS,20110119,.165,.165,.16,.16,64130
ITC,20110119,.085,.085,.085,.085,862863
ITD,20110119,.068,.08,.068,.08,70000
ITS,20110119,.54,.54,.525,.525,4000
ITT,20110119,.035,.035,.035,.035,24000
ITW,20110119,15.83,15.83,15.71,15.71,1258
IVA,20110119,3.49,3.50,3.45,3.47,475675
IVC,20110119,7.55,7.55,7.46,7.49,152998
IVE,20110119,59.89,59.93,59.89,59.93,2000
IVR,20110119,.10,.105,.10,.105,263925
IVV,20110119,131.00,131.00,129.78,130.05,10008
IXI,20110119,62.50,62.50,62.30,62.30,903
IXJ,20110119,52.55,52.55,52.55,52.55,43
IXR,20110119,.75,.795,.74,.795,1037911
IZZ,20110119,45.00,45.00,44.25,44.59,2812
JAG,20110119,.033,.033,.03,.033,294109
JAL,20110119,.155,.18,.15,.17,9970757
JAT,20110119,.044,.046,.044,.046,1500000
JBH,20110119,18.90,19.60,18.89,19.55,979459
JET,20110119,.97,1.00,.97,1.00,25000
JHX,20110119,6.54,6.55,6.39,6.42,1928928
JIN,20110119,.33,.395,.33,.395,50000
JKA,20110119,.17,.17,.17,.17,45827
JML,20110119,.66,.665,.65,.66,1043097
JMS,20110119,.81,.82,.785,.80,211549
JPR,20110119,.041,.043,.041,.043,4874869
JRL,20110119,.52,.525,.515,.525,42278
JRV,20110119,.005,.005,.005,.005,2340450
JVG,20110119,.01,.014,.01,.013,7760000
KAR,20110119,7.89,8.36,7.72,8.16,1489697
KAS,20110119,.35,.355,.34,.345,998898
KAT,20110119,.83,.83,.83,.83,40000
KBC,20110119,.091,.091,.09,.09,225000
KBL,20110119,.285,.295,.285,.285,442290
KCN,20110119,10.40,10.40,10.29,10.34,366797
KDR,20110119,.23,.23,.225,.225,1053000
KEN,20110119,.055,.055,.055,.055,24000
KEY,20110119,.042,.042,.042,.042,101481
KGD,20110119,1.75,1.77,1.69,1.745,75940
KGL,20110119,.17,.175,.165,.17,3141776
KIK,20110119,.045,.045,.044,.044,519230
KIS,20110119,.235,.235,.235,.235,3000
KKT,20110119,.135,.135,.135,.135,6765
KMD,20110119,1.54,1.63,1.54,1.60,2577649
KNL,20110119,.30,.30,.27,.27,74000
KOG,20110119,.003,.003,.002,.002,267300
KOR,20110119,.325,.33,.325,.33,64987
KRB,20110119,.24,.24,.24,.24,115000
KRL,20110119,.16,.165,.155,.165,4645210
KRM,20110119,1.53,1.55,1.49,1.52,247063
KRS,20110119,.32,.32,.32,.32,10000
KSC,20110119,2.21,2.25,2.19,2.20,228675
KSO,20110119,.072,.072,.072,.072,15000
KSX,20110119,.021,.021,.02,.02,1658667
KTE,20110119,.10,.105,.097,.10,1432472
KZL,20110119,.825,.84,.815,.84,1486901
LAT,20110119,.027,.027,.027,.027,210897
LAU,20110119,.19,.19,.19,.19,66050
LBT,20110119,.068,.068,.068,.068,10000
LBY,20110119,.135,.135,.11,.12,9885977
LCM,20110119,1.58,1.58,1.455,1.455,244932
LCR,20110119,.098,.098,.098,.098,50000
LCT,20110119,.16,.165,.155,.155,420152
LCY,20110119,.086,.086,.083,.083,162545
LDW,20110119,4.89,4.94,4.88,4.94,26671
LEG,20110119,.064,.065,.064,.065,9621639
LEI,20110119,31.63,31.64,31.10,31.20,1264385
LEP,20110119,1.865,1.885,1.85,1.85,42732
LER,20110119,.13,.13,.13,.13,20000
LGD,20110119,.33,.33,.33,.33,100
LGM,20110119,.135,.135,.135,.135,3800
LGO,20110119,.008,.008,.008,.008,101875
LIN,20110119,.145,.15,.145,.15,1250
LIO,20110119,.036,.036,.036,.036,1800
LKE,20110119,.062,.062,.051,.051,30000
LKO,20110119,.006,.006,.005,.005,16118037
LLA,20110119,.031,.031,.03,.031,173089
LLC,20110119,8.95,9.07,8.89,9.04,1307610
LME,20110119,.105,.105,.10,.105,184000
LMG,20110119,.03,.03,.029,.029,2140000
LML,20110119,.205,.205,.20,.20,85000
LNC,20110119,2.70,2.75,2.68,2.75,1131754
LNG,20110119,.62,.62,.605,.61,343117
LOD,20110119,.074,.075,.074,.075,146000
LOM,20110119,.045,.048,.045,.048,3727949
LRF,20110119,1.02,1.025,1.01,1.025,45549
LRL,20110119,.35,.375,.35,.36,1486793
LRS,20110119,.20,.21,.195,.21,239600
LSA,20110119,.016,.016,.015,.015,5542073
LSN,20110119,.235,.24,.235,.235,82475
LSR,20110119,.13,.13,.12,.12,475387
LTR,20110119,.10,.10,.095,.10,33000
LWB,20110119,3.50,3.50,3.44,3.44,15306
LYC,20110119,1.95,2.02,1.94,2.02,29308302
LYL,20110119,5.31,5.40,5.26,5.40,11667
MAD,20110119,.285,.285,.28,.285,869093
MAE,20110119,.032,.034,.029,.03,20564601
MAH,20110119,.53,.53,.525,.53,872795
MAK,20110119,.505,.525,.47,.525,4166512
MAM,20110119,5.22,5.24,5.21,5.21,9421
MAN,20110119,.007,.007,.007,.007,1380045
MAP,20110119,3.03,3.07,3.02,3.06,3814012
MAQ,20110119,8.65,8.65,8.60,8.60,1208
MAT,20110119,.36,.365,.345,.345,119451
MAU,20110119,.33,.33,.33,.33,8633
MBD,20110119,.13,.13,.13,.13,40000
MBN,20110119,2.35,2.43,2.33,2.40,1462139
MBO,20110119,.085,.085,.085,.085,10500
MBT,20110119,.19,.19,.18,.18,57400
MCC,20110119,13.60,14.06,13.45,14.00,1607435
MCE,20110119,7.20,7.25,7.08,7.10,189254
MCO,20110119,.47,.48,.46,.48,161937
MCP,20110119,3.26,3.26,3.25,3.26,57504
MCR,20110119,1.92,1.98,1.91,1.97,751105
MCX,20110119,.007,.007,.007,.007,250000
MDA,20110119,.021,.022,.021,.021,8120000
MDI,20110119,.605,.62,.60,.62,114444
MDL,20110119,5.30,5.30,5.20,5.26,112003
MDO,20110119,.22,.22,.22,.22,10000
MDS,20110119,.038,.038,.036,.036,60000
MDX,20110119,.37,.37,.37,.37,2000
MEF,20110119,.90,.91,.90,.91,25500
MEI,20110119,.16,.16,.14,.15,300559
MEL,20110119,.415,.425,.415,.425,274390
MEO,20110119,.205,.21,.205,.205,3520183
MEP,20110119,.30,.305,.285,.30,331500
MES,20110119,.195,.20,.175,.20,118226
MET,20110119,.49,.51,.475,.51,442769
MEU,20110119,.091,.095,.09,.095,159857
MEY,20110119,.095,.10,.095,.096,402092
MFC,20110119,.12,.12,.12,.12,1347
MFF,20110119,.735,.74,.73,.735,192632
MFG,20110119,1.74,1.75,1.70,1.70,19403
MGO,20110119,.36,.36,.34,.345,2259485
MGR,20110119,1.305,1.32,1.295,1.32,13193353
MGX,20110119,2.28,2.38,2.24,2.31,10583233
MGY,20110119,.078,.08,.075,.076,2008895
MHC,20110119,1.20,1.39,1.18,1.39,216909
MHL,20110119,.004,.005,.004,.005,17016820
MHM,20110119,1.04,1.05,1.015,1.015,309921
MII,20110119,.115,.12,.115,.115,114334
MIK,20110119,.03,.031,.03,.03,568034
MIN,20110119,12.50,12.56,12.35,12.41,328866
MIO,20110119,1.67,1.70,1.67,1.675,140419
MIR,20110119,1.91,1.93,1.91,1.93,37376
MIX,20110119,.029,.029,.029,.029,82604
MKE,20110119,.32,.32,.30,.30,136032
MLA,20110119,.031,.031,.03,.03,702130
MLB,20110119,2.00,2.00,1.975,2.00,45532
MLC,20110119,.31,.31,.31,.31,5000
MLD,20110119,1.85,1.91,1.85,1.88,55132
MLI,20110119,.095,.095,.095,.095,50350
MLM,20110119,.28,.335,.28,.32,1026281
MLS,20110119,.037,.047,.037,.046,14532993
MLT,20110119,16.15,16.18,16.11,16.15,55109
MLX,20110119,.32,.325,.315,.325,611243
MML,20110119,7.55,7.75,7.48,7.72,854281
MMR,20110119,.39,.41,.37,.41,946683
MMS,20110119,8.40,8.40,8.32,8.39,20251
MMW,20110119,.585,.585,.57,.57,25400
MMX,20110119,1.39,1.46,1.385,1.445,4564938
MMZ,20110119,.012,.012,.012,.012,537461
MNB,20110119,.55,.55,.53,.54,387888
MNC,20110119,.46,.475,.46,.47,3904147
MND,20110119,18.98,19.17,18.81,19.17,170862
MNF,20110119,.285,.285,.285,.285,2000
MNM,20110119,.17,.21,.16,.21,11842496
MNZ,20110119,.053,.053,.053,.053,12006
MOC,20110119,1.33,1.345,1.33,1.345,52621
MOD,20110119,.155,.16,.15,.155,563000
MOG,20110119,.058,.058,.055,.056,616000
MOL,20110119,1.09,1.09,1.005,1.055,4241287
MOO,20110119,.015,.015,.014,.014,486000
MOT,20110119,.099,.099,.095,.095,407250
MOV,20110119,.051,.051,.05,.05,1161140
MOX,20110119,.07,.07,.068,.068,451543
MOY,20110119,.044,.046,.043,.045,3891260
MPJ,20110119,.048,.052,.048,.052,300000
MPO,20110119,1.01,1.02,1.00,1.01,289142
MPS,20110119,.11,.115,.11,.11,260867
MQA,20110119,1.54,1.54,1.50,1.51,257078
MQG,20110119,40.74,41.65,40.05,41.38,1878229
MRE,20110119,.93,.95,.93,.95,1182071
MRM,20110119,3.15,3.17,3.13,3.17,237592
MRP,20110119,.37,.37,.35,.365,824832
MRU,20110119,7.82,8.03,7.82,7.94,333210
MSB,20110119,5.70,5.74,5.61,5.68,389931
MSF,20110119,3.31,3.31,3.28,3.30,128412
MSR,20110119,.315,.32,.30,.305,620438
MST,20110119,.009,.009,.009,.009,152888
MTB,20110119,.017,.017,.017,.017,361180
MTE,20110119,.30,.305,.29,.29,604000
MTH,20110119,.175,.22,.175,.21,2696006
MTI,20110119,.003,.003,.003,.003,27406
MTN,20110119,.50,.50,.50,.50,131000
MTS,20110119,4.26,4.30,4.25,4.30,2641265
MTU,20110119,3.16,3.19,3.12,3.16,101194
MUE,20110119,.20,.20,.195,.195,170385
MUI,20110119,.022,.024,.021,.022,10447820
MUM,20110119,.135,.135,.135,.135,545305
MUN,20110119,.19,.20,.185,.185,2331010
MUX,20110119,.91,.91,.90,.90,32250
MVP,20110119,.39,.39,.39,.39,5500
MWG,20110119,1.33,1.33,1.33,1.33,15208
MWN,20110119,.14,.14,.14,.14,100000
MWR,20110119,.007,.007,.007,.007,693069
MXI,20110119,.275,.275,.265,.27,65553
MXQ,20110119,.15,.15,.15,.15,875000
MXR,20110119,.022,.023,.022,.023,455000
MYA,20110119,.195,.195,.195,.195,25000
MYE,20110119,1.55,1.55,1.51,1.51,14627
MYG,20110119,.15,.15,.14,.145,6092643
MYR,20110119,3.64,3.70,3.60,3.69,2632505
MYS,20110119,3.72,3.72,3.71,3.71,6579
MYX,20110119,.82,.82,.82,.82,169240
MZI,20110119,.015,.015,.015,.015,1500000
NAB,20110119,24.30,24.50,24.22,24.40,4018647
NAD,20110119,.028,.028,.028,.028,573160
NAM,20110119,.475,.475,.475,.475,2000
NAN,20110119,.85,.865,.85,.865,149000
NAV,20110119,.235,.235,.21,.215,4166768
NBL,20110119,1.04,1.04,1.04,1.04,4800
NBS,20110119,.098,.098,.095,.095,539402
NCK,20110119,1.88,1.90,1.88,1.90,8000
NCM,20110119,38.05,38.19,37.76,38.13,3594345
NCR,20110119,.57,.615,.55,.60,1166066
NDL,20110119,.059,.065,.059,.06,1621921
NDO,20110119,.11,.11,.105,.11,2876192
NEC,20110119,1.65,1.70,1.62,1.65,731351
NEN,20110119,.21,.22,.20,.21,8447450
NEU,20110119,.019,.019,.018,.018,800000
NFE,20110119,1.905,1.93,1.90,1.925,489228
NFK,20110119,1.25,1.26,1.25,1.25,17390
NGE,20110119,.155,.175,.15,.17,7410319
NGF,20110119,.195,.20,.195,.195,280032
NHC,20110119,4.93,4.97,4.91,4.96,172612
NHF,20110119,1.275,1.285,1.275,1.28,478320
NIO,20110119,.025,.025,.025,.025,47002
NLG,20110119,.007,.007,.007,.007,71500
NMG,20110119,.70,.70,.655,.655,1322342
NMI,20110119,.071,.073,.071,.073,642000
NMR,20110119,.053,.053,.05,.05,221111
NOD,20110119,.165,.165,.155,.16,1428665
NOE,20110119,.27,.275,.265,.275,4669000
NRL,20110119,.044,.054,.044,.054,20366716
NRT,20110119,.12,.12,.12,.12,86816
NRU,20110119,.096,.105,.095,.105,7874683
NSE,20110119,.235,.245,.235,.245,424992
NSL,20110119,.063,.065,.063,.065,70000
NST,20110119,.355,.355,.34,.345,1035220
NTC,20110119,.24,.24,.235,.235,125000
NTU,20110119,.53,.615,.525,.60,2306071
NUF,20110119,5.26,5.33,5.15,5.29,817119
NUP,20110119,.052,.052,.052,.052,130000
NVT,20110119,3.77,3.77,3.73,3.76,636426
NWE,20110119,.057,.057,.053,.054,4008567
NWH,20110119,2.35,2.40,2.33,2.35,637939
NWR,20110119,.165,.165,.15,.165,339200
NWS,20110119,16.10,16.25,16.10,16.23,1059076
NWT,20110119,.007,.008,.007,.007,16061193
NXS,20110119,.43,.43,.415,.425,3788147
NXT,20110119,1.75,1.75,1.685,1.75,122598
NYO,20110119,.48,.485,.46,.465,470333
NZO,20110119,.68,.68,.68,.68,292483
OAK,20110119,.30,.315,.29,.315,170109
OBJ,20110119,.024,.025,.024,.025,5943223
OBL,20110119,.033,.033,.031,.032,965945
OCP,20110119,1.25,1.25,1.25,1.25,6000
ODG,20110119,.04,.04,.04,.04,3000
ODN,20110119,.013,.013,.013,.013,80000
ODY,20110119,.086,.09,.072,.09,792780
OEC,20110119,.34,.375,.34,.375,117679
OEL,20110119,.098,.098,.095,.095,1227300
OEX,20110119,.495,.50,.485,.49,343321
OFG,20110119,.67,.70,.67,.70,31806
OGC,20110119,3.00,3.04,2.94,3.03,1707883
OGL,20110119,.185,.185,.18,.18,275000
OIL,20110119,.06,.063,.055,.063,52631
OKJ,20110119,.31,.32,.31,.32,35000
OKL,20110119,.265,.265,.265,.265,20000
OKN,20110119,2.25,2.31,2.25,2.30,52062
OKU,20110119,.062,.062,.056,.057,1687911
OLE,20110119,.004,.004,.003,.003,600000
OMH,20110119,1.53,1.56,1.51,1.53,620373
OMI,20110119,.008,.009,.008,.008,9584500
OMX,20110119,.034,.035,.034,.035,204285
ONC,20110119,.15,.155,.15,.155,12924
ONT,20110119,4.01,4.01,3.98,3.98,3139
OOH,20110119,.25,.25,.24,.24,23223
ORD,20110119,.054,.054,.052,.054,1258000
ORE,20110119,3.86,3.90,3.76,3.79,136244
ORG,20110119,16.60,16.73,16.55,16.70,1870582
ORI,20110119,25.26,25.56,25.15,25.51,1107399
ORL,20110119,8.73,8.78,8.71,8.75,45184
ORM,20110119,.185,.20,.175,.20,509174
ORN,20110119,.023,.023,.022,.022,296944
ORO,20110119,.007,.007,.007,.007,6563204
ORS,20110119,.22,.22,.22,.22,305000
ORX,20110119,.195,.195,.195,.195,8000
OSH,20110119,6.96,7.00,6.91,6.95,2251539
OST,20110119,2.83,2.90,2.78,2.87,23534563
OUM,20110119,.032,.033,.032,.033,209893
OVR,20110119,.265,.285,.255,.285,564186
OXX,20110119,.48,.48,.48,.48,1500
OYM,20110119,.475,.475,.475,.475,48517
OZG,20110119,.185,.185,.185,.185,52426
OZL,20110119,1.72,1.78,1.71,1.78,26476814
PAA,20110119,.02,.02,.019,.019,800000
PAB,20110119,.096,.096,.096,.096,23000
PAG,20110119,1.375,1.375,1.35,1.35,16947
PAN,20110119,2.46,2.49,2.43,2.46,574261
PAX,20110119,.07,.074,.07,.074,410373
PBD,20110119,.099,.099,.099,.099,20000
PBG,20110119,.995,1.04,.985,1.03,11188652
PBP,20110119,.645,.645,.635,.64,96590
PBT,20110119,.14,.14,.13,.13,13000
PCC,20110119,.014,.015,.014,.015,815000
PCL,20110119,.05,.057,.05,.057,8352340
PCP,20110119,.115,.115,.115,.115,104373
PDI,20110119,.27,.275,.27,.275,47997
PDM,20110119,.04,.04,.04,.04,313334
PDN,20110119,5.49,5.61,5.46,5.57,4907267
PDY,20110119,.029,.029,.027,.028,4620545
PEA,20110119,.375,.38,.375,.38,28004
PEK,20110119,.585,.60,.585,.59,576333
PEL,20110119,.11,.115,.105,.115,901832
PEM,20110119,.60,.62,.595,.62,684867
PEN,20110119,.098,.105,.097,.10,37308255
PET,20110119,.78,.78,.78,.78,1082
PEX,20110119,.08,.09,.08,.09,254572
PFG,20110119,.175,.175,.17,.175,44161
PFL,20110119,1.34,1.34,1.33,1.335,73985
PGA,20110119,.086,.086,.083,.085,860173
PGC,20110119,.032,.032,.032,.032,60000
PGL,20110119,.335,.335,.33,.33,39782
PGM,20110119,.535,.585,.535,.57,663067
PGS,20110119,.068,.071,.067,.071,779202
PHG,20110119,.036,.036,.036,.036,44500
PIE,20110119,.023,.024,.022,.023,1900000
PIO,20110119,.056,.056,.054,.054,1682308
PIR,20110119,.65,.65,.635,.65,344821
PLA,20110119,.775,.865,.775,.855,6066784
PLB,20110119,.475,.475,.475,.475,14600
PLS,20110119,.079,.079,.07,.07,131266
PLV,20110119,1.20,1.205,1.12,1.125,1424531
PMC,20110119,1.435,1.44,1.425,1.44,63221
PME,20110119,.54,.54,.54,.54,12000
PMP,20110119,.91,.91,.885,.895,19428
PMV,20110119,6.00,6.36,5.95,6.33,128468
PNA,20110119,.885,.89,.87,.89,9101173
PNE,20110119,.195,.20,.195,.20,120250
PNN,20110119,.29,.32,.285,.31,394425
PNO,20110119,.009,.009,.009,.009,4766094
PNR,20110119,.38,.38,.36,.36,198300
PNX,20110119,.36,.36,.345,.345,51561
POH,20110119,.135,.14,.135,.135,770637
POS,20110119,.25,.25,.24,.245,569000
POZ,20110119,.11,.115,.105,.115,425227
PPC,20110119,1.98,1.98,1.98,1.98,12000
PPG,20110119,.295,.30,.295,.30,10000
PPP,20110119,.17,.17,.17,.17,268862
PPS,20110119,.23,.23,.22,.22,188441
PPT,20110119,32.00,32.09,31.85,32.00,142422
PPX,20110119,.475,.49,.475,.49,1500996
PRA,20110119,.55,.55,.515,.525,82418
PRE,20110119,.01,.01,.01,.01,50000
PRG,20110119,1.64,1.66,1.64,1.64,235287
PRO,20110119,.32,.32,.305,.305,21000
PRR,20110119,.26,.26,.24,.245,19246272
PRT,20110119,.67,.67,.67,.67,13572
PRU,20110119,3.09,3.15,3.05,3.12,1736985
PRW,20110119,.074,.076,.072,.076,4785756
PRY,20110119,3.90,3.90,3.83,3.86,2230341
PSA,20110119,.16,.16,.16,.16,127250
PSF,20110119,.22,.235,.215,.235,1289227
PSH,20110119,.35,.36,.345,.355,45250
PSP,20110119,.155,.155,.15,.15,435532
PSY,20110119,.065,.065,.065,.065,405728
PTM,20110119,4.94,5.00,4.90,4.99,206132
PTR,20110119,.11,.11,.11,.11,103500
PTS,20110119,.125,.13,.125,.13,40000
PUN,20110119,.29,.29,.28,.285,32000
PVE,20110119,.25,.255,.25,.25,82501
PVM,20110119,.66,.66,.65,.655,421000
PXG,20110119,.185,.185,.18,.18,45000
PXR,20110119,.049,.049,.045,.045,1020000
PXS,20110119,2.95,3.00,2.90,2.95,229483
PYC,20110119,.074,.076,.072,.072,406295
PYM,20110119,.195,.23,.195,.22,513089
QAN,20110119,2.48,2.49,2.45,2.47,11489343
QBE,20110119,18.23,18.44,18.12,18.34,2088693
QFN,20110119,8.05,8.05,8.05,8.05,12400
QFX,20110119,.039,.04,.038,.038,1104545
QHL,20110119,.39,.395,.38,.39,285058
QML,20110119,.205,.205,.205,.205,50000
QMN,20110119,.13,.135,.13,.13,2603079
QNL,20110119,.04,.04,.04,.04,225400
QPN,20110119,.015,.015,.015,.015,8074995
QRE,20110119,8.15,8.15,8.15,8.15,250
QRN,20110119,2.72,2.79,2.72,2.79,1879474
QRX,20110119,1.38,1.38,1.36,1.36,56000
QSS,20110119,.045,.048,.045,.048,95000
QTM,20110119,.077,.077,.075,.075,10000
QUB,20110119,1.28,1.33,1.28,1.29,1147571
QUR,20110119,.02,.02,.02,.02,500000
RAD,20110119,.30,.31,.235,.235,3153896
RAI,20110119,.25,.26,.24,.26,268404
RAU,20110119,.01,.01,.009,.009,1479000
RAW,20110119,.10,.10,.097,.097,120000
RBR,20110119,.051,.052,.05,.05,490000
RBX,20110119,.032,.032,.032,.032,50000
RCG,20110119,.635,.635,.635,.635,6000
RCI,20110119,.19,.19,.185,.185,237375
RCM,20110119,.055,.055,.055,.055,300000
RCO,20110119,.44,.445,.44,.445,142367
RCP,20110119,.033,.035,.032,.035,4491465
RCR,20110119,1.38,1.41,1.38,1.40,331929
RCT,20110119,1.76,1.76,1.71,1.71,1940
RCU,20110119,.068,.07,.068,.068,951483
RCY,20110119,.009,.01,.009,.009,2010912
RDF,20110119,2.40,2.40,2.38,2.38,10000
RDM,20110119,.25,.25,.23,.23,140877
RDR,20110119,.705,.72,.70,.715,767901
RDS,20110119,.42,.44,.42,.44,29607
RDV,20110119,25.52,25.73,25.52,25.69,196487
REA,20110119,11.97,11.99,11.90,11.97,9224
RED,20110119,.195,.20,.19,.195,3411806
REF,20110119,.072,.072,.072,.072,37500
REH,20110119,22.00,22.00,22.00,22.00,290
RER,20110119,.022,.022,.019,.021,8916100
RES,20110119,.69,.69,.65,.65,1890108
REX,20110119,1.17,1.18,1.165,1.18,13775
REY,20110119,.39,.40,.38,.38,1218093
REZ,20110119,.11,.11,.10,.10,25000
RFE,20110119,.395,.395,.385,.385,341573
RFG,20110119,2.70,2.72,2.70,2.72,91283
RFL,20110119,.059,.059,.058,.058,174675
RFX,20110119,1.54,1.55,1.53,1.54,206440
RGM,20110119,.096,.096,.096,.096,360
RHC,20110119,17.90,18.00,17.75,17.94,212947
RHD,20110119,.755,.755,.75,.75,702090
RHG,20110119,.96,.99,.96,.99,200848
RHL,20110119,2.90,2.90,2.87,2.87,21356
RHM,20110119,.47,.48,.45,.46,285174
RIA,20110119,.78,.80,.78,.79,765195
RIC,20110119,1.245,1.25,1.235,1.24,667973
RIM,20110119,.055,.056,.051,.052,868644
RIO,20110119,87.20,87.75,86.51,87.62,1885558
RIS,20110119,.08,.08,.08,.08,15000
RIV,20110119,16.35,16.44,16.32,16.38,844848
RKN,20110119,2.38,2.40,2.38,2.39,47468
RLA,20110119,.017,.017,.017,.017,200000
RMC,20110119,.17,.17,.17,.17,106742
RMD,20110119,3.30,3.33,3.28,3.31,7831248
RMI,20110119,.007,.007,.006,.007,1966500
RMP,20110119,.24,.24,.23,.235,1005769
RMR,20110119,.025,.026,.024,.024,1921891
RMS,20110119,.975,1.02,.975,1.00,1271734
RND,20110119,.68,.69,.68,.69,19234
RNG,20110119,.016,.017,.016,.016,3279382
RNI,20110119,1.115,1.14,1.115,1.13,374728
RNS,20110119,.37,.39,.37,.39,142500
RNU,20110119,.28,.28,.26,.26,123000
RNY,20110119,.115,.115,.115,.115,91381
ROC,20110119,.39,.39,.38,.39,2430019
ROG,20110119,.022,.022,.021,.021,1096300
ROK,20110119,2.63,2.63,2.63,2.63,4152
ROL,20110119,1.70,1.73,1.665,1.72,173252
ROY,20110119,.22,.235,.22,.23,1110549
RPF,20110119,.089,.092,.089,.092,54000
RPX,20110119,1.655,1.66,1.655,1.655,114922
RQL,20110119,.645,.67,.63,.665,423468
RRE,20110119,.15,.15,.15,.15,13500
RRL,20110119,2.18,2.25,2.16,2.24,826277
RRP,20110119,.11,.11,.11,.11,19666
RRS,20110119,.15,.15,.14,.145,2637714
RSG,20110119,1.485,1.53,1.48,1.525,6843243
RSN,20110119,.005,.005,.004,.004,1929008
RSR,20110119,6.01,6.02,6.01,6.01,2003
RUB,20110119,.05,.05,.05,.05,3200
RUL,20110119,.53,.54,.53,.54,49243
RUM,20110119,.315,.335,.31,.32,815860
RVA,20110119,1.29,1.29,1.26,1.27,110703
RVR,20110119,.13,.13,.13,.13,6000
RWD,20110119,.455,.455,.445,.45,55731
RXL,20110119,.063,.064,.06,.063,2838584
RXM,20110119,2.95,3.12,2.92,3.10,782404
SAI,20110119,4.73,4.76,4.69,4.75,104005
SAR,20110119,.775,.80,.775,.79,1282120
SAU,20110119,.076,.078,.076,.076,1467912
SAV,20110119,.09,.095,.09,.095,36601
SAY,20110119,.095,.10,.095,.095,495040
SBI,20110119,.04,.04,.04,.04,8000
SBL,20110119,.032,.032,.031,.031,7624735
SBM,20110119,1.955,2.02,1.945,1.97,3095930
SBN,20110119,.002,.002,.001,.001,1980050
SBR,20110119,.18,.18,.175,.18,371385
SCC,20110119,.47,.47,.47,.47,4400
SCD,20110119,.37,.37,.37,.37,6750
SCR,20110119,.48,.50,.45,.50,309817
SDG,20110119,.765,.775,.765,.775,62993
SDI,20110119,.185,.185,.185,.185,5000
SDL,20110119,.55,.55,.53,.535,21418734
SDM,20110119,2.16,2.19,2.15,2.18,461347
SEA,20110119,.86,.88,.83,.835,2381261
SEG,20110119,.026,.027,.025,.027,2000000
SEH,20110119,.063,.066,.062,.063,1134131
SEK,20110119,6.70,6.80,6.68,6.80,1043612
SEN,20110119,.03,.031,.03,.031,251496
SEO,20110119,.24,.24,.24,.24,20000
SER,20110119,.195,.195,.17,.175,4817969
SFC,20110119,4.24,4.24,4.24,4.24,650
SFH,20110119,1.17,1.195,1.165,1.175,233292
SFN,20110119,.009,.009,.009,.009,10000
SFR,20110119,7.70,7.77,7.64,7.70,282579
SFX,20110119,.30,.30,.30,.30,90354
SFY,20110119,45.51,46.22,45.51,46.19,9315
SFZ,20110119,.315,.32,.305,.305,291500
SGH,20110119,2.10,2.10,2.05,2.05,162093
SGM,20110119,20.77,21.14,20.74,21.13,682366
SGN,20110119,1.125,1.145,1.125,1.13,170558
SGP,20110119,3.74,3.77,3.70,3.76,6883923
SGQ,20110119,.19,.19,.19,.19,2500
SGT,20110119,2.40,2.42,2.37,2.38,803558
SGY,20110119,.07,.07,.07,.07,1044000
SGZ,20110119,.065,.067,.065,.067,79786
SHC,20110119,.034,.034,.034,.034,38183
SHD,20110119,.215,.22,.21,.22,181518
SHE,20110119,.15,.165,.15,.155,3274824
SHH,20110119,.12,.22,.12,.20,562514
SHL,20110119,12.30,12.41,12.20,12.38,1273469
SHV,20110119,3.37,3.40,3.35,3.39,46626
SIH,20110119,.24,.245,.24,.245,1154450
SIP,20110119,.46,.47,.46,.465,5612090
SIR,20110119,.30,.305,.29,.295,610596
SIV,20110119,3.87,3.88,3.87,3.88,8906
SKE,20110119,1.74,1.775,1.74,1.775,604987
SKI,20110119,1.13,1.145,1.125,1.145,6129344
SLA,20110119,.13,.13,.125,.13,272552
SLF,20110119,7.95,7.95,7.88,7.95,89211
SLM,20110119,4.61,4.70,4.50,4.70,49604
SLR,20110119,2.12,2.19,2.10,2.19,1138351
SLT,20110119,.009,.011,.009,.011,46550086
SLV,20110119,.84,.84,.81,.81,114609
SLX,20110119,5.60,5.65,5.58,5.63,55288
SMA,20110119,.038,.039,.037,.038,2277951
SMC,20110119,.04,.04,.04,.04,445000
SMD,20110119,.17,.17,.17,.17,171084
SMM,20110119,3.71,3.80,3.71,3.80,28369
SMN,20110119,.009,.01,.009,.01,350000
SMR,20110119,1.465,1.49,1.42,1.45,125093
SMX,20110119,6.62,6.76,6.62,6.74,98806
SND,20110119,.56,.56,.555,.555,2927
SNR,20110119,.03,.03,.03,.03,200000
SOE,20110119,.09,.09,.089,.089,173938
SOL,20110119,12.47,12.50,12.40,12.42,46181
SOM,20110119,.94,.95,.94,.95,41466
SOO,20110119,.125,.125,.125,.125,5000
SPH,20110119,3.00,3.00,3.00,3.00,500
SPI,20110119,.105,.105,.10,.10,300000
SPL,20110119,.84,.845,.835,.84,119305
SPM,20110119,.435,.44,.425,.44,610139
SPN,20110119,.90,.90,.885,.895,3902710
SPT,20110119,2.17,2.20,2.16,2.19,535303
SRA,20110119,.004,.004,.004,.004,500000
SRE,20110119,.033,.033,.032,.033,307010
SRH,20110119,.30,.31,.30,.31,33500
SRI,20110119,.091,.092,.09,.09,2080238
SRK,20110119,.445,.445,.44,.44,3000
SRL,20110119,2.36,2.38,2.36,2.37,651468
SRM,20110119,.39,.39,.38,.385,341979
SRR,20110119,.22,.22,.21,.215,401079
SRV,20110119,3.26,3.30,3.26,3.30,4507
SRX,20110119,5.94,5.94,5.87,5.94,1536
SRZ,20110119,.15,.16,.145,.16,83550
SSC,20110119,.014,.015,.013,.014,28765118
SSM,20110119,.65,.655,.645,.65,448292
SSN,20110119,.11,.115,.105,.11,40788333
SST,20110119,27.20,27.20,27.10,27.10,128
STB,20110119,4.16,4.20,4.00,4.17,1630705
STI,20110119,.008,.009,.008,.008,23019343
STO,20110119,13.92,14.03,13.85,13.94,3512913
STP,20110119,1.845,1.845,1.845,1.845,2849
STS,20110119,.89,.89,.89,.89,13285
STU,20110119,.65,.65,.62,.65,26983
STW,20110119,45.16,45.50,45.03,45.49,268399
STX,20110119,.20,.215,.20,.21,485238
STZ,20110119,.033,.033,.029,.029,512967
SUH,20110119,.58,.58,.57,.575,311146
SUL,20110119,6.40,6.69,6.40,6.67,144742
SUM,20110119,.225,.225,.21,.215,420500
SUN,20110119,8.37,8.45,8.30,8.42,2364599
SUR,20110119,.089,.099,.089,.098,6223995
SVL,20110119,.25,.255,.245,.25,176000
SVM,20110119,.48,.51,.48,.50,162500
SVW,20110119,9.10,9.24,8.81,9.10,244418
SWK,20110119,.475,.485,.475,.485,432810
SWL,20110119,2.36,2.42,2.16,2.29,201412
SWN,20110119,.26,.275,.255,.255,10583
SWR,20110119,.41,.41,.40,.40,176780
SXG,20110119,.071,.072,.071,.072,9522
SXL,20110119,2.13,2.14,2.10,2.14,1855515
SXR,20110119,.48,.48,.48,.48,10000
SXX,20110119,.034,.034,.034,.034,28000
SYI,20110119,24.80,24.93,24.76,24.93,1644
SYL,20110119,3.30,3.30,3.30,3.30,6500
SYM,20110119,.54,.555,.54,.555,130000
SYP,20110119,.019,.02,.019,.02,1078000
SYR,20110119,.11,.11,.11,.11,34000
SYS,20110119,.028,.035,.028,.029,34437306
TAG,20110119,.135,.135,.135,.135,35500
TAH,20110119,7.00,7.07,6.98,7.04,4157712
TAL,20110119,3.91,3.92,3.91,3.92,12481519
TAM,20110119,.94,.995,.94,.99,458991
TAS,20110119,.13,.13,.125,.13,308750
TAW,20110119,.046,.048,.045,.048,3228592
TBR,20110119,2.20,2.20,2.20,2.20,13500
TCL,20110119,5.18,5.21,5.13,5.19,2214972
TCM,20110119,.265,.265,.265,.265,50000
TCN,20110119,.036,.036,.035,.035,350000
TCQ,20110119,.11,.11,.105,.11,94829
TDO,20110119,.255,.26,.25,.25,210000
TEG,20110119,.077,.077,.066,.073,1889805
TEL,20110119,1.76,1.765,1.72,1.755,5278423
TEN,20110119,1.45,1.475,1.44,1.47,16980074
TEO,20110119,.025,.025,.025,.025,1200000
TEX,20110119,.073,.086,.073,.08,7640206
TEY,20110119,.08,.08,.08,.08,18750
TFC,20110119,.98,.98,.96,.96,79630
TGA,20110119,1.97,2.05,1.965,2.01,276442
TGG,20110119,.82,.825,.815,.82,120698
TGP,20110119,1.17,1.18,1.145,1.145,26500
TGR,20110119,1.71,1.71,1.69,1.70,137410
TGS,20110119,.53,.58,.53,.55,3610484
TGZ,20110119,2.73,2.75,2.67,2.75,571629
THG,20110119,.535,.535,.525,.53,93181
THO,20110119,.28,.295,.28,.295,70790
THR,20110119,.044,.044,.043,.043,375000
THX,20110119,.60,.62,.60,.62,489033
TIS,20110119,.73,.735,.72,.735,148096
TKL,20110119,.25,.25,.25,.25,75000
TLM,20110119,.775,.80,.775,.79,703853
TLS,20110119,2.84,2.84,2.81,2.81,35682737
TMX,20110119,.028,.028,.028,.028,50000
TMZ,20110119,.245,.25,.245,.25,14000
TNC,20110119,.003,.004,.003,.003,5700000
TNE,20110119,.985,.995,.985,.995,10800
TNG,20110119,.053,.055,.053,.055,221542
TNP,20110119,.135,.135,.135,.135,59000
TOE,20110119,.155,.16,.15,.16,1445594
TOL,20110119,5.98,5.99,5.92,5.95,3004795
TON,20110119,.145,.145,.145,.145,15000
TOX,20110119,2.39,2.39,2.33,2.34,49454
TPC,20110119,.068,.068,.068,.068,150000
TPI,20110119,1.46,1.47,1.44,1.45,2159254
TPL,20110119,.018,.018,.017,.017,412500
TPM,20110119,1.58,1.595,1.565,1.585,430172
TPT,20110119,.24,.24,.235,.235,113000
TQH,20110119,.078,.078,.078,.078,37700
TRF,20110119,.42,.44,.42,.435,248245
TRG,20110119,4.92,4.95,4.92,4.95,16982
TRH,20110119,.35,.35,.33,.33,415016
TRM,20110119,.265,.265,.265,.265,5000
TRO,20110119,.145,.145,.145,.145,606500
TRS,20110119,13.51,13.73,13.50,13.73,60766
TRU,20110119,6.68,6.85,6.62,6.80,15870
TRY,20110119,4.00,4.00,3.91,3.95,82058
TSE,20110119,3.21,3.25,3.21,3.23,1211479
TSI,20110119,.62,.625,.62,.625,496132
TSM,20110119,.70,.71,.70,.70,82971
TSN,20110119,.046,.048,.044,.045,5727999
TSO,20110119,.495,.53,.495,.53,1066616
TSV,20110119,.023,.025,.023,.024,13481500
TTI,20110119,.03,.03,.03,.03,4000
TTR,20110119,.115,.12,.105,.11,1279916
TTS,20110119,2.54,2.57,2.53,2.56,2136510
TTV,20110119,.03,.03,.03,.03,626205
TTY,20110119,.35,.365,.35,.365,385253
TUC,20110119,.365,.395,.365,.38,737930
TVN,20110119,.012,.016,.012,.012,20422659
TWD,20110119,2.85,2.85,2.80,2.80,35992
TWO,20110119,1.53,1.55,1.53,1.55,12000
TWR,20110119,1.54,1.54,1.535,1.535,158931
TXN,20110119,.73,.73,.695,.70,585945
TZL,20110119,.315,.315,.31,.31,83287
TZN,20110119,.45,.46,.45,.46,114459
UBI,20110119,1.555,1.555,1.515,1.53,91699
UCL,20110119,.01,.024,.01,.02,98872085
UCM,20110119,.33,.33,.33,.33,15202
UCW,20110119,.10,.10,.10,.10,17467
UEQ,20110119,.18,.20,.18,.195,2644430
UGL,20110119,14.69,14.69,14.52,14.59,423905
UML,20110119,.19,.19,.185,.185,247284
UNS,20110119,.82,.83,.805,.805,335123
UNV,20110119,.49,.57,.485,.55,10600747
UNX,20110119,.755,.76,.74,.74,675181
URA,20110119,.034,.042,.034,.042,42243654
URM,20110119,.155,.16,.155,.16,300000
USA,20110119,.60,.695,.59,.62,2364641
USN,20110119,.185,.185,.18,.185,349651
UTO,20110119,.235,.245,.235,.245,378600
UUL,20110119,.16,.16,.16,.16,12000
UXA,20110119,.068,.068,.059,.06,11863513
UXC,20110119,.475,.48,.475,.48,456932
VAP,20110119,50.10,50.12,50.03,50.12,1115
VAS,20110119,61.67,62.19,61.67,62.19,5232
VBA,20110119,.415,.415,.395,.40,14978003
VEC,20110119,.115,.115,.115,.115,33478
VEU,20110119,49.09,49.09,49.01,49.09,2654
VGH,20110119,.265,.265,.25,.255,126965
VGO,20110119,.27,.27,.27,.27,5000
VHL,20110119,.029,.031,.029,.03,272500
VII,20110119,.50,.50,.50,.50,4999
VIL,20110119,.014,.014,.014,.014,3564708
VIR,20110119,.014,.014,.014,.014,195803
VKA,20110119,.295,.295,.29,.29,188500
VLA,20110119,.033,.033,.032,.033,528510
VMC,20110119,1.98,1.98,1.96,1.97,32940
VMG,20110119,.395,.40,.38,.39,1466441
VML,20110119,.105,.12,.105,.12,1542608
VMS,20110119,.53,.54,.525,.53,332693
VMT,20110119,.065,.065,.06,.06,3011587
VOC,20110119,1.48,1.51,1.48,1.51,11830
VOR,20110119,.05,.052,.048,.052,2884232
VPE,20110119,.39,.40,.385,.40,709204
VPG,20110119,1.11,1.13,1.095,1.12,416236
VRL,20110119,2.47,2.48,2.44,2.45,210427
VSC,20110119,.25,.25,.25,.25,11539
VTA,20110119,10.54,10.54,10.53,10.53,13868
VTP,20110119,.79,.79,.785,.785,2887
VTS,20110119,67.43,67.43,67.10,67.10,3771
VWM,20110119,.115,.12,.115,.115,1030000
WAA,20110119,1.07,1.07,1.07,1.07,31856
WAC,20110119,.27,.30,.27,.30,324800
WAF,20110119,.43,.43,.425,.425,32911
WAG,20110119,.006,.006,.006,.006,240000
WAL,20110119,.45,.48,.405,.48,534085
WAM,20110119,1.595,1.595,1.58,1.585,27413
WAN,20110119,6.35,6.42,6.28,6.38,899067
WAS,20110119,.043,.044,.041,.041,14850669
WAX,20110119,.77,.77,.765,.77,52724
WBA,20110119,.55,.55,.55,.55,1203
WBB,20110119,10.35,10.43,10.30,10.43,11565
WBC,20110119,22.49,22.69,22.37,22.61,5513422
WCB,20110119,4.20,4.50,4.19,4.40,283679
WCL,20110119,.35,.35,.335,.335,54100
WCN,20110119,.15,.15,.145,.145,181500
WCP,20110119,.125,.135,.125,.125,1626801
WCU,20110119,.15,.16,.145,.145,736503
WDC,20110119,9.83,9.84,9.72,9.81,11418292
WDR,20110119,.37,.385,.365,.38,2427872
WDS,20110119,.69,.70,.66,.665,198452
WEB,20110119,2.50,2.52,2.48,2.50,114083
WEC,20110119,3.40,3.40,3.32,3.35,826237
WES,20110119,32.55,33.56,32.38,33.35,3175336
WFM,20110119,.17,.18,.165,.18,1277697
WGO,20110119,.86,.86,.84,.86,55000
WGP,20110119,.03,.03,.029,.029,3706835
WGR,20110119,.30,.32,.30,.32,247955
WHC,20110119,7.22,7.35,7.14,7.20,1851904
WHE,20110119,.505,.52,.485,.485,1911928
WHF,20110119,2.95,2.99,2.95,2.99,9149
WHG,20110119,1.05,1.05,1.025,1.04,327480
WHN,20110119,.025,.026,.024,.025,4885000
WIC,20110119,1.165,1.175,1.165,1.17,89081
WIG,20110119,1.00,1.00,1.00,1.00,11200
WLF,20110119,.305,.32,.30,.31,606400
WLL,20110119,2.29,2.29,2.29,2.29,3500
WNI,20110119,.22,.22,.22,.22,5300
WOR,20110119,28.45,28.96,28.23,28.91,628133
WOW,20110119,27.90,28.11,27.84,27.88,4494275
WPG,20110119,.835,.89,.83,.885,4499812
WPL,20110119,43.20,43.39,42.87,43.30,2178331
WRG,20110119,.14,.14,.135,.135,144000
WRM,20110119,.625,.625,.60,.60,102729
WRT,20110119,2.68,2.68,2.65,2.66,16529594
WSA,20110119,6.73,6.77,6.66,6.75,483967
WTF,20110119,4.45,4.47,4.40,4.43,468875
WTP,20110119,1.66,1.71,1.65,1.70,640884
WWM,20110119,.076,.076,.076,.076,150000
XAF,20110119,4768.40,4768.40,4768.40,4768.40,0
XAM,20110119,80.00,80.00,73.00,76.00,2841421
XAO,20110119,4914.10,4948.30,4901.20,4944.20,0
XAT,20110119,484110.00,484110.00,484110.00,484110.00,0
XBW,20110119,529.24,529.24,529.24,529.24,0
XCD,20110119,.02,.02,.02,.02,489674
XDI,20110119,161130.00,161130.00,161130.00,161130.00,0
XDJ,20110119,1519.80,1539.30,1519.80,1536.90,0
XEC,20110119,1988.50,1988.50,1988.50,1988.50,0
XEJ,20110119,16462.90,16581.30,16399.10,16569.60,0
XFJ,20110119,4412.10,4442.10,4396.30,4436.30,0
XFL,20110119,4752.80,4784.30,4735.00,4777.90,0
XGD,20110119,7689.70,7689.70,7689.70,7689.70,0
XHJ,20110119,9106.20,9177.00,9036.10,9175.50,0
XIJ,20110119,664.20,675.10,661.50,666.60,0
XJO,20110119,4804.40,4839.20,4789.60,4834.60,0
XJR,20110119,600220.00,600220.00,600220.00,600220.00,0
XKO,20110119,4818.00,4853.20,4804.20,4849.00,0
XLD,20110119,997.90,997.90,997.90,997.90,0
XMD,20110119,4515.30,4566.10,4512.30,4566.10,0
XMJ,20110119,14170.30,14282.60,14118.40,14282.60,0
XMM,20110119,5208.10,5208.10,5208.10,5208.10,0
XNJ,20110119,3786.30,3806.50,3770.20,3795.80,0
XNV,20110119,382.70,382.70,382.70,382.70,0
XPJ,20110119,866.40,866.80,858.80,865.20,0
XRF,20110119,.23,.23,.22,.22,118542
XSJ,20110119,7894.90,8001.60,7863.20,7970.30,0
XSO,20110119,2915.30,2946.30,2914.00,2946.30,0
XST,20110119,.13,.14,.13,.13,121033
XTE,20110119,3.00,3.00,2.90,2.90,20000
XTJ,20110119,977.80,981.60,971.30,971.60,0
XTL,20110119,2859.90,2880.90,2850.30,2876.90,0
XTO,20110119,3901.30,3928.60,3888.30,3924.70,0
XUJ,20110119,4417.80,4461.70,4411.50,4452.10,0
XXJ,20110119,5102.80,5147.40,5087.40,5137.80,0
XXL,20110119,.09,.09,.09,.09,0
YRR,20110119,.027,.027,.026,.026,453561
YTC,20110119,.59,.595,.58,.58,510234
ZGL,20110119,.22,.22,.22,.22,24850
ZGM,20110119,.12,.12,.115,.12,75000
ZHE,20110119,.225,.225,.225,.225,10000
ZIM,20110119,15.35,15.35,15.35,15.35,5000
ZNC,20110119,.36,.36,.33,.36,521493
ZRL,20110119,.027,.028,.026,.027,11914869
ZYL,20110119,.087,.088,.084,.086,2728340
