"AAC","20020925","0.73","0.73","0.73","0.73","185250"
"AAR","20020925","0.021","0.021","0.021","0.021","55000"
"AAT","20020925","0.20","0.20","0.20","0.20","302024"
"AAU","20020925","1.02","1.04","1.02","1.04","1020"
"ABB","20020925","2.75","2.75","2.75","2.75","17869"
"ABC","20020925","0.87","0.89","0.87","0.88","419652"
"ABG","20020925","2.06","2.07","2.02","2.02","11000"
"ABI","20020925","1.19","1.20","1.15","1.20","13760"
"ABIO","20020925","0.05","0.05","0.05","0.05","8220"
"ABS","20020925","14.90","14.90","14.00","14.00","2000"
"ABSR","20020925","2.85","2.85","2.85","2.85","700000"
"ABXO","20020925","0.23","0.23","0.23","0.23","20000"
"ACE","20020925","0.055","0.055","0.047","0.05","177605"
"ACU","20020925","0.13","0.135","0.13","0.135","50300"
"ADA","20020925","0.66","0.66","0.62","0.63","42880"
"ADB","20020925","7.43","7.44","7.30","7.42","84152"
"ADBHA","20020925","105.00","105.00","105.00","105.00","100"
"ADBHB","20020925","84.00","84.00","84.00","84.00","71"
"ADG","20020925","2.68","2.70","2.68","2.70","7485"
"ADM","20020925","0.035","0.035","0.035","0.035","20365"
"ADP","20020925","2.50","2.50","2.48","2.50","1450582"
"ADU","20020925","0.13","0.13","0.13","0.13","58092"
"ADXOA","20020925","0.16","0.16","0.16","0.16","20000"
"ADZ","20020925","1.98","1.98","1.93","1.93","370734"
"AEC","20020925","0.87","0.87","0.86","0.86","6000"
"AEI","20020925","0.22","0.22","0.22","0.22","20000"
"AEIO","20020925","0.05","0.05","0.05","0.05","10000"
"AEO","20020925","1.51","1.51","1.47","1.50","4062465"
"AET","20020925","0.88","0.88","0.88","0.88","10807"
"AEX","20020925","0.043","0.043","0.043","0.043","40000"
"AEXO","20020925","0.009","0.009","0.009","0.009","300000"
"AFF","20020925","0.275","0.275","0.26","0.26","7071"
"AFI","20020925","3.11","3.12","3.09","3.11","586699"
"AFM","20020925","0.027","0.027","0.02","0.02","527344"
"AGA","20020925","0.002","0.002","0.002","0.002","121450"
"AGG","20020925","10.06","10.25","10.06","10.25","19067"
"AGH","20020925","0.69","0.70","0.69","0.69","166639"
"AGI","20020925","1.01","1.01","1.00","1.00","210669"
"AGL","20020925","10.25","10.30","10.08","10.13","1316008"
"AGLIGC","20020925","5.99","5.99","5.99","5.99","1000"
"AGLIGH","20020925","2.28","2.28","2.22","2.22","21000"
"AGLIMC","20020925","5.04","5.04","4.94","4.94","6300"
"AGLIMD","20020925","2.20","2.22","2.20","2.22","2500"
"AGLIOF","20020925","4.84","4.84","4.84","4.84","4000"
"AGLIPG","20020925","0.72","0.72","0.63","0.63","84000"
"AGLIWB","20020925","2.87","2.87","2.87","2.87","6725"
"AGLIZG","20020925","5.19","5.19","5.19","5.19","2000"
"AGM","20020925","0.04","0.04","0.04","0.04","250000"
"AGT","20020925","0.55","0.55","0.50","0.55","23605"
"AGX","20020925","0.30","0.30","0.295","0.295","17000"
"AGZ","20020925","0.008","0.008","0.008","0.008","1771622"
"AHD","20020925","2.74","2.74","2.70","2.73","248583"
"AHT","20020925","0.32","0.32","0.32","0.32","105000"
"AIA","20020925","3.74","3.75","3.74","3.74","109130"
"AIE","20020925","0.17","0.17","0.17","0.17","30027"
"AIP","20020925","1.08","1.09","1.08","1.08","679548"
"AIX","20020925","1.43","1.44","1.42","1.42","395520"
"AIZ","20020925","0.44","0.45","0.43","0.43","215470"
"AJL","20020925","1.00","1.00","0.98","0.98","59500"
"AKD","20020925","0.016","0.016","0.015","0.015","800000"
"ALK","20020925","0.21","0.21","0.205","0.21","70000"
"ALL","20020925","4.68","4.72","4.59","4.59","1205298"
"ALN","20020925","4.08","4.10","4.07","4.09","240507"
"ALRO","20020925","0.055","0.055","0.055","0.055","3600"
"ALS","20020925","3.81","3.83","3.76","3.81","29240"
"ALT","20020925","0.036","0.036","0.036","0.036","500"
"ALU","20020925","1.40","1.41","1.37","1.41","86420"
"ALZ","20020925","1.43","1.43","1.42","1.43","39550"
"ALZPA","20020925","109.00","110.00","109.00","110.00","720"
"AMC","20020925","8.30","8.30","8.11","8.12","2423612"
"AMCG","20020925","10.80","10.80","10.80","10.80","1309684"
"AMCISE","20020925","2.48","2.48","2.38","2.38","5000"
"AMH","20020925","1.64","1.65","1.63","1.65","20066"
"AML","20020925","0.415","0.415","0.415","0.415","8700"
"AMM","20020925","0.097","0.097","0.096","0.097","246855"
"AMMOA","20020925","0.019","0.019","0.019","0.019","29000"
"AMP","20020925","10.97","11.97","10.73","11.43","21803850"
"AMPEMG","20020925","4.25","4.25","4.25","4.25","1000"
"AMPIAA","20020925","1.46","1.83","1.43","1.64","15613"
"AMPIDA","20020925","2.28","2.87","2.20","2.62","83400"
"AMPIDH","20020925","1.00","1.00","1.00","1.00","1000"
"AMPIGH","20020925","0.88","0.93","0.88","0.93","4000"
"AMPIMC","20020925","1.53","1.74","1.36","1.56","1390384"
"AMPIMD","20020925","0.97","1.03","0.97","1.01","33500"
"AMPIMG","20020925","0.355","0.355","0.355","0.355","3000"
"AMPIOF","20020925","2.36","2.75","2.36","2.58","34000"
"AMPIPD","20020925","0.30","0.36","0.30","0.325","155000"
"AMPIPF","20020925","2.25","2.93","2.23","2.62","145450"
"AMPISF","20020925","0.55","1.25","0.51","1.02","53264"
"AMPISS","20020925","0.53","0.87","0.53","0.75","333710"
"AMPIWA","20020925","1.93","2.70","1.93","2.30","44025"
"AMPIYB","20020925","3.95","4.42","3.95","4.42","12625"
"AMPIZA","20020925","1.57","2.11","1.57","1.62","25000"
"AMPIZB","20020925","3.05","4.08","2.82","3.72","96950"
"AMPIZG","20020925","4.48","5.15","4.48","5.15","11000"
"AMPWCU","20020925","0.95","0.95","0.83","0.83","400000"
"AMPWGK","20020925","0.012","0.03","0.012","0.019","5810000"
"AMPWGL","20020925","0.092","0.21","0.092","0.145","2252000"
"AMPWGV","20020925","0.68","0.68","0.51","0.61","788969"
"AMPWML","20020925","0.001","0.001","0.001","0.001","75000"
"AMPWMO","20020925","0.029","0.044","0.029","0.04","761000"
"AMPWMW","20020925","1.08","1.08","1.08","1.08","1000"
"AMPWOK","20020925","0.013","0.021","0.013","0.02","483300"
"AMPWOT","20020925","0.73","0.73","0.43","0.43","39500"
"AMPWOU","20020925","1.08","1.09","1.08","1.09","141999"
"AMPWPA","20020925","0.097","0.14","0.08","0.115","1250000"
"AMPWPP","20020925","0.60","0.65","0.415","0.48","298150"
"AMQHA","20020925","87.49","88.00","87.35","87.60","14460"
"AMZG","20020925","112.50","112.50","112.10","112.29","5632"
"AMZGA","20020925","113.35","113.50","113.00","113.00","3254"
"ANC","20020925","5.60","5.60","5.55","5.55","2984"
"ANE","20020925","2.40","2.40","2.40","2.40","120000"
"ANK","20020925","0.052","0.052","0.052","0.052","20000"
"ANL","20020925","0.295","0.295","0.12","0.185","3372241"
"ANM","20020925","0.465","0.465","0.46","0.465","54101"
"ANMCA","20020925","0.24","0.24","0.23","0.235","576127"
"ANMO","20020925","0.10","0.10","0.10","0.10","20000"
"ANN","20020925","6.78","6.79","6.74","6.79","159506"
"ANP","20020925","0.11","0.11","0.10","0.10","161637"
"ANPO","20020925","0.065","0.065","0.065","0.065","5000"
"ANTG","20020925","19.00","19.00","19.00","19.00","1064"
"ANX","20020925","0.16","0.16","0.16","0.16","3607"
"ANZ","20020925","18.70","18.77","18.64","18.70","4036165"
"ANZIGB","20020925","7.92","8.01","7.92","8.01","2000"
"ANZIMD","20020925","3.47","3.47","3.45","3.46","10100"
"ANZIMV","20020925","1.01","1.01","1.01","1.01","4000"
"ANZIPG","20020925","1.46","1.46","1.45","1.45","40000"
"ANZIZD","20020925","3.55","3.64","3.55","3.61","23000"
"ANZWGH","20020925","0.008","0.008","0.008","0.008","65000"
"ANZWGI","20020925","0.105","0.115","0.105","0.11","145600"
"ANZWGT","20020925","0.125","0.125","0.12","0.12","717500"
"ANZWMH","20020925","0.135","0.135","0.135","0.135","5000"
"ANZWMT","20020925","0.115","0.115","0.11","0.11","14000"
"ANZWMU","20020925","0.125","0.125","0.125","0.125","50000"
"ANZWOF","20020925","0.105","0.105","0.105","0.105","63200"
"ANZWOS","20020925","0.295","0.31","0.295","0.295","43000"
"ANZWPM","20020925","0.078","0.078","0.078","0.078","115000"
"ANZWPN","20020925","0.355","0.355","0.355","0.355","4000"
"ANZWPY","20020925","0.069","0.07","0.069","0.07","90000"
"AOE","20020925","0.15","0.15","0.14","0.14","40000"
"AOF","20020925","1.17","1.18","1.17","1.17","2890085"
"AOR","20020925","3.56","3.57","3.53","3.55","1535885"
"APA","20020925","2.49","2.53","2.48","2.52","205172"
"APCHA","20020925","104.75","104.75","104.50","104.50","540"
"APG","20020925","0.051","0.052","0.05","0.05","237172"
"API","20020925","2.95","2.97","2.91","2.97","29940"
"APN","20020925","2.83","2.83","2.76","2.76","366290"
"APNG","20020925","3.95","3.95","3.95","3.95","2000"
"AQA","20020925","0.41","0.41","0.41","0.41","15000"
"AQL","20020925","0.045","0.046","0.045","0.046","28333"
"AQLOA","20020925","0.005","0.005","0.005","0.005","19668"
"AQP","20020925","7.73","7.78","7.59","7.60","66684"
"ARA","20020925","0.21","0.21","0.21","0.21","169330"
"ARC","20020925","0.054","0.054","0.052","0.052","112850"
"ARE","20020925","0.16","0.16","0.16","0.16","71921"
"AREO","20020925","0.031","0.031","0.031","0.031","12890"
"ARG","20020925","4.35","4.35","4.30","4.34","39704"
"ARL","20020925","0.22","0.22","0.21","0.215","186243"
"ARP","20020925","14.10","14.10","14.05","14.05","2612"
"ARQ","20020925","0.44","0.445","0.44","0.44","218000"
"ART","20020925","1.37","1.37","1.35","1.35","3703522"
"ARTNA","20020925","1.32","1.32","1.30","1.30","822"
"ARX","20020925","0.027","0.027","0.027","0.027","100000"
"ASB","20020925","1.35","1.36","1.34","1.35","259460"
"ASC","20020925","0.078","0.078","0.074","0.074","2105063"
"ASCOC","20020925","0.001","0.001","0.001","0.001","73538"
"ASL","20020925","0.43","0.43","0.41","0.41","130162"
"ASX","20020925","11.30","11.34","11.25","11.32","99056"
"ATC","20020925","0.22","0.22","0.20","0.20","264509"
"ATG","20020925","0.425","0.425","0.425","0.425","41863"
"ATN","20020925","0.008","0.008","0.008","0.008","100000"
"ATP","20020925","0.425","0.425","0.425","0.425","2000"
"ATY","20020925","0.062","0.062","0.062","0.062","544"
"AUG","20020925","0.20","0.21","0.20","0.20","248150"
"AUI","20020925","4.20","4.20","4.20","4.20","100"
"AUM","20020925","0.06","0.06","0.06","0.06","33000"
"AUN","20020925","0.15","0.15","0.14","0.145","541387"
"AUO","20020925","0.50","0.50","0.49","0.49","232480"
"AUY","20020925","0.062","0.062","0.06","0.06","314622"
"AVA","20020925","0.034","0.035","0.034","0.035","20000"
"AVJ","20020925","0.90","0.90","0.90","0.90","4000"
"AVL","20020925","0.14","0.14","0.135","0.14","181988"
"AVN","20020925","0.013","0.013","0.013","0.013","277778"
"AVO","20020925","0.135","0.135","0.135","0.135","1000"
"AVR","20020925","0.23","0.23","0.23","0.23","4000"
"AWB","20020925","3.56","3.56","3.54","3.55","265645"
"AWE","20020925","0.73","0.73","0.72","0.72","127245"
"AXA","20020925","2.38","2.41","2.36","2.39","3529748"
"AXN","20020925","0.205","0.205","0.185","0.185","715007"
"AXUWGE","20020925","0.15","0.15","0.15","0.15","200000"
"AYO","20020925","0.475","0.48","0.47","0.48","230875"
"AYOO","20020925","0.12","0.12","0.12","0.12","10000"
"AZR","20020925","0.039","0.039","0.037","0.037","108527"
"BAR","20020925","0.25","0.26","0.25","0.26","11790"
"BAX","20020925","1.08","1.09","1.08","1.08","7000"
"BBB","20020925","0.09","0.09","0.09","0.09","7700"
"BBG","20020925","7.45","7.50","7.30","7.31","886882"
"BCA","20020925","3.15","3.15","3.07","3.10","186499"
"BCH","20020925","0.06","0.06","0.06","0.06","40100"
"BDG","20020925","0.28","0.28","0.275","0.28","391722"
"BDS","20020925","1.76","1.76","1.75","1.76","23874"
"BEN","20020925","8.41","8.44","8.25","8.40","170897"
"BENGA","20020925","8.10","8.20","8.00","8.20","1725"
"BER","20020925","0.60","0.60","0.59","0.59","28000"
"BFS","20020925","0.075","0.075","0.07","0.07","93400"
"BGN","20020925","0.40","0.41","0.39","0.39","28349"
"BHL","20020925","3.99","3.99","3.99","3.99","1000"
"BHP","20020925","8.76","8.80","8.71","8.79","7593621"
"BHPIAA","20020925","3.20","3.21","3.20","3.21","1600"
"BHPIGG","20020925","0.84","0.88","0.83","0.87","202000"
"BHPIMC","20020925","3.22","3.25","3.20","3.20","6600"
"BHPIMD","20020925","0.71","0.73","0.71","0.72","48000"
"BHPIMF","20020925","3.40","3.40","3.40","3.40","500"
"BHPIMG","20020925","1.52","1.52","1.49","1.49","36000"
"BHPIPF","20020925","3.24","3.24","3.24","3.24","20000"
"BHPISQ","20020925","0.78","0.78","0.78","0.78","2000"
"BHPIZB","20020925","5.19","5.19","5.16","5.16","4200"
"BHPIZD","20020925","0.75","0.75","0.74","0.74","15000"
"BHPWAL","20020925","0.009","0.009","0.007","0.007","300000"
"BHPWAW","20020925","0.20","0.205","0.195","0.20","281000"
"BHPWGM","20020925","0.075","0.075","0.075","0.075","100000"
"BHPWGN","20020925","0.039","0.039","0.039","0.039","10000"
"BHPWGX","20020925","0.225","0.225","0.225","0.225","20000"
"BHPWMB","20020925","0.098","0.105","0.098","0.105","520000"
"BHPWMM","20020925","0.001","0.001","0.001","0.001","445000"
"BHPWMV","20020925","0.305","0.315","0.305","0.31","230000"
"BHPWMX","20020925","0.245","0.26","0.245","0.26","220000"
"BHPWOA","20020925","0.054","0.054","0.054","0.054","20000"
"BHPWOM","20020925","0.045","0.051","0.045","0.05","465000"
"BHPWOO","20020925","0.08","0.08","0.074","0.074","287000"
"BHPWOW","20020925","0.105","0.11","0.10","0.105","203321"
"BHPWPA","20020925","0.001","0.001","0.001","0.001","200000"
"BHPWPB","20020925","0.066","0.066","0.055","0.055","800000"
"BHPWPP","20020925","0.205","0.205","0.205","0.205","60000"
"BHPWSB","20020925","0.09","0.09","0.09","0.09","10000"
"BHPWZC","20020925","0.12","0.12","0.12","0.12","5000"
"BHPWZV","20020925","0.365","0.365","0.365","0.365","6780"
"BIC","20020925","0.33","0.33","0.33","0.33","9000"
"BIG","20020925","0.021","0.021","0.021","0.021","150000"
"BIL","20020925","6.70","6.71","6.65","6.66","4324195"
"BILIAA","20020925","0.82","0.82","0.80","0.80","10252"
"BILIMC","20020925","1.42","1.42","1.42","1.42","2000"
"BILIMF","20020925","1.06","1.06","1.06","1.06","35000"
"BILIPC","20020925","0.58","0.58","0.58","0.58","5500"
"BILIZB","20020925","1.80","1.80","1.80","1.80","2500"
"BILWGG","20020925","0.028","0.03","0.026","0.026","385000"
"BILWOQ","20020925","0.25","0.25","0.25","0.25","20000"
"BILWPH","20020925","0.026","0.026","0.026","0.026","30000"
"BILWPI","20020925","0.115","0.115","0.115","0.115","11000"
"BILWPS","20020925","0.145","0.145","0.13","0.13","35000"
"BIR","20020925","0.83","0.86","0.80","0.82","6722568"
"BIT","20020925","0.43","0.43","0.43","0.43","25000"
"BKL","20020925","6.30","6.30","6.10","6.10","1300"
"BKM","20020925","0.022","0.022","0.019","0.019","600000"
"BKS","20020925","0.03","0.03","0.03","0.03","21847"
"BKV","20020925","0.07","0.07","0.07","0.07","15000"
"BKW","20020925","6.20","6.20","6.00","6.00","52210"
"BLD","20020925","4.30","4.33","4.23","4.26","3441237"
"BLO","20020925","0.105","0.105","0.10","0.10","279186"
"BLR","20020925","0.023","0.027","0.022","0.027","45000"
"BLV","20020925","0.35","0.35","0.35","0.35","18500"
"BLZ","20020925","0.091","0.093","0.09","0.093","155100"
"BMC","20020925","0.021","0.021","0.021","0.021","5555"
"BMX","20020925","0.26","0.265","0.26","0.265","68429"
"BNW","20020925","0.15","0.15","0.15","0.15","70000"
"BOC","20020925","0.15","0.15","0.15","0.15","902"
"BOQ","20020925","7.20","7.20","7.05","7.19","53042"
"BOQPA","20020925","109.25","109.25","109.25","109.25","2725"
"BPC","20020925","0.60","0.61","0.59","0.60","884323"
"BPCO","20020925","0.405","0.405","0.40","0.40","184216"
"BPCPA","20020925","0.61","0.61","0.60","0.60","402059"
"BPO","20020925","0.096","0.10","0.096","0.10","146000"
"BPOO","20020925","0.028","0.03","0.028","0.03","350000"
"BPT","20020925","0.335","0.34","0.315","0.32","603554"
"BPTO","20020925","0.061","0.061","0.061","0.061","10714"
"BRC","20020925","0.23","0.23","0.22","0.22","210000"
"BRI","20020925","0.27","0.27","0.27","0.27","12000"
"BRK","20020925","1.43","1.43","1.35","1.35","134153"
"BRL","20020925","7.71","7.86","7.71","7.81","236935"
"BRS","20020925","2.74","2.74","2.69","2.70","271060"
"BRZ","20020925","2.02","2.02","2.00","2.00","37950"
"BSG","20020925","0.16","0.16","0.16","0.16","29099"
"BSL","20020925","2.62","2.66","2.55","2.56","2217298"
"BSO","20020925","3.30","3.30","3.30","3.30","2855"
"BTA","20020925","0.57","0.58","0.52","0.52","310395"
"BTC","20020925","0.285","0.29","0.285","0.285","55427"
"BTCO","20020925","0.033","0.033","0.033","0.033","7500"
"BTE","20020925","0.51","0.52","0.50","0.50","103595"
"BTG","20020925","0.55","0.55","0.52","0.52","71033"
"BTO","20020925","1.42","1.43","1.41","1.41","3221731"
"BUG","20020925","0.53","0.53","0.53","0.53","2000"
"BUY","20020925","0.085","0.085","0.082","0.082","100000"
"BWA","20020925","4.12","4.13","4.06","4.07","263690"
"BWI","20020925","0.88","0.89","0.88","0.89","10818"
"BWP","20020925","1.35","1.35","1.33","1.33","299334"
"CAA","20020925","2.68","2.68","2.63","2.63","55035"
"CAB","20020925","2.99","3.00","2.98","3.00","39205"
"CAG","20020925","0.025","0.026","0.025","0.025","857000"
"CAGOA","20020925","0.009","0.009","0.009","0.009","234434"
"CAI","20020925","0.51","0.51","0.51","0.51","34500"
"CAL","20020925","0.175","0.175","0.175","0.175","32000"
"CAT","20020925","3.85","3.85","3.62","3.65","3601"
"CBA","20020925","31.46","31.56","31.35","31.45","2750251"
"CBAECE","20020925","26.69","26.69","26.65","26.65","1550"
"CBAIGB","20020925","9.40","9.40","9.40","9.40","1800"
"CBAIGG","20020925","3.18","3.19","3.18","3.19","10000"
"CBAIGI","20020925","0.095","0.095","0.095","0.095","22386"
"CBAIMC","20020925","13.55","13.55","13.55","13.55","1000"
"CBAIMD","20020925","4.68","4.68","4.60","4.60","9000"
"CBAIMF","20020925","14.73","14.73","14.73","14.73","2000"
"CBAIMG","20020925","4.84","4.84","4.84","4.84","3000"
"CBAIMU","20020925","0.175","0.175","0.175","0.175","17000"
"CBAIOG","20020925","3.67","3.67","3.67","3.67","22000"
"CBAIPD","20020925","7.02","7.02","7.02","7.02","60000"
"CBAIPG","20020925","0.455","0.455","0.45","0.45","15000"
"CBAISP","20020925","1.50","1.50","1.50","1.50","1000"
"CBAIZA","20020925","16.47","16.47","16.47","16.47","400"
"CBAIZD","20020925","4.50","4.50","4.50","4.50","1200"
"CBAPA","20020925","209.50","210.50","209.50","210.25","913"
"CBAWAG","20020925","0.044","0.044","0.044","0.044","10000"
"CBAWAU","20020925","0.17","0.18","0.17","0.18","295000"
"CBAWGW","20020925","0.001","0.001","0.001","0.001","150000"
"CBAWGX","20020925","0.21","0.215","0.20","0.215","125500"
"CBAWMP","20020925","0.094","0.10","0.094","0.10","25000"
"CBAWMZ","20020925","0.001","0.001","0.001","0.001","35000"
"CBAWOI","20020925","0.001","0.001","0.001","0.001","165000"
"CBAWOK","20020925","0.001","0.001","0.001","0.001","40000"
"CBAWOL","20020925","0.11","0.11","0.105","0.105","50000"
"CBAWOY","20020925","0.315","0.33","0.315","0.33","106000"
"CBAWPN","20020925","0.35","0.35","0.35","0.35","15000"
"CBAWPW","20020925","0.16","0.165","0.155","0.165","261000"
"CBD","20020925","0.004","0.004","0.004","0.004","64577"
"CBEHA","20020925","88.001","88.001","88.00","88.00","350"
"CBH","20020925","0.045","0.045","0.035","0.045","68373"
"CBO","20020925","0.019","0.019","0.019","0.019","37302"
"CBT","20020925","0.097","0.099","0.096","0.096","185026"
"CCH","20020925","0.145","0.15","0.145","0.15","53000"
"CCL","20020925","5.77","5.81","5.71","5.78","2546646"
"CCP","20020925","0.80","0.80","0.79","0.79","99700"
"CDF","20020925","1.08","1.09","1.07","1.07","17624"
"CDK","20020925","0.48","0.52","0.48","0.50","51155"
"CDO","20020925","2.88","2.88","2.82","2.88","65158"
"CDP","20020925","2.26","2.27","2.26","2.27","33500"
"CDR","20020925","0.90","0.93","0.90","0.93","1416623"
"CDX","20020925","1.13","1.13","1.02","1.13","23650"
"CEP","20020925","3.61","3.61","3.58","3.60","2776545"
"CEQ","20020925","1.70","1.71","1.70","1.71","15459"
"CEY","20020925","1.86","1.90","1.84","1.90","672876"
"CFR","20020925","0.013","0.013","0.013","0.013","966000"
"CFRO","20020925","0.002","0.002","0.002","0.002","44000"
"CFT","20020925","2.41","2.41","2.39","2.40","5064609"
"CGO","20020925","0.51","0.51","0.51","0.51","30000"
"CHB","20020925","22.50","22.70","22.40","22.70","875"
"CHF","20020925","0.465","0.51","0.465","0.51","63923"
"CHFOA","20020925","0.02","0.025","0.02","0.025","18000"
"CHL","20020925","0.21","0.21","0.20","0.20","79828"
"CHP","20020925","0.031","0.031","0.031","0.031","76000"
"CHQ","20020925","0.45","0.45","0.45","0.45","59148"
"CHY","20020925","1.38","1.38","1.30","1.34","583590"
"CIR","20020925","1.60","1.60","1.51","1.51","42831"
"CIY","20020925","1.35","1.35","1.20","1.35","3500"
"CIYO","20020925","0.77","0.77","0.77","0.77","7500"
"CKG","20020925","0.05","0.053","0.045","0.048","4976269"
"CKR","20020925","0.70","0.70","0.70","0.70","40000"
"CLEO","20020925","0.105","0.105","0.10","0.105","102280"
"CLH","20020925","3.25","3.25","3.20","3.20","61676"
"CLI","20020925","2.50","2.51","2.43","2.47","467621"
"CLK","20020925","0.68","0.68","0.68","0.68","1857"
"CLL","20020925","0.90","0.90","0.90","0.90","4200"
"CLO","20020925","0.75","0.76","0.75","0.75","92000"
"CLT","20020925","1.50","1.51","1.50","1.51","14020"
"CLV","20020925","0.185","0.185","0.185","0.185","42000"
"CMI","20020925","1.34","1.35","1.34","1.35","16844"
"CMIPB","20020925","1.39","1.39","1.39","1.39","4850"
"CML","20020925","5.79","5.80","5.74","5.74","1856041"
"CMLIGC","20020925","2.25","2.25","2.25","2.25","500"
"CMLIPF","20020925","1.30","1.30","1.28","1.29","18000"
"CMLISF","20020925","0.84","0.84","0.84","0.84","6000"
"CMLIYB","20020925","2.17","2.17","2.17","2.17","10000"
"CMLIZB","20020925","2.41","2.41","2.41","2.41","1000"
"CMLPA","20020925","108.85","109.20","108.85","109.20","1285"
"CMLWAU","20020925","0.185","0.185","0.185","0.185","30000"
"CMLWMT","20020925","0.155","0.155","0.155","0.155","95000"
"CMLWPN","20020925","0.001","0.001","0.001","0.001","45000"
"CMLWPO","20020925","0.125","0.125","0.125","0.125","44000"
"CMP","20020925","0.24","0.24","0.22","0.22","44600"
"CMQ","20020925","3.11","3.12","3.00","3.01","301510"
"CMRO","20020925","0.003","0.003","0.003","0.003","250000"
"CNA","20020925","24.25","24.25","24.25","24.25","2501288"
"CND","20020925","0.87","0.91","0.87","0.91","5504"
"CNE","20020925","0.10","0.10","0.10","0.10","10000"
"CNN","20020925","0.095","0.095","0.095","0.095","20681"
"CNT","20020925","0.275","0.275","0.275","0.275","40000"
"CNTO","20020925","0.077","0.077","0.077","0.077","1050000"
"COA","20020925","2.17","2.18","2.17","2.17","308241"
"COE","20020925","0.145","0.15","0.145","0.15","167000"
"COEO","20020925","0.045","0.045","0.043","0.043","110000"
"COF","20020925","2.51","2.51","2.51","2.51","10000"
"COH","20020925","33.40","33.83","33.40","33.70","93700"
"COHIMD","20020925","5.48","5.48","5.48","5.48","600"
"COHWCA","20020925","0.26","0.26","0.26","0.26","10000"
"COU","20020925","0.45","0.45","0.43","0.43","50910"
"CPA","20020925","1.14","1.15","1.14","1.14","4937105"
"CPB","20020925","4.78","4.80","4.78","4.80","7295"
"CPG","20020925","0.009","0.009","0.009","0.009","122000"
"CPH","20020925","0.375","0.375","0.36","0.365","2913103"
"CPI","20020925","0.80","0.83","0.80","0.81","63006"
"CPIPA","20020925","1.60","1.60","1.60","1.60","7000"
"CPU","20020925","2.16","2.18","2.14","2.17","701746"
"CPUPA","20020925","92.50","92.50","92.00","92.00","1404"
"CPUWMC","20020925","0.011","0.011","0.011","0.011","35018"
"CPUWMR","20020925","0.014","0.014","0.014","0.014","20000"
"CQTOC","20020925","0.008","0.008","0.008","0.008","100000"
"CRG","20020925","7.60","7.65","7.59","7.60","18876"
"CRL","20020925","0.062","0.062","0.062","0.062","40000"
"CROHB","20020925","108.00","108.50","108.00","108.50","4355"
"CRS","20020925","0.76","0.77","0.73","0.74","3323836"
"CRSG","20020925","2.20","2.21","2.15","2.15","455000"
"CRSWMA","20020925","0.115","0.115","0.10","0.105","1135000"
"CSB","20020925","0.135","0.135","0.135","0.135","34600"
"CSG","20020925","0.01","0.01","0.01","0.01","130000"
"CSI","20020925","0.075","0.075","0.075","0.075","205000"
"CSL","20020925","21.80","21.80","21.53","21.58","650852"
"CSLIMD","20020925","1.28","1.28","1.28","1.28","4000"
"CSLIME","20020925","8.48","8.48","8.38","8.38","7000"
"CSLIPF","20020925","2.86","2.87","2.82","2.82","31000"
"CSLISS","20020925","1.71","1.71","1.71","1.71","1000"
"CSLWMA","20020925","0.05","0.053","0.05","0.053","420000"
"CSM","20020925","0.62","0.62","0.61","0.61","116500"
"CSMG","20020925","0.809","0.809","0.809","0.809","10000"
"CSR","20020925","5.68","5.74","5.56","5.73","5139070"
"CSRIAA","20020925","2.34","2.34","2.34","2.34","2000"
"CSRIDH","20020925","0.85","0.85","0.85","0.85","600"
"CSRIMC","20020925","2.18","2.18","2.10","2.11","31000"
"CSRIWB","20020925","1.29","1.29","1.27","1.27","13200"
"CSRWCA","20020925","0.02","0.02","0.02","0.02","23500"
"CST","20020925","1.70","1.70","1.60","1.70","137736"
"CSY","20020925","0.105","0.105","0.105","0.105","70000"
"CTI","20020925","0.21","0.21","0.205","0.205","37250"
"CTL","20020925","2.38","2.40","2.35","2.36","38565"
"CTO","20020925","0.073","0.08","0.073","0.08","487500"
"CTX","20020925","1.65","1.66","1.65","1.65","422234"
"CUL","20020925","0.039","0.039","0.038","0.038","146500"
"CVC","20020925","0.75","0.75","0.70","0.70","36000"
"CVI","20020925","0.13","0.155","0.13","0.155","103300"
"CVN","20020925","0.065","0.069","0.065","0.069","732000"
"CWP","20020925","0.72","0.72","0.72","0.72","1000"
"CXP","20020925","5.05","5.06","4.96","5.00","411557"
"CYD","20020925","0.14","0.14","0.13","0.13","120000"
"CYG","20020925","3.85","3.87","3.85","3.86","343200"
"DCL","20020925","0.12","0.12","0.12","0.12","28500"
"DCS","20020925","0.026","0.026","0.026","0.026","42623"
"DDF","20020925","1.15","1.15","1.14","1.14","1306959"
"DEG","20020925","0.11","0.11","0.11","0.11","40700"
"DEGO","20020925","0.04","0.04","0.04","0.04","1000"
"DES","20020925","0.023","0.023","0.023","0.023","2000"
"DFT","20020925","0.006","0.006","0.006","0.006","9300"
"DGM","20020925","0.002","0.002","0.002","0.002","645450"
"DID","20020925","0.07","0.07","0.069","0.069","55110"
"DIO","20020925","0.12","0.12","0.12","0.12","394155"
"DIOO","20020925","0.027","0.027","0.025","0.025","429265"
"DIT","20020925","1.68","1.68","1.66","1.66","287251"
"DJS","20020925","1.05","1.05","1.02","1.04","407540"
"DJSPA","20020925","108.80","108.80","108.50","108.75","4431"
"DJW","20020925","3.20","3.20","3.15","3.15","165490"
"DJWG","20020925","4.03","4.04","4.03","4.04","3150"
"DKN","20020925","0.16","0.17","0.155","0.17","75000"
"DLS","20020925","0.057","0.057","0.057","0.057","13000"
"DMX","20020925","0.17","0.17","0.165","0.165","15000"
"DMXO","20020925","0.088","0.088","0.088","0.088","7500"
"DOM","20020925","0.69","0.69","0.69","0.69","10341"
"DOT","20020925","1.17","1.18","1.17","1.17","11418538"
"DOW","20020925","0.61","0.61","0.60","0.61","1160212"
"DRA","20020925","0.063","0.066","0.063","0.066","124000"
"DRD","20020925","7.90","7.94","7.90","7.94","2525"
"DRE","20020925","1.70","1.70","1.70","1.70","15200"
"DSF","20020925","0.58","0.58","0.58","0.58","3000"
"DTL","20020925","0.95","0.99","0.95","0.97","19618"
"DVN","20020925","0.62","0.63","0.62","0.62","76989"
"DVT","20020925","0.033","0.034","0.032","0.032","969260"
"DWY","20020925","0.45","0.45","0.45","0.45","11000"
"EBG","20020925","0.075","0.075","0.075","0.075","25000"
"EBR","20020925","0.068","0.068","0.068","0.068","96250"
"EBT","20020925","0.165","0.165","0.16","0.16","178844"
"ECL","20020925","0.09","0.09","0.081","0.085","210547"
"ECP","20020925","0.34","0.345","0.33","0.335","665800"
"EDN","20020925","0.16","0.16","0.15","0.15","21968"
"EEL","20020925","0.07","0.07","0.062","0.062","106506"
"EFN","20020925","0.015","0.015","0.015","0.015","33622"
"EGO","20020925","0.029","0.029","0.026","0.029","87000"
"EIF","20020925","0.165","0.165","0.16","0.16","285000"
"EIR","20020925","0.032","0.032","0.03","0.032","469250"
"ELX","20020925","1.02","1.02","1.00","1.00","68100"
"EMP","20020925","0.70","0.70","0.65","0.68","1635946"
"ENE","20020925","3.42","3.50","3.42","3.43","83546"
"ENV","20020925","0.93","0.93","0.92","0.92","237922"
"EOS","20020925","1.40","1.40","1.40","1.40","1800"
"EPR","20020925","0.18","0.18","0.17","0.17","91250"
"EPRO","20020925","0.027","0.027","0.025","0.025","32250"
"EPT","20020925","0.16","0.165","0.14","0.14","162607"
"EPTO","20020925","0.02","0.02","0.02","0.02","50000"
"EQI","20020925","0.96","0.96","0.96","0.96","68800"
"EQS","20020925","0.045","0.045","0.045","0.045","100000"
"EQX","20020925","0.20","0.20","0.20","0.20","10000"
"EQXO","20020925","0.08","0.08","0.08","0.08","40000"
"ERG","20020925","0.205","0.205","0.19","0.20","7108974"
"ERGG","20020925","4.35","4.35","4.30","4.30","16352"
"ERGIMF","20020925","0.001","0.001","0.001","0.001","20000"
"ESG","20020925","0.12","0.12","0.12","0.12","14000"
"ESI","20020925","0.355","0.355","0.355","0.355","24300"
"ESL","20020925","0.22","0.22","0.22","0.22","1000"
"ESV","20020925","0.19","0.19","0.19","0.19","50000"
"ESX","20020925","0.05","0.05","0.035","0.045","415250"
"ETT","20020925","0.031","0.031","0.03","0.03","1200000"
"ETW","20020925","1.08","1.08","1.07","1.07","8595"
"ETWO","20020925","0.16","0.16","0.16","0.16","1666"
"EUG","20020925","0.071","0.071","0.071","0.071","100000"
"EUR","20020925","0.015","0.015","0.015","0.015","20000"
"EVM","20020925","0.27","0.27","0.27","0.27","23758"
"EWC","20020925","0.035","0.035","0.035","0.035","100000"
"EWL","20020925","0.08","0.08","0.08","0.08","50000"
"EZE","20020925","0.085","0.085","0.078","0.078","25000"
"EZEO","20020925","0.025","0.025","0.025","0.025","130000"
"FAN","20020925","1.83","1.83","1.83","1.83","9000"
"FAR","20020925","0.075","0.075","0.075","0.075","52000"
"FBU","20020925","2.55","2.55","2.55","2.55","851950"
"FCL","20020925","1.26","1.26","1.23","1.26","1097642"
"FCLGA","20020925","2.16","2.16","2.15","2.15","77435"
"FDR","20020925","0.24","0.26","0.24","0.245","193700"
"FDRO","20020925","0.08","0.08","0.08","0.08","1000"
"FEA","20020925","0.105","0.105","0.10","0.10","31371"
"FFL","20020925","1.94","1.94","1.90","1.90","6777"
"FGL","20020925","4.67","4.67","4.60","4.60","9277352"
"FGLIAA","20020925","1.84","1.84","1.79","1.79","6542"
"FGLIMC","20020925","1.59","1.59","1.59","1.59","3000"
"FGLIMD","20020925","0.81","0.81","0.76","0.76","13000"
"FGLIMG","20020925","0.18","0.18","0.18","0.18","10000"
"FGLISF","20020925","1.70","1.70","1.66","1.66","30000"
"FGLWAE","20020925","0.044","0.044","0.042","0.042","55000"
"FGR","20020925","0.013","0.013","0.013","0.013","695000"
"FKP","20020925","1.29","1.29","1.26","1.27","51373"
"FLT","20020925","23.80","23.80","23.10","23.20","54194"
"FOA","20020925","19.95","19.95","19.60","19.61","382643"
"FOAN","20020925","19.37","19.37","19.30","19.30","22000"
"FPA","20020925","8.60","8.75","8.60","8.70","2942"
"FPF","20020925","1.18","1.18","1.18","1.18","40"
"FPH","20020925","8.48","8.48","8.35","8.35","99876"
"FPS","20020925","0.84","0.84","0.80","0.80","43015"
"FSA","20020925","0.13","0.13","0.13","0.13","10000"
"FTR","20020925","0.35","0.35","0.35","0.35","2455"
"FUN","20020925","0.85","0.86","0.83","0.83","58121"
"FUT","20020925","0.027","0.028","0.027","0.027","822878"
"FWD","20020925","2.66","2.66","2.65","2.65","14000"
"FXJ","20020925","2.93","2.99","2.92","2.94","2567546"
"FXJIMC","20020925","0.71","0.72","0.70","0.70","15800"
"FXJIMG","20020925","0.099","0.099","0.099","0.099","27500"
"FXJPA","20020925","110.60","110.65","110.60","110.60","1060"
"FXR","20020925","0.24","0.24","0.24","0.24","29215"
"GAN","20020925","1.24","1.25","1.24","1.24","5408573"
"GAP","20020925","1.27","1.29","1.27","1.27","80630"
"GAS","20020925","1.91","1.92","1.91","1.92","301973"
"GBG","20020925","0.25","0.255","0.24","0.25","670096"
"GBL","20020925","0.031","0.031","0.031","0.031","38000"
"GBR","20020925","0.60","0.60","0.60","0.60","12749"
"GCN","20020925","0.10","0.10","0.10","0.10","6000"
"GCR","20020925","0.065","0.065","0.06","0.065","618000"
"GDM","20020925","0.61","0.61","0.60","0.61","72153"
"GDN","20020925","0.018","0.018","0.018","0.018","400000"
"GDP","20020925","1.35","1.46","1.30","1.46","6950"
"GDY","20020925","0.50","0.50","0.47","0.47","17000"
"GFD","20020925","0.41","0.42","0.40","0.40","29930"
"GGL","20020925","0.50","0.52","0.50","0.51","202860"
"GGY","20020925","0.046","0.046","0.043","0.043","134000"
"GGYOA","20020925","0.014","0.014","0.014","0.014","5000"
"GHG","20020925","0.58","0.58","0.57","0.57","204063"
"GIP","20020925","0.065","0.065","0.065","0.065","76000"
"GLB","20020925","1.48","1.49","1.45","1.49","260399"
"GMF","20020925","1.61","1.62","1.61","1.62","4258991"
"GML","20020925","0.20","0.20","0.18","0.18","103000"
"GMS","20020925","0.35","0.35","0.35","0.35","5500"
"GNC","20020925","9.90","9.90","9.87","9.90","8306"
"GNS","20020925","8.28","8.28","8.10","8.15","125279"
"GOD","20020925","0.011","0.011","0.01","0.011","2400000"
"GOW","20020925","1.76","1.76","1.76","1.76","6124"
"GPO","20020925","0.031","0.033","0.029","0.033","299500"
"GPT","20020925","2.82","2.83","2.80","2.81","3694271"
"GRD","20020925","1.09","1.12","1.09","1.12","44300"
"GRNDA","20020925","0.25","0.25","0.25","0.25","3603"
"GRO","20020925","0.55","0.55","0.53","0.53","22916"
"GRR","20020925","0.135","0.135","0.13","0.13","70000"
"GSE","20020925","0.035","0.035","0.035","0.035","131993"
"GSF","20020925","0.115","0.115","0.115","0.115","40000"
"GSP","20020925","1.38","1.43","1.38","1.43","561788"
"GSTCP","20020925","0.38","0.385","0.38","0.385","10250"
"GSTIN","20020925","2.41","2.41","2.41","2.41","8250"
"GTA","20020925","0.275","0.275","0.275","0.275","50530"
"GTG","20020925","0.39","0.39","0.36","0.36","30228"
"GTM","20020925","0.03","0.03","0.03","0.03","110000"
"GTP","20020925","0.60","0.61","0.57","0.58","438471"
"GUD","20020925","3.86","3.90","3.85","3.85","258114"
"GUL","20020925","0.015","0.02","0.015","0.02","219000"
"GUN","20020925","0.11","0.115","0.11","0.115","53700"
"GVM","20020925","0.036","0.036","0.035","0.035","200000"
"GWT","20020925","2.47","2.50","2.44","2.50","81074"
"GYM","20020925","0.83","0.84","0.80","0.84","165300"
"GYMG","20020925","0.94","0.94","0.94","0.94","201562"
"HAM","20020925","2.15","2.15","2.13","2.13","6295"
"HAN","20020925","10.00","10.00","10.00","10.00","321"
"HAV","20020925","0.069","0.069","0.069","0.069","150000"
"HBIIWA","20020925","43.19","43.19","43.19","43.19","12"
"HBL","20020925","0.38","0.38","0.38","0.38","55000"
"HCN","20020925","0.63","0.65","0.63","0.65","60800"
"HDN","20020925","0.205","0.205","0.205","0.205","1333"
"HDR","20020925","0.76","0.76","0.71","0.71","5084264"
"HDRWMA","20020925","0.064","0.064","0.061","0.061","164674"
"HDRWMB","20020925","0.083","0.083","0.071","0.074","570000"
"HER","20020925","0.495","0.495","0.495","0.495","2000"
"HGR","20020925","0.09","0.09","0.09","0.09","2501"
"HGV","20020925","0.45","0.46","0.45","0.46","36948"
"HHL","20020925","4.30","4.30","4.20","4.20","5412"
"HIC","20020925","0.54","0.54","0.54","0.54","43728"
"HIL","20020925","2.95","3.00","2.94","2.98","54310"
"HJB","20020925","0.25","0.25","0.25","0.25","174194"
"HLT","20020925","0.012","0.012","0.011","0.011","110000"
"HLY","20020925","4.50","4.50","4.46","4.46","591049"
"HMC","20020925","0.051","0.051","0.051","0.051","20000"
"HME","20020925","3.32","3.32","3.26","3.26","55780"
"HML","20020925","0.20","0.20","0.20","0.20","50000"
"HOM","20020925","0.68","0.68","0.68","0.68","6499"
"HPL","20020925","0.42","0.42","0.41","0.41","17012"
"HPX","20020925","1.64","1.64","1.61","1.61","3500"
"HRD","20020925","0.078","0.079","0.078","0.079","322801"
"HRR","20020925","0.145","0.145","0.145","0.145","5000"
"HRT","20020925","0.16","0.165","0.16","0.165","370955"
"HSN","20020925","0.195","0.195","0.185","0.185","16000"
"HSP","20020925","1.97","2.04","1.95","2.02","222198"
"HTA","20020925","0.225","0.225","0.205","0.205","1410276"
"HTE","20020925","0.064","0.064","0.064","0.064","28334"
"HUG","20020925","0.051","0.051","0.05","0.05","130000"
"HVN","20020925","2.71","2.73","2.66","2.73","1758145"
"HVNIPF","20020925","0.86","0.88","0.86","0.88","20000"
"HWE","20020925","0.88","0.88","0.86","0.86","221619"
"HWG","20020925","0.12","0.12","0.12","0.12","23125"
"HWI","20020925","1.94","1.95","1.90","1.95","301281"
"IAG","20020925","3.00","3.01","2.93","2.96","1851649"
"IAGPA","20020925","104.75","105.00","104.75","105.00","1220"
"IAS","20020925","1.19","1.19","1.15","1.16","22500"
"IAT","20020925","0.085","0.085","0.085","0.085","5000"
"IBA","20020925","0.13","0.13","0.13","0.13","25000"
"ICO","20020925","0.003","0.003","0.003","0.003","243551"
"ICP","20020925","0.14","0.16","0.14","0.16","32375"
"ICS","20020925","0.64","0.73","0.64","0.72","816476"
"ICT","20020925","7.65","7.65","7.65","7.65","622"
"IDE","20020925","0.73","0.73","0.73","0.73","7239"
"IDT","20020925","1.97","1.97","1.74","1.74","73270"
"IDX","20020925","2.60","2.60","2.46","2.46","4500"
"IFM","20020925","0.89","0.89","0.85","0.86","36728"
"IGO","20020925","0.325","0.325","0.32","0.32","157000"
"IGOO","20020925","0.185","0.20","0.18","0.20","35740"
"IGP","20020925","2.30","2.30","2.30","2.30","5000"
"IHG","20020925","0.265","0.27","0.25","0.27","685618"
"IIF","20020925","1.63","1.63","1.62","1.63","1715958"
"ILU","20020925","4.44","4.44","4.38","4.38","434621"
"IMA","20020925","0.13","0.13","0.13","0.13","3776"
"IMD","20020925","0.18","0.18","0.165","0.165","93588"
"IMF","20020925","0.25","0.25","0.245","0.245","145567"
"IMH","20020925","0.155","0.155","0.145","0.145","129000"
"IMI","20020925","0.012","0.012","0.012","0.012","83000"
"IMP","20020925","0.013","0.013","0.012","0.012","400000"
"IMU","20020925","0.012","0.013","0.012","0.012","270884"
"INT","20020925","0.068","0.068","0.068","0.068","20866"
"IOC","20020925","1.10","1.10","1.08","1.08","22878"
"IOF","20020925","1.18","1.19","1.18","1.18","976214"
"ION","20020925","2.13","2.14","2.10","2.10","682015"
"IPG","20020925","2.00","2.01","1.99","2.00","2133157"
"IPH","20020925","1.55","1.56","1.54","1.54","128791"
"IRE","20020925","2.15","2.15","2.12","2.12","526751"
"IRI","20020925","0.55","0.55","0.52","0.52","25535"
"IRN","20020925","0.26","0.275","0.26","0.275","80000"
"ISC","20020925","0.054","0.06","0.054","0.06","251469"
"ISY","20020925","0.014","0.014","0.014","0.014","425000"
"ITC","20020925","0.028","0.028","0.026","0.026","170000"
"ITCO","20020925","0.001","0.001","0.001","0.001","14185"
"ITE","20020925","0.12","0.12","0.12","0.12","25250"
"IVK","20020925","0.01","0.01","0.01","0.01","17000"
"IWF","20020925","0.90","0.90","0.90","0.90","4600"
"IWI","20020925","2.18","2.20","2.15","2.20","34590"
"IWL","20020925","0.25","0.25","0.245","0.25","131000"
"JAK","20020925","0.13","0.135","0.13","0.135","33750"
"JAKO","20020925","0.025","0.025","0.025","0.025","18750"
"JAM","20020925","0.155","0.155","0.155","0.155","769"
"JBM","20020925","1.52","1.52","1.49","1.49","84885"
"JCMG","20020925","3.19","3.19","3.15","3.15","42680"
"JEL","20020925","0.92","0.92","0.88","0.88","18500"
"JET","20020925","0.18","0.18","0.175","0.175","154872"
"JETO","20020925","0.033","0.033","0.03","0.03","25000"
"JFG","20020925","3.16","3.17","3.15","3.17","44454"
"JHX","20020925","6.01","6.05","5.96","6.04","2578398"
"JRL","20020925","0.19","0.19","0.17","0.17","48500"
"JRR","20020925","0.94","0.94","0.94","0.94","24063"
"JRV","20020925","0.038","0.038","0.037","0.037","100000"
"JRVO","20020925","0.015","0.015","0.015","0.015","150000"
"JUM","20020925","0.019","0.019","0.019","0.019","100000"
"JUP","20020925","5.56","5.56","5.50","5.56","223451"
"JUPPA","20020925","103.50","103.51","103.30","103.30","7864"
"KAZ","20020925","0.24","0.24","0.23","0.24","2029023"
"KBO","20020925","0.03","0.03","0.028","0.028","140875"
"KCN","20020925","3.13","3.15","3.10","3.14","140099"
"KIM","20020925","0.41","0.42","0.38","0.39","77534"
"KIMO","20020925","0.024","0.024","0.023","0.023","175000"
"KMN","20020925","0.02","0.02","0.019","0.019","75000"
"KOV","20020925","1.45","1.45","1.45","1.45","500"
"KRZ","20020925","0.004","0.005","0.004","0.004","6250000"
"KSC","20020925","2.58","2.58","2.55","2.55","12756"
"KYC","20020925","1.09","1.11","1.02","1.11","71180"
"KZL","20020925","0.42","0.43","0.42","0.42","60500"
"KZLG","20020925","0.90","0.90","0.90","0.90","20000"
"LAF","20020925","0.054","0.055","0.054","0.055","100000"
"LAK","20020925","0.22","0.22","0.21","0.21","117730"
"LAS","20020925","0.061","0.061","0.06","0.06","3100"
"LCH","20020925","0.095","0.095","0.095","0.095","20000"
"LCL","20020925","0.77","0.78","0.77","0.78","10000"
"LCO","20020925","1.55","1.68","1.50","1.68","22671"
"LDW","20020925","2.20","2.20","2.20","2.20","2935"
"LEI","20020925","10.25","10.25","10.08","10.13","377460"
"LEIIMC","20020925","4.07","4.08","4.07","4.08","2000"
"LGO","20020925","0.02","0.023","0.02","0.023","170750"
"LHG","20020925","1.36","1.37","1.34","1.35","6212722"
"LHGWAE","20020925","0.087","0.087","0.087","0.087","110000"
"LHGWMJ","20020925","0.032","0.032","0.032","0.032","20000"
"LHGWMK","20020925","0.125","0.125","0.12","0.12","769000"
"LHGWMQ","20020925","0.12","0.12","0.12","0.12","50000"
"LHGWPF","20020925","0.065","0.065","0.065","0.065","12000"
"LKO","20020925","0.02","0.021","0.02","0.021","277500"
"LLC","20020925","9.95","10.08","9.88","10.01","870035"
"LLCIMC","20020925","2.97","2.97","2.97","2.97","1000"
"LLCIPB","20020925","2.74","2.74","2.74","2.74","40000"
"LLCISS","20020925","0.46","0.46","0.46","0.46","7000"
"LLCWGI","20020925","0.11","0.11","0.11","0.11","15000"
"LLCWMW","20020925","0.14","0.14","0.125","0.125","33000"
"LNN","20020925","5.17","5.17","5.12","5.14","296280"
"LOK","20020925","0.099","0.099","0.097","0.098","2673895"
"LON","20020925","0.85","0.85","0.85","0.85","30249"
"LRL","20020925","0.11","0.11","0.11","0.11","166918"
"LSG","20020925","0.90","0.90","0.89","0.90","79944"
"LUO","20020925","1.42","1.42","1.41","1.41","1550219"
"LYC","20020925","0.135","0.135","0.13","0.13","90000"
"MAG","20020925","1.80","1.85","1.80","1.85","1296"
"MAH","20020925","0.245","0.245","0.23","0.235","203350"
"MAP","20020925","1.18","1.18","1.14","1.14","1109273"
"MAPIMF","20020925","0.35","0.35","0.325","0.325","62000"
"MAPN","20020925","1.18","1.18","1.12","1.12","131000"
"MAQ","20020925","0.09","0.09","0.09","0.09","7200"
"MAY","20020925","3.54","3.55","3.51","3.55","2298564"
"MAYIMC","20020925","0.93","0.93","0.93","0.93","3000"
"MAYWMG","20020925","0.024","0.024","0.024","0.024","50000"
"MBF","20020925","0.09","0.09","0.09","0.09","20000"
"MBG","20020925","0.053","0.053","0.052","0.052","50000"
"MBL","20020925","21.80","21.99","21.28","21.75","683623"
"MBLHB","20020925","97.40","97.40","96.75","96.85","5302"
"MBLIDA","20020925","6.10","6.10","6.10","6.10","423"
"MBLIPF","20020925","4.04","4.04","3.96","3.96","2000"
"MBLIWA","20020925","6.50","6.88","6.44","6.88","2000"
"MBLPA","20020925","109.50","109.50","108.70","108.70","288"
"MBLWGR","20020925","0.85","0.85","0.85","0.85","1850"
"MBLWPE","20020925","0.18","0.18","0.16","0.16","65000"
"MBP","20020925","0.82","0.82","0.81","0.81","92174"
"MBPO","20020925","0.60","0.60","0.58","0.58","51346"
"MBWIWA","20020925","33.45","33.45","33.45","33.45","16"
"MBX","20020925","0.038","0.04","0.038","0.04","703000"
"MCA","20020925","1.00","1.00","1.00","1.00","5400"
"MCC","20020925","1.22","1.22","1.16","1.21","74821"
"MCG","20020925","2.00","2.00","1.98","1.99","184393"
"MCL","20020925","0.01","0.01","0.01","0.01","8940"
"MCP","20020925","2.21","2.22","2.18","2.22","121984"
"MCR","20020925","0.31","0.315","0.31","0.31","1485437"
"MCW","20020925","1.55","1.55","1.53","1.54","1799834"
"MDM","20020925","0.042","0.042","0.034","0.04","118429"
"MDMOC","20020925","0.007","0.007","0.006","0.006","249278"
"MEE","20020925","0.07","0.071","0.07","0.07","206000"
"MEEO","20020925","0.023","0.025","0.023","0.025","84700"
"MEO","20020925","0.12","0.12","0.12","0.12","21000"
"MGAPA","20020925","101.76","101.80","101.75","101.80","1885"
"MGD","20020925","0.07","0.077","0.07","0.077","144000"
"MGE","20020925","0.52","0.52","0.51","0.51","24600"
"MGI","20020925","1.45","1.46","1.44","1.45","2468369"
"MGM","20020925","1.36","1.37","1.36","1.37","303591"
"MGP","20020925","1.31","1.31","1.30","1.30","12827"
"MGR","20020925","4.08","4.08","4.04","4.05","2604750"
"MGW","20020925","4.88","4.88","4.74","4.74","72935"
"MGX","20020925","0.18","0.18","0.165","0.165","852965"
"MGXO","20020925","0.045","0.045","0.042","0.042","59000"
"MHI","20020925","0.19","0.19","0.19","0.19","3000"
"MIA","20020925","0.80","0.82","0.80","0.81","537395"
"MIAIMC","20020925","0.20","0.20","0.20","0.20","10000"
"MIG","20020925","2.80","2.84","2.79","2.81","3134935"
"MIGWMC","20020925","0.033","0.033","0.033","0.033","26000"
"MIK","20020925","0.067","0.067","0.067","0.067","16500"
"MIM","20020925","1.11","1.15","1.11","1.12","14561348"
"MIMIZA","20020925","0.42","0.44","0.42","0.44","11000"
"MIMWMK","20020925","0.094","0.094","0.091","0.091","105000"
"MIMWOR","20020925","0.115","0.115","0.10","0.105","150000"
"MIMWPF","20020925","0.001","0.001","0.001","0.001","720000"
"MIR","20020925","1.00","1.00","1.00","1.00","35000"
"MJN","20020925","0.023","0.023","0.023","0.023","83333"
"MLB","20020925","0.48","0.49","0.47","0.48","1209000"
"MLE","20020925","0.66","0.67","0.66","0.66","193662"
"MLT","20020925","11.72","11.90","11.70","11.84","15534"
"MME","20020925","0.185","0.185","0.185","0.185","10000"
"MMN","20020925","0.10","0.10","0.095","0.095","190000"
"MMNOA","20020925","0.05","0.05","0.05","0.05","200000"
"MND","20020925","2.71","2.71","2.71","2.71","650"
"MNR","20020925","0.79","0.80","0.71","0.72","56545"
"MOD","20020925","0.285","0.295","0.285","0.295","50000"
"MOF","20020925","1.23","1.24","1.21","1.21","1163171"
"MOO","20020925","0.049","0.049","0.04","0.04","91713"
"MORPA","20020925","101.00","101.00","101.00","101.00","165"
"MOS","20020925","0.16","0.165","0.16","0.165","589130"
"MPD","20020925","0.165","0.165","0.16","0.16","254846"
"MPH","20020925","0.42","0.42","0.42","0.42","142"
"MPI","20020925","0.08","0.082","0.075","0.075","157082"
"MPO","20020925","0.033","0.034","0.032","0.034","126000"
"MPOO","20020925","0.002","0.002","0.002","0.002","821428"
"MPRCA","20020925","0.84","0.84","0.83","0.83","1565019"
"MRL","20020925","2.04","2.05","2.03","2.03","402446"
"MRM","20020925","0.305","0.305","0.30","0.30","70000"
"MRX","20020925","0.042","0.042","0.041","0.041","156080"
"MRY","20020925","0.008","0.008","0.008","0.008","60000"
"MSC","20020925","0.195","0.195","0.195","0.195","10000"
"MSG","20020925","0.23","0.23","0.23","0.23","32000"
"MST","20020925","0.57","0.61","0.55","0.58","663435"
"MSTO","20020925","0.175","0.19","0.175","0.18","304556"
"MTB","20020925","0.08","0.08","0.075","0.075","51000"
"MTD","20020925","0.165","0.165","0.165","0.165","133"
"MTR","20020925","0.16","0.16","0.16","0.16","26200"
"MTT","20020925","2.21","2.21","2.13","2.16","196703"
"MUL","20020925","0.005","0.007","0.005","0.007","1387500"
"MUR","20020925","0.05","0.052","0.05","0.051","847000"
"MWE","20020925","0.165","0.165","0.16","0.16","151000"
"MWEOA","20020925","0.08","0.08","0.08","0.08","15000"
"MXA","20020925","0.008","0.008","0.008","0.008","45000"
"MXI","20020925","0.18","0.19","0.18","0.19","157100"
"MXL","20020925","0.099","0.11","0.099","0.11","1211111"
"MXO","20020925","0.049","0.05","0.046","0.048","112500"
"MXS","20020925","0.038","0.038","0.038","0.038","8500"
"MYO","20020925","0.65","0.65","0.64","0.64","228108"
"NAB","20020925","34.96","35.05","34.40","34.47","4441785"
"NABEEA","20020925","17.50","17.50","17.50","17.50","36"
"NABHA","20020925","93.41","93.50","93.30","93.49","14033"
"NABIGB","20020925","12.30","12.30","12.30","12.30","1900"
"NABIGG","20020925","5.39","5.39","5.39","5.39","3000"
"NABIMC","20020925","15.60","15.60","15.60","15.60","1000"
"NABIMD","20020925","6.54","6.54","6.20","6.20","4750"
"NABIMG","20020925","3.50","3.50","3.16","3.17","13400"
"NABIMV","20020925","1.88","1.88","1.75","1.75","10800"
"NABIPG","20020925","1.48","1.48","1.45","1.45","40000"
"NABIZD","20020925","7.66","7.66","7.66","7.66","5000"
"NABWAH","20020925","0.105","0.105","0.105","0.105","20000"
"NABWAU","20020925","0.13","0.165","0.125","0.16","1301300"
"NABWAV","20020925","0.17","0.17","0.17","0.17","2730"
"NABWCX","20020925","0.40","0.44","0.40","0.44","194151"
"NABWGA","20020925","0.11","0.11","0.085","0.085","11000"
"NABWGP","20020925","0.01","0.01","0.01","0.01","22314"
"NABWGQ","20020925","0.125","0.16","0.125","0.16","225000"
"NABWMX","20020925","0.029","0.029","0.029","0.029","40000"
"NABWMY","20020925","0.205","0.205","0.205","0.205","70000"
"NABWOE","20020925","0.295","0.295","0.27","0.27","70000"
"NABWOP","20020925","0.001","0.001","0.001","0.001","35000"
"NABWOQ","20020925","0.36","0.36","0.36","0.36","5000"
"NABWOR","20020925","0.265","0.315","0.265","0.31","697266"
"NABWPO","20020925","0.155","0.16","0.115","0.115","250000"
"NABWPX","20020925","0.02","0.023","0.017","0.023","110000"
"NAL","20020925","0.49","0.49","0.46","0.47","109430"
"NAM","20020925","0.23","0.23","0.23","0.23","2500"
"NCM","20020925","7.00","7.07","6.92","6.93","1229907"
"NCMWMJ","20020925","0.185","0.185","0.185","0.185","4000"
"NCMWZA","20020925","0.076","0.076","0.076","0.076","50000"
"NCP","20020925","9.07","9.12","8.90","8.95","10426470"
"NCPDP","20020925","7.74","7.75","7.54","7.55","5865164"
"NCPIDH","20020925","0.88","0.88","0.88","0.88","3000"
"NCPIGH","20020925","1.17","1.17","1.17","1.17","10000"
"NCPIMC","20020925","2.50","2.60","2.50","2.53","89500"
"NCPIMD","20020925","1.09","1.11","1.05","1.05","31000"
"NCPIMF","20020925","0.94","1.01","0.91","0.93","109200"
"NCPISS","20020925","0.66","0.66","0.66","0.66","45000"
"NCPWGD","20020925","0.11","0.11","0.094","0.095","1633725"
"NCPWGE","20020925","0.044","0.044","0.044","0.044","45450"
"NCPWGX","20020925","0.23","0.23","0.225","0.23","71729"
"NCPWMA","20020925","0.175","0.18","0.175","0.18","52000"
"NCPWMN","20020925","0.235","0.255","0.235","0.235","174000"
"NCPWMO","20020925","0.029","0.029","0.029","0.029","100000"
"NCPWMP","20020925","0.305","0.305","0.285","0.285","22000"
"NCPWMQ","20020925","0.47","0.47","0.47","0.47","2143"
"NCPWMZ","20020925","0.125","0.13","0.125","0.13","33125"
"NCPWOF","20020925","0.021","0.021","0.016","0.019","893767"
"NCPWOP","20020925","0.52","0.53","0.52","0.53","180242"
"NCPWOQ","20020925","0.098","0.11","0.086","0.092","395000"
"NCPWPE","20020925","0.175","0.195","0.175","0.18","201961"
"NCPWPI","20020925","0.001","0.001","0.001","0.001","410000"
"NCPWPP","20020925","0.295","0.295","0.29","0.29","213100"
"NCPWXH","20020925","0.023","0.023","0.023","0.023","50000"
"NCPWZL","20020925","0.19","0.21","0.185","0.19","405500"
"NCPWZM","20020925","0.093","0.093","0.088","0.088","230000"
"NDC","20020925","0.16","0.16","0.145","0.145","45510"
"NDO","20020925","0.016","0.016","0.015","0.015","298000"
"NEM","20020925","5.31","5.37","5.31","5.35","345162"
"NEV","20020925","2.15","2.15","2.11","2.15","5670"
"NFD","20020925","3.63","3.65","3.61","3.63","313881"
"NFM","20020925","16.70","16.76","16.65","16.75","12350"
"NHL","20020925","0.91","0.91","0.91","0.91","24666"
"NHM","20020925","0.016","0.016","0.016","0.016","127227"
"NIX","20020925","0.61","0.61","0.61","0.61","19450"
"NNG","20020925","0.24","0.24","0.24","0.24","35000"
"NOL","20020925","0.43","0.43","0.43","0.43","19000"
"NPS","20020925","1.06","1.06","1.06","1.06","3000"
"NRT","20020925","1.89","1.89","1.73","1.75","556541"
"NSL","20020925","0.31","0.31","0.31","0.31","40723"
"NTG","20020925","1.07","1.12","1.07","1.10","1675816"
"NUF","20020925","3.68","3.70","3.65","3.68","127309"
"NVS","20020925","1.43","1.46","1.39","1.39","1061250"
"NWE","20020925","0.09","0.09","0.09","0.09","20000"
"NWEOA","20020925","0.03","0.03","0.03","0.03","200000"
"NWL","20020925","0.11","0.115","0.10","0.11","516000"
"NWLOA","20020925","0.011","0.011","0.011","0.011","8000"
"NZO","20020925","0.255","0.255","0.255","0.255","636"
"OBJ","20020925","0.007","0.007","0.007","0.007","70000"
"OCO","20020925","0.047","0.047","0.046","0.046","42500"
"OEC","20020925","0.205","0.21","0.205","0.21","348363"
"OFM","20020925","1.85","1.85","1.84","1.84","14555"
"OHL","20020925","0.015","0.015","0.015","0.015","10625"
"OIL","20020925","0.52","0.53","0.50","0.53","90577"
"OKN","20020925","1.13","1.13","1.11","1.11","18051"
"OLA","20020925","0.025","0.026","0.025","0.026","368889"
"OLE","20020925","0.13","0.13","0.13","0.13","25726"
"OMI","20020925","2.17","2.45","2.15","2.40","134097"
"OMP","20020925","3.75","3.80","3.70","3.80","40330"
"OPI","20020925","0.12","0.125","0.12","0.12","77328"
"OPL","20020925","0.14","0.14","0.14","0.14","438732"
"OPS","20020925","3.66","3.66","3.61","3.62","310752"
"ORCOB","20020925","0.001","0.001","0.001","0.001","845018"
"ORG","20020925","3.51","3.56","3.49","3.50","1562347"
"ORI","20020925","9.66","9.69","9.55","9.62","578623"
"ORL","20020925","4.25","4.25","4.25","4.25","5000"
"ORO","20020925","0.145","0.145","0.145","0.145","80000"
"OSH","20020925","0.73","0.73","0.70","0.70","7447740"
"OSHPB","20020925","55.75","55.75","55.75","55.75","56"
"OSHWAG","20020925","0.047","0.047","0.047","0.047","115000"
"OSHWPF","20020925","0.013","0.013","0.013","0.013","65000"
"OST","20020925","1.45","1.48","1.44","1.47","454978"
"OTR","20020925","0.28","0.28","0.28","0.28","7000"
"OTS","20020925","0.05","0.05","0.05","0.05","16000"
"OXR","20020925","0.36","0.36","0.35","0.36","2533672"
"PAL","20020925","0.135","0.14","0.13","0.14","123644"
"PBB","20020925","4.00","4.00","3.93","3.95","253636"
"PBL","20020925","7.75","7.77","7.62","7.71","1222863"
"PBLHA","20020925","96.00","96.50","96.00","96.50","574"
"PBLIME","20020925","2.29","2.29","2.29","2.29","575"
"PBO","20020925","1.00","1.00","1.00","1.00","7000"
"PBT","20020925","2.20","2.20","2.12","2.12","17000"
"PCE","20020925","0.145","0.15","0.145","0.15","20000"
"PCG","20020925","0.125","0.125","0.12","0.125","80000"
"PCL","20020925","0.036","0.036","0.034","0.035","327800"
"PCLOA","20020925","0.011","0.011","0.011","0.011","10000"
"PCO","20020925","0.055","0.055","0.049","0.049","221509"
"PDG","20020925","19.00","19.00","19.00","19.00","1600"
"PDNO","20020925","0.002","0.002","0.002","0.002","400000"
"PDR","20020925","0.11","0.11","0.11","0.11","3214133"
"PDRG","20020925","0.121","0.121","0.121","0.121","65000"
"PEL","20020925","0.082","0.082","0.08","0.08","25288"
"PEM","20020925","0.62","0.66","0.61","0.62","410000"
"PEP","20020925","0.74","0.74","0.72","0.72","39650"
"PHY","20020925","3.19","3.29","3.10","3.15","173810"
"PIFCA","20020925","0.66","0.66","0.65","0.66","678054"
"PIL","20020925","0.12","0.13","0.12","0.12","101659"
"PKT","20020925","0.015","0.015","0.015","0.015","1050"
"PLA","20020925","0.34","0.34","0.32","0.32","4000"
"PLF","20020925","2.15","2.15","2.11","2.11","14170"
"PLL","20020925","0.85","0.85","0.85","0.85","4500"
"PLT","20020925","1.75","1.75","1.73","1.73","3525"
"PLW","20020925","3.90","3.90","3.90","3.90","2700"
"PLX","20020925","0.008","0.008","0.008","0.008","442500"
"PMC","20020925","2.21","2.21","2.16","2.16","140253"
"PME","20020925","0.87","0.88","0.87","0.88","10900"
"PMH","20020925","0.016","0.016","0.016","0.016","60000"
"PMM","20020925","1.24","1.26","1.23","1.25","64938"
"PMP","20020925","1.07","1.08","1.02","1.05","120965"
"PMT","20020925","8.67","8.67","8.65","8.65","1850"
"PMX","20020925","0.17","0.17","0.17","0.17","19105"
"PNO","20020925","0.06","0.06","0.06","0.06","20000"
"PPH","20020925","1.44","1.44","1.41","1.41","85596"
"PPK","20020925","1.12","1.12","1.09","1.09","97900"
"PPP","20020925","0.092","0.093","0.092","0.093","280000"
"PPT","20020925","35.80","35.90","35.10","35.85","65612"
"PPX","20020925","5.03","5.06","5.00","5.01","364052"
"PRG","20020925","2.29","2.29","2.28","2.28","43407"
"PRK","20020925","13.56","13.76","13.50","13.57","897481"
"PRKIGC","20020925","6.34","6.34","6.34","6.34","420"
"PRKIMD","20020925","2.12","2.12","2.12","2.12","400"
"PRKIXB","20020925","5.13","5.13","5.13","5.13","3000"
"PRKO","20020925","5.50","5.50","5.20","5.40","15938"
"PRKPA","20020925","13.62","13.83","13.62","13.83","9027"
"PRO","20020925","0.155","0.165","0.155","0.165","29500"
"PRR","20020925","0.38","0.38","0.38","0.38","450"
"PRT","20020925","1.62","1.70","1.62","1.63","7300"
"PRTPA","20020925","3.20","3.20","3.19","3.19","29000"
"PRX","20020925","0.95","0.96","0.95","0.96","260940"
"PRY","20020925","3.40","3.40","3.40","3.40","353"
"PSA","20020925","0.29","0.29","0.275","0.285","579034"
"PSD","20020925","0.155","0.155","0.14","0.14","459800"
"PSG","20020925","0.27","0.27","0.25","0.25","30200"
"PSN","20020925","5.40","5.40","5.30","5.30","9900"
"PSV","20020925","0.16","0.165","0.16","0.16","402500"
"PTD","20020925","2.28","2.30","2.24","2.24","298770"
"PTDWMG","20020925","0.084","0.084","0.084","0.084","20000"
"PWR","20020925","0.046","0.046","0.041","0.042","3036108"
"PWT","20020925","0.082","0.082","0.073","0.073","466664"
"QAN","20020925","3.80","3.80","3.67","3.67","8186089"
"QANIAA","20020925","1.88","1.88","1.88","1.88","2000"
"QANIDA","20020925","1.44","1.44","1.44","1.44","6000"
"QANIMC","20020925","1.44","1.44","1.41","1.42","62261"
"QANIMD","20020925","0.61","0.61","0.59","0.59","25000"
"QANIMU","20020925","0.024","0.024","0.024","0.024","2000"
"QANIOG","20020925","0.35","0.35","0.32","0.32","194670"
"QANIPD","20020925","0.63","0.63","0.60","0.60","11000"
"QANISO","20020925","0.52","0.52","0.52","0.52","63000"
"QANIZD","20020925","0.53","0.53","0.53","0.53","10000"
"QANWAH","20020925","0.003","0.003","0.003","0.003","250000"
"QANWAT","20020925","0.13","0.13","0.13","0.13","10000"
"QANWCT","20020925","0.405","0.405","0.405","0.405","2100"
"QANWGH","20020925","0.008","0.008","0.008","0.008","65000"
"QANWMM","20020925","0.001","0.001","0.001","0.001","173001"
"QANWMN","20020925","0.001","0.001","0.001","0.001","122000"
"QANWMP","20020925","0.21","0.225","0.21","0.225","55000"
"QANWOG","20020925","0.008","0.008","0.008","0.008","30000"
"QANWOH","20020925","0.015","0.015","0.015","0.015","50000"
"QANWOU","20020925","0.22","0.22","0.22","0.22","10000"
"QBE","20020925","7.22","7.30","7.18","7.21","1172735"
"QBEIMD","20020925","1.68","1.69","1.67","1.69","21000"
"QBEWGP","20020925","0.027","0.027","0.025","0.025","150000"
"QBEWPA","20020925","0.055","0.055","0.055","0.055","50000"
"QCH","20020925","3.25","3.25","3.24","3.25","14665"
"QGC","20020925","0.225","0.225","0.215","0.215","72000"
"QML","20020925","0.18","0.18","0.17","0.17","3547"
"QMM","20020925","0.02","0.02","0.02","0.02","6700"
"QPX","20020925","0.35","0.35","0.35","0.35","1000"
"QTK","20020925","0.019","0.02","0.019","0.02","411535"
"QTL","20020925","0.015","0.015","0.015","0.015","15000"
"QVL","20020925","0.083","0.083","0.081","0.081","103000"
"RAC","20020925","0.155","0.155","0.155","0.155","201000"
"RBK","20020925","0.30","0.30","0.29","0.30","175367"
"RBS","20020925","3.76","3.81","3.76","3.76","14248"
"RCD","20020925","1.99","1.99","1.96","1.96","254054"
"RCR","20020925","0.30","0.30","0.30","0.30","49939"
"RCT","20020925","1.35","1.35","1.35","1.35","1429"
"RDR","20020925","0.21","0.21","0.21","0.21","10000"
"REA","20020925","0.175","0.175","0.175","0.175","49500"
"REB","20020925","2.31","2.31","2.25","2.26","110782"
"RED","20020925","0.099","0.099","0.099","0.099","9000"
"REG","20020925","2.15","2.15","2.15","2.15","300000"
"REL","20020925","0.083","0.086","0.081","0.086","599500"
"RFS","20020925","0.30","0.305","0.30","0.305","96284"
"RGL","20020925","0.074","0.074","0.073","0.073","60000"
"RGS","20020925","0.53","0.53","0.51","0.51","112817"
"RHC","20020925","3.78","3.78","3.71","3.72","79492"
"RHL","20020925","2.71","2.71","2.70","2.70","12000"
"RIC","20020925","1.37","1.40","1.37","1.39","163601"
"RICGA","20020925","2.035","2.035","2.035","2.035","17280"
"RIM","20020925","0.065","0.07","0.058","0.07","342474"
"RIO","20020925","29.20","29.45","29.15","29.32","3386938"
"RIOIAA","20020925","8.55","8.60","8.55","8.59","2300"
"RIOIDH","20020925","3.23","3.23","3.23","3.23","2000"
"RIOIMC","20020925","9.13","9.15","9.07","9.07","7120"
"RIOIMD","20020925","2.82","2.82","2.75","2.75","5500"
"RIOIMG","20020925","1.05","1.07","1.03","1.07","30000"
"RIOIPD","20020925","1.75","1.84","1.72","1.84","7000"
"RIOIPF","20020925","10.77","10.77","10.68","10.68","3450"
"RIOIWA","20020925","11.19","11.19","11.19","11.19","500"
"RIOIZA","20020925","9.39","9.39","9.39","9.39","7270"
"RIOIZD","20020925","1.69","1.74","1.66","1.66","90000"
"RIOWCU","20020925","0.98","0.98","0.95","0.95","27500"
"RIOWMH","20020925","0.057","0.062","0.057","0.06","484000"
"RIOWMV","20020925","0.45","0.54","0.45","0.52","122288"
"RIOWPI","20020925","0.095","0.098","0.095","0.098","393850"
"RKN","20020925","0.16","0.16","0.14","0.14","16400"
"RLD","20020925","0.11","0.11","0.11","0.11","25000"
"RMD","20020925","5.29","5.30","5.20","5.24","1391371"
"RMDWMP","20020925","0.06","0.064","0.06","0.064","21000"
"RMG","20020925","0.04","0.04","0.036","0.036","230000"
"RMGR","20020925","0.002","0.002","0.002","0.002","50000"
"RMW","20020925","1.05","1.05","1.02","1.02","2000"
"RNG","20020925","0.10","0.10","0.10","0.10","750000"
"RNGO","20020925","0.037","0.037","0.037","0.037","122500"
"ROC","20020925","1.42","1.42","1.40","1.41","161808"
"ROK","20020925","3.26","3.26","3.23","3.26","11514"
"RPC","20020925","0.415","0.415","0.41","0.41","30000"
"RPT","20020925","0.047","0.047","0.047","0.047","70000"
"RRS","20020925","0.04","0.04","0.04","0.04","280000"
"RSEIWA","20020925","48.65","48.65","48.65","48.65","11"
"RSG","20020925","0.68","0.68","0.67","0.67","94168"
"RSGO","20020925","0.21","0.21","0.21","0.21","666"
"RSN","20020925","0.091","0.095","0.091","0.092","100500"
"RSNCC","20020925","0.015","0.015","0.015","0.015","30000"
"RUP","20020925","5.62","5.63","5.55","5.55","8100"
"RUPDP","20020925","5.57","5.57","5.57","5.57","48200"
"RYW","20020925","0.25","0.255","0.245","0.255","128000"
"SAF","20020925","0.17","0.17","0.16","0.16","10000"
"SAQ","20020925","4.75","4.80","4.75","4.80","2280"
"SBC","20020925","9.32","9.35","9.30","9.35","11174"
"SBE","20020925","1.83","1.85","1.80","1.85","28236"
"SBM","20020925","0.15","0.15","0.145","0.145","372988"
"SBMO","20020925","0.035","0.036","0.033","0.036","181591"
"SBP","20020925","0.10","0.10","0.088","0.092","201426"
"SBPO","20020925","0.01","0.01","0.009","0.009","84500"
"SBS","20020925","0.023","0.023","0.023","0.023","220000"
"SCE","20020925","0.025","0.025","0.024","0.024","90000"
"SCF","20020925","101.00","101.00","100.98","101.00","8234"
"SDG","20020925","0.53","0.53","0.52","0.52","55000"
"SDI","20020925","3.61","3.65","3.61","3.65","30000"
"SED","20020925","0.17","0.17","0.17","0.17","55000"
"SEL","20020925","1.96","1.96","1.95","1.95","3570"
"SEN","20020925","0.092","0.093","0.09","0.09","214608"
"SENO","20020925","0.035","0.035","0.035","0.035","37178"
"SES","20020925","0.094","0.094","0.094","0.094","5000"
"SEV","20020925","4.73","4.85","4.72","4.83","439577"
"SEVIMF","20020925","0.45","0.45","0.45","0.45","20000"
"SFC","20020925","10.25","10.25","10.25","10.25","500"
"SFD","20020925","0.19","0.19","0.18","0.18","23000"
"SFE","20020925","2.90","2.98","2.85","2.96","264234"
"SFG","20020925","0.015","0.015","0.015","0.015","18000"
"SFY","20020925","31.00","31.00","31.00","31.00","165"
"SGB","20020925","18.90","18.91","18.55","18.66","1504938"
"SGBHB","20020925","102.00","103.00","102.00","103.00","90"
"SGBHC","20020925","101.70","101.70","101.50","101.50","440"
"SGBIDH","20020925","3.24","3.24","3.24","3.24","5000"
"SGBIGH","20020925","4.75","4.75","4.75","4.75","750"
"SGBIMD","20020925","4.04","4.04","3.94","3.94","2763"
"SGBIMG","20020925","6.78","6.78","6.78","6.78","1000"
"SGBPB","20020925","108.60","108.60","108.25","108.59","1420"
"SGC","20020925","0.32","0.33","0.315","0.315","104500"
"SGN","20020925","3.02","3.02","2.97","2.97","82877"
"SGP","20020925","4.48","4.48","4.44","4.45","2196531"
"SGS","20020925","1.31","1.31","1.27","1.30","624632"
"SGT","20020925","1.46","1.47","1.41","1.43","2309309"
"SGW","20020925","4.91","4.92","4.88","4.91","855246"
"SHL","20020925","5.80","5.80","5.71","5.72","1253867"
"SHM","20020925","0.15","0.15","0.15","0.15","20000"
"SHR","20020925","1.65","1.65","1.65","1.65","2839"
"SIG","20020925","4.01","4.02","3.87","3.87","103286"
"SKD","20020925","0.18","0.18","0.18","0.18","136206"
"SKE","20020925","1.58","1.58","1.50","1.51","122851"
"SKG","20020925","0.018","0.018","0.018","0.018","250000"
"SKR","20020925","0.085","0.09","0.085","0.085","692308"
"SLN","20020925","0.45","0.45","0.44","0.44","113039"
"SLX","20020925","0.55","0.55","0.51","0.53","399911"
"SMC","20020925","0.235","0.235","0.23","0.23","166700"
"SML","20020925","0.021","0.021","0.021","0.021","500000"
"SMS","20020925","6.50","6.51","6.41","6.50","241991"
"SMX","20020925","0.465","0.465","0.46","0.46","354249"
"SMY","20020925","0.30","0.30","0.29","0.29","309000"
"SNX","20020925","0.79","0.79","0.75","0.76","249179"
"SOF","20020925","0.069","0.069","0.069","0.069","23000"
"SOH","20020925","0.45","0.45","0.44","0.445","74502"
"SOL","20020925","5.10","5.10","5.00","5.00","40980"
"SOT","20020925","0.80","0.80","0.75","0.76","131818"
"SOTO","20020925","0.55","0.55","0.55","0.55","25500"
"SOU","20020925","0.027","0.027","0.027","0.027","55000"
"SPC","20020925","1.38","1.38","1.34","1.34","161911"
"SPH","20020925","0.09","0.09","0.09","0.09","1000"
"SPL","20020925","0.46","0.46","0.46","0.46","1733"
"SPP","20020925","0.44","0.45","0.44","0.44","79100"
"SPT","20020925","5.15","5.24","5.14","5.24","264308"
"SPX","20020925","0.51","0.51","0.51","0.51","6250"
"SPXR","20020925","0.02","0.021","0.02","0.02","709584"
"SRA","20020925","0.40","0.40","0.38","0.40","65231"
"SRI","20020925","0.26","0.265","0.255","0.26","254251"
"SRP","20020925","5.25","5.33","5.21","5.30","1376537"
"SRT","20020925","0.01","0.01","0.01","0.01","10833"
"SRV","20020925","1.79","1.79","1.75","1.75","10500"
"SRX","20020925","2.54","2.55","2.53","2.53","55230"
"SSBHA","20020925","5.92","5.92","5.92","5.92","193"
"SSH","20020925","0.13","0.13","0.13","0.13","2500"
"SSR","20020925","0.58","0.58","0.58","0.58","57000"
"SSS","20020925","3.93","3.95","3.92","3.95","15850"
"SSX","20020925","1.19","1.19","1.15","1.17","375694"
"SSXPB","20020925","2.14","2.14","2.12","2.13","31473"
"STN","20020925","0.155","0.155","0.155","0.155","39200"
"STO","20020925","6.11","6.14","6.05","6.05","660711"
"STOIPA","20020925","2.35","2.35","2.35","2.35","3000"
"STOPA","20020925","104.60","104.95","104.30","104.95","25288"
"STOWMG","20020925","0.056","0.056","0.056","0.056","15000"
"STP","20020925","0.445","0.445","0.42","0.425","523500"
"STU","20020925","0.51","0.52","0.50","0.52","16719"
"STW","20020925","30.28","30.33","30.16","30.17","26136"
"STWIMG","20020925","2.81","2.81","2.81","2.81","1000"
"STWIPB","20020925","3.74","3.74","3.74","3.74","500"
"STWIWA","20020925","10.61","10.61","10.61","10.61","110"
"SUN","20020925","11.90","11.95","11.80","11.85","1184813"
"SUNHB","20020925","84.60","84.60","84.60","84.60","21"
"SUNIMC","20020925","4.83","4.83","4.83","4.83","4000"
"SUNIMD","20020925","2.07","2.07","2.07","2.07","25000"
"SUNIZD","20020925","0.52","0.52","0.51","0.51","27850"
"SUNPA","20020925","104.10","104.20","104.00","104.10","9484"
"SUNWGD","20020925","0.14","0.15","0.14","0.145","16500"
"SUNWGP","20020925","0.05","0.051","0.05","0.051","13000"
"SUR","20020925","0.092","0.092","0.092","0.092","100000"
"SWG","20020925","0.12","0.12","0.115","0.115","12220"
"SWT","20020925","0.055","0.055","0.055","0.055","8666"
"SWTOA","20020925","0.02","0.02","0.02","0.02","498000"
"SYM","20020925","0.89","0.89","0.87","0.87","112417"
"TAA","20020925","0.073","0.073","0.07","0.07","158251"
"TAB","20020925","3.21","3.24","3.19","3.23","1247325"
"TAH","20020925","11.90","11.90","11.74","11.80","2666107"
"TAHIAA","20020925","6.10","6.10","6.10","6.10","700"
"TAHISS","20020925","0.80","0.86","0.80","0.81","21000"
"TAHWAC","20020925","0.155","0.155","0.14","0.14","50000"
"TAM","20020925","0.22","0.225","0.21","0.225","260900"
"TAMCA","20020925","0.076","0.076","0.076","0.076","18000"
"TAN","20020925","1.07","1.07","1.07","1.07","2375"
"TAP","20020925","1.52","1.52","1.45","1.48","1835504"
"TAT","20020925","0.28","0.28","0.28","0.28","7500"
"TAW","20020925","0.70","0.70","0.70","0.70","33000"
"TBC","20020925","0.265","0.265","0.265","0.265","38000"
"TCL","20020925","3.88","3.90","3.86","3.86","1631668"
"TEH","20020925","0.08","0.08","0.08","0.08","800"
"TEL","20020925","4.09","4.14","4.08","4.10","840273"
"TEM","20020925","1.95","1.96","1.92","1.96","54492"
"TEN","20020925","1.95","1.95","1.88","1.88","962560"
"TGG","20020925","1.35","1.35","1.29","1.29","74706"
"THG","20020925","0.61","0.61","0.60","0.60","538255"
"THL","20020925","0.20","0.20","0.20","0.20","20000"
"TIM","20020925","0.55","0.55","0.54","0.54","323151"
"TIMPA","20020925","1.03","1.03","1.03","1.03","24000"
"TIR","20020925","0.125","0.125","0.12","0.12","334480"
"TKG","20020925","0.017","0.018","0.017","0.018","1380000"
"TKR","20020925","1.30","1.30","1.26","1.26","5300"
"TLE","20020925","0.06","0.06","0.055","0.06","812000"
"TLS","20020925","4.72","4.76","4.69","4.74","31406054"
"TLSIAB","20020925","1.19","1.19","1.19","1.19","5844"
"TLSIDA","20020925","1.89","1.89","1.89","1.89","4000"
"TLSIGG","20020925","0.11","0.135","0.11","0.135","130000"
"TLSIMC","20020925","1.45","1.45","1.45","1.45","11000"
"TLSIMG","20020925","0.55","0.55","0.55","0.55","16000"
"TLSIMX","20020925","0.98","1.03","0.98","1.03","13060"
"TLSIOA","20020925","0.33","0.33","0.33","0.33","11000"
"TLSIPD","20020925","0.37","0.38","0.37","0.38","64500"
"TLSISF","20020925","0.99","0.99","0.99","0.99","5099"
"TLSIXB","20020925","1.63","1.63","1.63","1.63","4000"
"TLSIZB","20020925","1.24","1.27","1.24","1.27","102950"
"TLSWCK","20020925","0.29","0.31","0.29","0.305","222000"
"TLSWCL","20020925","0.12","0.12","0.12","0.12","10000"
"TLSWGL","20020925","0.002","0.002","0.002","0.002","30000"
"TLSWMD","20020925","0.04","0.045","0.039","0.042","755000"
"TLSWMT","20020925","0.068","0.068","0.068","0.068","29400"
"TLSWOA","20020925","0.001","0.001","0.001","0.001","400000"
"TLSWOD","20020925","0.083","0.083","0.083","0.083","35700"
"TLSWOE","20020925","0.087","0.087","0.086","0.086","300000"
"TLSWPN","20020925","0.067","0.076","0.067","0.071","602000"
"TLSWPO","20020925","0.001","0.001","0.001","0.001","450000"
"TLSWZO","20020925","0.105","0.105","0.105","0.105","20000"
"TLT","20020925","0.40","0.40","0.40","0.40","10000"
"TMS","20020925","0.065","0.065","0.046","0.048","5845164"
"TMT","20020925","1.07","1.07","1.07","1.07","32278"
"TMTG","20020925","1.031","1.031","1.03","1.03","33300"
"TNE","20020925","0.40","0.40","0.39","0.39","253885"
"TNL","20020925","0.20","0.21","0.20","0.21","42500"
"TNY","20020925","0.031","0.031","0.031","0.031","100000"
"TOL","20020925","28.75","29.10","28.50","28.55","396176"
"TOLG","20020925","28.50","29.00","28.50","28.85","3208"
"TOLIMD","20020925","3.84","4.03","3.70","3.98","14000"
"TOR","20020925","1.28","1.28","1.28","1.28","9386"
"TOX","20020925","0.11","0.11","0.11","0.11","50000"
"TPL","20020925","0.008","0.008","0.008","0.008","3000"
"TQL","20020925","4.23","4.30","4.21","4.25","59939"
"TRG","20020925","5.75","5.75","5.75","5.75","800"
"TRY","20020925","2.01","2.05","2.01","2.05","33800"
"TSE","20020925","2.89","2.94","2.89","2.94","103566"
"TSR","20020925","0.21","0.21","0.20","0.20","16000"
"TVL","20020925","0.27","0.27","0.25","0.26","40310"
"TVS","20020925","0.031","0.031","0.026","0.026","1260000"
"TWD","20020925","0.96","0.96","0.96","0.96","3500"
"TWR","20020925","3.20","3.20","3.10","3.10","2863"
"TXT","20020925","0.88","0.88","0.88","0.88","5000"
"UCL","20020925","0.006","0.006","0.006","0.006","149990"
"UEC","20020925","0.11","0.115","0.11","0.115","109000"
"UEL","20020925","2.49","2.52","2.47","2.52","455410"
"UGL","20020925","2.66","2.67","2.65","2.67","22558"
"URL","20020925","0.16","0.16","0.16","0.16","90000"
"VCM","20020925","1.19","1.19","1.11","1.11","1555"
"VCR","20020925","0.60","0.65","0.59","0.65","185206"
"VGL","20020925","1.13","1.15","1.13","1.15","54434"
"VHL","20020925","0.42","0.45","0.42","0.45","41250"
"VII","20020925","0.40","0.40","0.40","0.40","2710"
"VIT","20020925","0.26","0.26","0.26","0.26","100000"
"VITOB","20020925","0.135","0.135","0.135","0.135","26533"
"VKI","20020925","0.235","0.24","0.235","0.24","110975"
"VLRO","20020925","0.018","0.018","0.018","0.018","500"
"VNA","20020925","0.02","0.02","0.019","0.019","693500"
"VOY","20020925","0.185","0.185","0.185","0.185","36500"
"VPE","20020925","0.02","0.02","0.02","0.02","514499"
"VRE","20020925","0.009","0.009","0.009","0.009","1120"
"VRI","20020925","0.66","0.70","0.66","0.68","46408"
"VRIO","20020925","0.27","0.27","0.27","0.27","7500"
"VRL","20020925","1.28","1.28","1.27","1.28","121074"
"VRLPA","20020925","0.92","0.92","0.89","0.89","508480"
"VSL","20020925","1.05","1.07","1.03","1.03","71648"
"VTI","20020925","0.325","0.33","0.285","0.285","696071"
"VWD","20020925","0.78","0.78","0.75","0.75","81100"
"VXS","20020925","0.135","0.135","0.135","0.135","10000"
"WAG","20020925","0.14","0.14","0.14","0.14","30000"
"WAL","20020925","0.26","0.26","0.26","0.26","6150"
"WAM","20020925","1.53","1.53","1.49","1.49","109503"
"WAMO","20020925","0.26","0.26","0.255","0.255","16000"
"WAN","20020925","4.97","4.97","4.95","4.96","525911"
"WAT","20020925","1.47","1.47","1.46","1.46","14000"
"WBA","20020925","0.48","0.48","0.47","0.47","20000"
"WBB","20020925","5.84","5.84","5.84","5.84","3300"
"WBC","20020925","15.15","15.40","15.11","15.11","2557173"
"WBCIDA","20020925","6.66","6.66","6.66","6.66","1080"
"WBCIGG","20020925","1.29","1.29","1.29","1.29","10000"
"WBCIMC","20020925","6.50","6.50","6.42","6.42","1500"
"WBCIMD","20020925","2.21","2.21","2.19","2.19","2680"
"WBCIMG","20020925","1.91","1.92","1.91","1.92","8000"
"WBCIMU","20020925","0.98","0.98","0.98","0.98","3800"
"WBCIPB","20020925","6.40","6.40","6.40","6.40","800"
"WBCWGH","20020925","0.033","0.033","0.03","0.03","60000"
"WDP","20020925","1.64","1.70","1.64","1.65","76150"
"WEAG","20020925","1.034","1.034","1.034","1.034","16000"
"WEB","20020925","0.071","0.071","0.07","0.07","117500"
"WES","20020925","26.70","26.70","26.01","26.01","479775"
"WESIPF","20020925","10.06","10.06","10.06","10.06","8000"
"WESIWA","20020925","8.78","8.78","8.78","8.78","1000"
"WESIZA","20020925","13.00","13.00","13.00","13.00","750"
"WESIZD","20020925","1.70","1.74","1.70","1.74","46000"
"WESIZG","20020925","13.30","13.30","12.62","12.63","1500"
"WFA","20020925","2.01","2.02","2.00","2.00","6703798"
"WFAISA","20020925","1.13","1.13","1.13","1.13","80000"
"WFANB","20020925","1.95","1.97","1.95","1.95","529"
"WFT","20020925","3.37","3.37","3.33","3.34","6263226"
"WFTN","20020925","3.30","3.30","3.30","3.30","30020"
"WGR","20020925","0.095","0.095","0.088","0.088","70500"
"WHS","20020925","6.35","6.40","6.35","6.40","240"
"WJM","20020925","3.11","3.11","3.11","3.11","6000"
"WMC","20020925","7.29","7.30","7.15","7.19","3157332"
"WMCIAA","20020925","1.90","1.90","1.90","1.90","1500"
"WMCIDA","20020925","2.24","2.24","2.24","2.24","4000"
"WMCIGB","20020925","1.12","1.12","1.11","1.11","50500"
"WMCIMC","20020925","2.17","2.17","2.12","2.12","27500"
"WMCIMG","20020925","0.15","0.15","0.15","0.15","30150"
"WMCIPD","20020925","0.19","0.19","0.165","0.165","100000"
"WMCIZB","20020925","2.97","2.97","2.95","2.95","2500"
"WMCWGI","20020925","0.048","0.048","0.046","0.046","100000"
"WMCWMC","20020925","0.063","0.065","0.058","0.058","145000"
"WME","20020925","0.045","0.045","0.045","0.045","100000"
"WMEOA","20020925","0.01","0.01","0.01","0.01","142000"
"WMM","20020925","0.165","0.18","0.165","0.18","72600"
"WMT","20020925","0.022","0.022","0.02","0.02","3011781"
"WON","20020925","0.019","0.019","0.019","0.019","141370"
"WOW","20020925","12.40","12.40","12.19","12.24","3801040"
"WOWECE","20020925","11.25","11.25","11.25","11.25","1000"
"WOWHA","20020925","101.71","101.95","101.70","101.90","2883"
"WOWIWB","20020925","3.12","3.12","3.12","3.12","1500"
"WOWWAS","20020925","0.065","0.065","0.065","0.065","15000"
"WOWWMG","20020925","0.11","0.11","0.11","0.11","50000"
"WOWWMS","20020925","0.094","0.105","0.094","0.105","370000"
"WOWWOI","20020925","0.071","0.071","0.071","0.071","11000"
"WOWWOU","20020925","0.08","0.085","0.08","0.085","240000"
"WOWWPK","20020925","0.135","0.135","0.135","0.135","63000"
"WOWWPU","20020925","0.14","0.155","0.135","0.155","108000"
"WPL","20020925","12.55","12.59","12.36","12.49","1893854"
"WPLIDA","20020925","5.02","5.02","5.02","5.02","1000"
"WPLIGH","20020925","1.95","1.95","1.95","1.95","3000"
"WPLIMD","20020925","1.68","1.68","1.68","1.68","800"
"WPLIPB","20020925","4.28","4.28","4.28","4.28","1000"
"WPLWCF","20020925","0.092","0.092","0.091","0.091","68181"
"WPLWCU","20020925","0.195","0.215","0.195","0.20","159000"
"WPLWGG","20020925","0.042","0.042","0.035","0.035","80500"
"WPLWOQ","20020925","0.255","0.255","0.255","0.255","40000"
"WPLWPH","20020925","0.135","0.135","0.125","0.13","80500"
"WRF","20020925","0.20","0.20","0.20","0.20","34650"
"WRFO","20020925","0.028","0.028","0.028","0.028","17325"
"WSA","20020925","0.165","0.165","0.12","0.165","35264"
"WSF","20020925","12.91","12.95","12.60","12.62","1459193"
"WSFIGH","20020925","1.26","1.26","1.26","1.26","2000"
"WSFIPF","20020925","3.65","3.65","3.48","3.48","2000"
"WSFISF","20020925","2.84","3.02","2.84","3.02","13500"
"WSFIZD","20020925","0.38","0.38","0.38","0.38","6000"
"WSFWMC","20020925","0.097","0.105","0.097","0.105","30000"
"WSG","20020925","0.018","0.018","0.018","0.018","350000"
"WTE","20020925","0.009","0.009","0.009","0.009","106000"
"WTP","20020925","0.37","0.37","0.365","0.365","53000"
"WWA","20020925","0.89","0.89","0.88","0.88","13500"
"WWM","20020925","0.023","0.023","0.023","0.023","311112"
"WYL","20020925","2.85","2.85","2.80","2.82","60771"
"XAN","20020925","0.405","0.405","0.39","0.40","309729"
"XAO","20020925","2988.10","2988.10","2944.40","2946.60","0"
"XDDD","20020925","0.011","0.011","0.01","0.01","20000"
"XDJ","20020925","1586.90","1586.90","1531.50","1534.90","0"
"XDOWOP","20020925","1.29","1.29","1.29","1.29","2700"
"XDOWOQ","20020925","0.68","0.70","0.67","0.70","310500"
"XEJ","20020925","4074.50","4074.50","4000.30","4013.70","0"
"XEL","20020925","0.00","0.00","0.00","0.075","0"
"XFJ","20020925","4089.20","4089.20","4042.10","4045.10","0"
"XFL","20020925","3079.00","3079.00","3031.00","3033.50","0"
"XHJ","20020925","3440.40","3440.40","3387.90","3389.60","0"
"XIJ","20020925","253.80","253.80","246.20","248.60","0"
"XJO","20020925","3033.30","3033.30","2989.00","2991.10","0"
"XJOWGJ","20020925","0.038","0.04","0.038","0.04","25500"
"XJOWGK","20020925","0.315","0.315","0.285","0.285","877000"
"XJOWGL","20020925","0.046","0.046","0.044","0.044","54000"
"XJOWGP","20020925","1.19","1.19","1.19","1.19","5000"
"XJOWGW","20020925","0.14","0.19","0.14","0.19","774636"
"XJOWGX","20020925","0.345","0.375","0.345","0.375","255600"
"XJOWGY","20020925","0.135","0.135","0.135","0.135","97000"
"XJOWGZ","20020925","0.395","0.42","0.395","0.42","86000"
"XJOWMD","20020925","0.008","0.008","0.008","0.008","100000"
"XJOWMF","20020925","0.13","0.135","0.12","0.12","160000"
"XJOWMT","20020925","0.275","0.285","0.275","0.285","389000"
"XJOWMU","20020925","0.43","0.43","0.42","0.42","12500"
"XJOWOH","20020925","0.011","0.011","0.011","0.011","80000"
"XJOWOJ","20020925","0.001","0.001","0.001","0.001","34000"
"XJOWOK","20020925","0.058","0.058","0.05","0.05","230000"
"XJOWOL","20020925","0.022","0.022","0.022","0.022","150000"
"XJOWOR","20020925","0.485","0.57","0.485","0.57","184000"
"XJOWOT","20020925","0.80","0.86","0.80","0.85","28700"
"XJOWOW","20020925","0.25","0.255","0.25","0.255","53800"
"XKO","20020925","3029.20","3029.20","2985.10","2987.20","0"
"XMD","20020925","2538.60","2538.60","2513.10","2515.20","0"
"XMJ","20020925","3972.20","3972.40","3913.70","3924.60","0"
"XNJ","20020925","3557.80","3557.80","3490.50","3490.50","0"
"XNKWOW","20020925","0.395","0.395","0.325","0.35","191000"
"XPJ","20020925","1426.40","1427.10","1417.30","1418.20","0"
"XSJ","20020925","4236.40","4236.40","4184.20","4189.90","0"
"XSO","20020925","1546.80","1547.40","1527.30","1529.00","0"
"XSPWON","20020925","0.031","0.031","0.031","0.031","325000"
"XSPWOR","20020925","1.69","1.69","1.68","1.68","8000"
"XSPWOS","20020925","0.94","1.00","0.94","0.99","202500"
"XSPWOT","20020925","1.17","1.22","1.17","1.21","28348"
"XSPWOU","20020925","0.385","0.415","0.385","0.415","135300"
"XTJ","20020925","1634.80","1636.00","1620.10","1628.30","0"
"XTL","20020925","1794.40","1794.40","1765.20","1767.20","0"
"XTO","20020925","2481.30","2481.30","2444.60","2446.50","0"
"XUJ","20020925","3227.00","3227.00","3182.80","3194.40","0"
"XXJ","20020925","4170.60","4170.60","4117.50","4121.20","0"
"YAM","20020925","0.007","0.007","0.007","0.007","4320000"
"YDR","20020925","0.046","0.046","0.046","0.046","200000"
"YGL","20020925","0.07","0.07","0.07","0.07","1716"
"YGLOA","20020925","0.026","0.026","0.026","0.026","100000"
"YTL","20020925","0.13","0.14","0.13","0.135","265945"
"ZBHIDD","20020925","16.95","16.95","16.95","16.95","50000"
"ZIM","20020925","1.30","1.30","1.27","1.27","18000"
"ZYL","20020925","0.015","0.015","0.015","0.015","14000"
