"AAC","20040220","1.23","1.24","1.23","1.23","73258"
"AAM","20040220","0.71","0.75","0.63","0.67","563863"
"AAR","20040220","0.028","0.029","0.028","0.029","122000"
"AAT","20040220","0.30","0.305","0.30","0.30","101000"
"ABB","20040220","6.01","6.05","5.99","6.01","41029"
"ABC","20040220","1.53","1.54","1.53","1.54","1871745"
"ABI","20040220","0.445","0.455","0.435","0.455","1985211"
"ABK","20040220","0.20","0.215","0.20","0.215","219627"
"ABP","20040220","1.15","1.16","1.15","1.16","164425"
"ABS","20040220","4.00","4.00","3.93","3.94","20540"
"ABSPA","20040220","5.47","5.47","5.47","5.47","2000"
"ABX","20040220","1.91","1.93","1.90","1.93","14100"
"ABXO","20040220","1.60","1.65","1.56","1.65","62090"
"ACDHB","20040220","105.80","105.80","105.50","105.50","50"
"ACF","20040220","1.00","1.00","0.99","0.99","18859"
"ACL","20040220","0.61","0.68","0.61","0.67","417694"
"ACU","20040220","0.48","0.52","0.465","0.475","10332997"
"ADA","20040220","0.75","0.78","0.75","0.76","29200"
"ADB","20040220","8.33","8.40","8.31","8.31","82135"
"ADBPA","20040220","108.20","108.50","108.15","108.15","220"
"ADG","20040220","4.05","4.05","3.95","4.02","22391"
"ADM","20040220","0.078","0.089","0.078","0.088","1102918"
"ADMO","20040220","0.003","0.003","0.003","0.003","548663"
"ADN","20040220","0.21","0.21","0.20","0.20","26400"
"ADT","20040220","1.85","1.85","1.85","1.85","20915"
"ADU","20040220","1.25","1.27","1.24","1.27","58900"
"ADX","20040220","0.18","0.19","0.18","0.18","256225"
"ADZ","20040220","1.63","1.64","1.61","1.64","320886"
"AEC","20040220","1.96","2.00","1.95","1.97","16097"
"AEI","20040220","1.04","1.04","1.03","1.03","7500"
"AEIO","20040220","0.80","0.82","0.80","0.82","54000"
"AEN","20040220","1.25","1.26","1.17","1.25","631030"
"AEO","20040220","1.38","1.40","1.38","1.38","110545"
"AES","20040220","0.15","0.16","0.15","0.16","95000"
"AEX","20040220","0.082","0.082","0.08","0.082","1026390"
"AEXO","20040220","0.001","0.001","0.001","0.001","500000"
"AFI","20040220","3.29","3.29","3.26","3.26","263417"
"AFL","20040220","0.89","0.98","0.89","0.98","101643"
"AFLO","20040220","0.68","0.69","0.65","0.68","42128"
"AFM","20040220","0.026","0.026","0.025","0.025","540000"
"AFMOC","20040220","0.004","0.004","0.004","0.004","2020000"
"AFT","20040220","0.062","0.064","0.062","0.063","3641730"
"AGC","20040220","1.73","1.73","1.73","1.73","86"
"AGCO","20040220","1.40","1.40","1.40","1.40","10000"
"AGG","20040220","10.55","10.67","10.55","10.60","49700"
"AGI","20040220","0.54","0.54","0.53","0.54","36347"
"AGL","20040220","11.28","11.28","11.18","11.24","438206"
"AGLIDH","20040220","0.82","0.82","0.82","0.82","10000"
"AGLIMD","20040220","1.94","1.95","1.94","1.95","18000"
"AGLISS","20040220","2.02","2.02","2.02","2.02","5000"
"AGM","20040220","0.175","0.18","0.175","0.18","297000"
"AGP","20040220","1.33","1.33","1.33","1.33","20000"
"AGS","20040220","0.06","0.06","0.06","0.06","20000"
"AGT","20040220","0.50","0.51","0.50","0.50","65727"
"AGTO","20040220","0.21","0.21","0.21","0.21","10000"
"AGX","20040220","0.63","0.63","0.63","0.63","53589"
"AGY","20040220","0.27","0.27","0.265","0.27","328148"
"AGZ","20040220","0.23","0.235","0.23","0.23","7051"
"AHD","20040220","3.63","3.68","3.61","3.61","6580"
"AHG","20040220","0.12","0.12","0.11","0.12","41067"
"AHO","20040220","0.405","0.405","0.405","0.405","54400"
"AHS","20040220","0.93","0.95","0.93","0.95","77800"
"AIA","20040220","5.90","5.95","5.90","5.95","118301"
"AIE","20040220","0.145","0.145","0.14","0.14","47338"
"AIM","20040220","0.05","0.057","0.05","0.054","11052900"
"AIX","20040220","1.67","1.68","1.66","1.66","435267"
"AIZ","20040220","0.365","0.365","0.355","0.365","988208"
"AJL","20040220","2.49","2.49","2.47","2.47","18486"
"AKD","20040220","0.024","0.024","0.024","0.024","300000"
"ALD","20040220","0.30","0.30","0.30","0.30","10000"
"ALDO","20040220","0.13","0.13","0.13","0.13","10000"
"ALE","20040220","0.041","0.041","0.04","0.04","160000"
"ALH","20040220","2.29","2.33","2.28","2.32","887241"
"ALK","20040220","0.375","0.38","0.365","0.37","535600"
"ALKOB","20040220","0.13","0.13","0.13","0.13","11588"
"ALL","20040220","2.08","2.09","2.05","2.06","445179"
"ALLIMD","20040220","0.90","0.90","0.90","0.90","15000"
"ALLWMC","20040220","0.11","0.11","0.11","0.11","20000"
"ALN","20040220","7.06","7.09","6.95","6.95","133019"
"ALNPA","20040220","118.00","118.00","118.00","118.00","106"
"ALR","20040220","0.95","0.97","0.95","0.97","13378"
"ALS","20040220","7.14","7.14","6.95","6.95","28050"
"ALT","20040220","0.10","0.105","0.10","0.10","358771"
"ALU","20040220","0.44","0.44","0.43","0.43","107051"
"ALZ","20040220","1.72","1.72","1.70","1.70","692487"
"AMC","20040220","7.66","7.66","7.47","7.54","7330041"
"AMCIDH","20040220","0.33","0.33","0.31","0.31","22000"
"AMCIMF","20040220","2.71","2.72","2.71","2.71","3000"
"AMCIOC","20040220","3.61","3.63","3.55","3.55","24500"
"AMCISE","20040220","0.84","0.84","0.75","0.75","109410"
"AMCIWC","20040220","2.56","2.56","2.56","2.56","3000"
"AMCIWG","20040220","2.59","2.59","2.47","2.47","19500"
"AMG","20040220","0.04","0.04","0.04","0.04","11000"
"AMH","20040220","0.48","0.48","0.475","0.475","25754"
"AMHO","20040220","0.085","0.085","0.085","0.085","70600"
"AML","20040220","0.67","0.67","0.66","0.66","89400"
"AMM","20040220","0.175","0.18","0.17","0.18","7541083"
"AMMG","20040220","1.95","1.95","1.95","1.95","40000"
"AMP","20040220","4.52","4.55","4.47","4.50","4226505"
"AMPEMG","20040220","1.40","1.40","1.40","1.40","4000"
"AMPIDA","20040220","2.27","2.27","2.27","2.27","44337"
"AMPIMC","20040220","1.10","1.13","1.09","1.09","95000"
"AMPIMD","20040220","0.215","0.215","0.21","0.21","10000"
"AMPIOC","20040220","2.74","2.74","2.74","2.74","7000"
"AMPIOD","20040220","0.325","0.325","0.325","0.325","10000"
"AMPIOK","20040220","1.05","1.10","1.05","1.08","65000"
"AMPWMN","20040220","0.028","0.028","0.028","0.028","10000"
"AMPWOI","20040220","0.035","0.04","0.034","0.034","527335"
"AMPWOR","20040220","0.057","0.057","0.057","0.057","9000"
"AMPWOS","20040220","0.115","0.115","0.115","0.115","140000"
"AMQHA","20040220","94.50","94.50","93.65","94.10","6986"
"AMU","20040220","0.435","0.435","0.42","0.43","456900"
"AMUOB","20040220","0.20","0.20","0.20","0.20","95000"
"AMZG","20040220","110.90","111.30","110.85","111.00","2450"
"AMZGA","20040220","112.50","112.50","112.00","112.00","3131"
"ANC","20040220","7.30","7.30","7.30","7.30","8570"
"ANE","20040220","3.14","3.17","3.14","3.17","4313"
"ANM","20040220","0.06","0.06","0.058","0.058","267049"
"ANMNA","20040220","0.081","0.082","0.08","0.081","892000"
"ANMO","20040220","0.004","0.004","0.004","0.004","16000"
"ANN","20040220","7.12","7.22","7.03","7.17","417904"
"ANP","20040220","0.13","0.135","0.13","0.135","477654"
"ANPO","20040220","0.057","0.057","0.057","0.057","7000"
"ANX","20040220","0.35","0.36","0.35","0.36","132000"
"ANZ","20040220","17.78","17.91","17.72","17.87","2198475"
"ANZIGL","20040220","2.28","2.28","2.28","2.28","1000"
"ANZIMB","20040220","1.56","1.56","1.55","1.55","40000"
"ANZIMD","20040220","2.20","2.20","2.20","2.20","10000"
"ANZISH","20040220","8.03","8.05","8.03","8.05","2400"
"ANZPA","20040220","101.90","101.94","101.85","101.90","19557"
"ANZWMH","20040220","0.19","0.225","0.185","0.225","60000"
"ANZWMW","20040220","0.145","0.145","0.135","0.135","94000"
"ANZWOA","20040220","0.16","0.16","0.16","0.16","250000"
"ANZWOC","20040220","0.13","0.13","0.13","0.13","35000"
"ANZWOZ","20040220","0.089","0.089","0.089","0.089","10000"
"ANZWZR","20040220","0.295","0.295","0.295","0.295","11000"
"ANZXDD","20040220","1.10","1.20","1.07","1.20","15625"
"ANZXDQ","20040220","0.88","0.88","0.74","0.77","34500"
"ANZXDR","20040220","1.76","1.76","1.74","1.74","10000"
"AOE","20040220","0.33","0.35","0.32","0.345","1253754"
"AOEOA","20040220","0.13","0.15","0.13","0.14","224300"
"AOO","20040220","0.22","0.22","0.205","0.215","1240951"
"AOOO","20040220","0.092","0.092","0.09","0.09","414312"
"APA","20040220","2.70","2.72","2.67","2.67","120180"
"APE","20040220","6.95","6.95","6.91","6.91","2500"
"API","20040220","2.67","2.67","2.63","2.65","77716"
"APL","20040220","0.335","0.345","0.335","0.335","50140"
"APN","20040220","3.88","3.90","3.86","3.86","103953"
"APNG","20040220","4.38","4.38","4.38","4.38","569"
"APZ","20040220","0.155","0.155","0.15","0.155","1005160"
"AQD","20040220","0.21","0.21","0.205","0.205","30000"
"AQDO","20040220","0.11","0.11","0.105","0.105","110000"
"AQP","20040220","9.10","9.10","9.01","9.01","72019"
"ARA","20040220","0.365","0.365","0.365","0.365","110228"
"ARE","20040220","0.17","0.175","0.17","0.175","150000"
"AREO","20040220","0.066","0.066","0.066","0.066","140000"
"ARG","20040220","5.36","5.39","5.27","5.37","215440"
"ARO","20040220","0.07","0.07","0.07","0.07","100000"
"ARP","20040220","3.66","3.68","3.59","3.59","28490"
"ARQ","20040220","0.95","0.95","0.93","0.93","319678"
"ARX","20040220","0.069","0.069","0.067","0.067","298770"
"ASB","20040220","0.92","0.95","0.92","0.93","471202"
"ASC","20040220","0.085","0.086","0.083","0.084","116701"
"ASL","20040220","0.97","0.99","0.96","0.98","136342"
"ASU","20040220","0.015","0.015","0.015","0.015","30000"
"ASX","20040220","17.10","17.17","16.98","17.04","69171"
"ASZ","20040220","0.33","0.335","0.33","0.335","69744"
"ATG","20040220","0.75","0.76","0.75","0.76","70500"
"ATN","20040220","0.28","0.30","0.28","0.30","260950"
"ATP","20040220","0.26","0.265","0.26","0.26","208272"
"ATR","20040220","3.20","3.20","3.20","3.20","1000"
"ATX","20040220","0.19","0.19","0.185","0.185","203000"
"AUH","20040220","0.03","0.03","0.03","0.03","571548"
"AUM","20040220","0.035","0.039","0.035","0.039","3011802"
"AUMOA","20040220","0.016","0.016","0.016","0.016","100000"
"AUN","20040220","0.81","0.81","0.79","0.80","487209"
"AUO","20040220","0.70","0.71","0.70","0.71","126750"
"AUOG","20040220","0.74","0.75","0.74","0.75","33700"
"AUZ","20040220","0.28","0.28","0.275","0.28","321000"
"AUZO","20040220","0.069","0.073","0.069","0.073","225000"
"AVA","20040220","0.055","0.055","0.052","0.052","129000"
"AVJ","20040220","1.87","1.90","1.87","1.89","214906"
"AVL","20040220","0.495","0.495","0.48","0.49","130370"
"AVN","20040220","0.023","0.025","0.023","0.025","6450200"
"AVO","20040220","0.15","0.15","0.15","0.15","87250"
"AVR","20040220","0.61","0.61","0.60","0.60","8722"
"AVT","20040220","0.18","0.18","0.18","0.18","100666"
"AVV","20040220","1.88","1.90","1.88","1.88","77325"
"AWB","20040220","4.66","4.70","4.63","4.65","110756"
"AWC","20040220","5.80","5.85","5.73","5.75","2330972"
"AWCWOA","20040220","0.059","0.059","0.059","0.059","40000"
"AWCWOP","20040220","0.099","0.099","0.099","0.099","30000"
"AWE","20040220","1.30","1.35","1.30","1.35","541637"
"AWP","20040220","8.15","8.15","8.00","8.00","6464"
"AXA","20040220","2.70","2.70","2.65","2.66","1055223"
"AXL","20040220","0.105","0.12","0.105","0.12","2882250"
"AXM","20040220","0.25","0.255","0.245","0.255","152850"
"AXN","20040220","0.225","0.23","0.225","0.225","120799"
"AYO","20040220","0.65","0.67","0.64","0.65","282748"
"AYOO","20040220","0.088","0.088","0.087","0.087","119300"
"AZL","20040220","0.019","0.02","0.019","0.019","822849"
"AZR","20040220","0.155","0.16","0.15","0.155","1416700"
"AZROA","20040220","0.035","0.035","0.035","0.035","180000"
"BAR","20040220","0.13","0.13","0.13","0.13","535000"
"BAROA","20040220","0.04","0.042","0.04","0.042","500000"
"BAX","20040220","4.00","4.05","3.95","3.95","23500"
"BBB","20040220","0.28","0.28","0.28","0.28","20000"
"BBG","20040220","7.33","7.40","7.33","7.40","827253"
"BCA","20040220","2.76","2.81","2.75","2.80","267650"
"BCL","20040220","0.65","0.67","0.65","0.67","283200"
"BDG","20040220","0.22","0.22","0.215","0.215","711300"
"BDL","20040220","0.022","0.023","0.021","0.022","8223316"
"BDLG","20040220","0.043","0.043","0.043","0.043","150000"
"BDLO","20040220","0.004","0.004","0.003","0.003","593368"
"BDM","20040220","0.91","0.92","0.89","0.90","126000"
"BDS","20040220","2.86","2.88","2.86","2.86","8120"
"BEL","20040220","0.40","0.40","0.395","0.395","62635"
"BEN","20040220","9.60","9.63","9.51","9.61","139991"
"BER","20040220","0.76","0.76","0.75","0.75","6000"
"BET","20040220","1.40","1.45","1.40","1.45","8347"
"BFLHA","20040220","88.95","88.95","88.75","88.95","850"
"BGD","20040220","0.17","0.18","0.17","0.18","577342"
"BGDOA","20040220","0.037","0.04","0.037","0.04","470000"
"BGF","20040220","0.14","0.15","0.14","0.15","1779519"
"BHL","20040220","5.36","5.36","5.30","5.35","13000"
"BHP","20040220","12.50","12.53","12.34","12.35","24900782"
"BHPEME","20040220","15.60","15.60","15.60","15.60","450"
"BHPIDA","20040220","7.06","7.06","7.06","7.06","2000"
"BHPIGF","20040220","6.73","6.73","6.73","6.73","1000"
"BHPIGL","20040220","4.13","4.13","4.05","4.05","3363"
"BHPIMC","20040220","6.32","6.60","6.32","6.55","29800"
"BHPIMD","20040220","3.95","4.20","3.95","4.07","515455"
"BHPIMF","20040220","6.45","6.45","6.40","6.40","3000"
"BHPIMG","20040220","3.78","3.78","3.73","3.73","6800"
"BHPIMU","20040220","1.60","1.63","1.48","1.49","745490"
"BHPIMX","20040220","1.91","1.91","1.91","1.91","1000"
"BHPIOC","20040220","7.15","7.15","7.15","7.15","1000"
"BHPIOI","20040220","4.62","4.62","4.62","4.62","3000"
"BHPIOJ","20040220","2.49","2.49","2.47","2.47","2700"
"BHPIOK","20040220","1.36","1.36","1.25","1.25","40865"
"BHPIPB","20040220","4.83","4.83","4.83","4.83","500"
"BHPISO","20040220","3.69","3.69","3.68","3.68","30000"
"BHPIWC","20040220","6.60","6.60","6.60","6.60","2900"
"BHPIWD","20040220","4.50","4.50","4.50","4.50","400"
"BHPIWW","20040220","1.94","1.95","1.84","1.84","36470"
"BHPIYB","20040220","5.31","5.31","5.30","5.30","1599"
"BHPIZJ","20040220","2.80","2.80","2.79","2.79","22500"
"BHPIZO","20040220","6.91","6.91","6.84","6.84","6000"
"BHPWGG","20040220","0.20","0.22","0.20","0.21","253000"
"BHPWGH","20040220","0.16","0.16","0.155","0.155","66008"
"BHPWMA","20040220","0.22","0.22","0.205","0.205","206000"
"BHPWMN","20040220","0.185","0.20","0.175","0.175","1113000"
"BHPWMO","20040220","0.29","0.29","0.265","0.265","100000"
"BHPWMP","20040220","0.05","0.053","0.05","0.053","394900"
"BHPWMQ","20040220","0.14","0.14","0.14","0.14","14500"
"BHPWMZ","20040220","0.012","0.012","0.012","0.012","100000"
"BHPWOI","20040220","0.125","0.13","0.094","0.097","489500"
"BHPWOJ","20040220","0.09","0.10","0.085","0.085","840000"
"BHPWOK","20040220","0.18","0.18","0.155","0.155","356000"
"BHPWOM","20040220","0.21","0.21","0.195","0.195","562000"
"BHPWOV","20040220","0.013","0.013","0.012","0.012","1117000"
"BHPWOW","20040220","0.105","0.105","0.105","0.105","200000"
"BHPWSH","20040220","0.265","0.265","0.26","0.26","200000"
"BHPWZJ","20040220","0.49","0.495","0.48","0.49","155100"
"BHPWZK","20040220","0.245","0.245","0.21","0.21","103250"
"BHPWZM","20040220","0.23","0.23","0.215","0.215","535000"
"BHPWZQ","20040220","0.265","0.28","0.265","0.27","245000"
"BHPXDB","20040220","2.20","2.30","2.20","2.30","28000"
"BHPXDE","20040220","1.76","1.77","1.62","1.62","584800"
"BHPXDR","20040220","0.58","0.72","0.58","0.72","232000"
"BHPXDT","20040220","1.25","1.36","1.25","1.36","38550"
"BIL","20040220","5.56","5.60","5.53","5.60","4923932"
"BILIDA","20040220","2.42","2.42","2.42","2.42","2000"
"BILIMD","20040220","1.45","1.45","1.45","1.45","10000"
"BILIMF","20040220","2.78","2.78","2.78","2.78","6292"
"BILIOC","20040220","2.95","2.95","2.93","2.93","12000"
"BILIOI","20040220","2.31","2.31","2.31","2.31","6000"
"BILIZG","20040220","0.87","0.87","0.87","0.87","7000"
"BILWMC","20040220","0.14","0.14","0.14","0.14","15000"
"BILWMP","20040220","0.04","0.04","0.038","0.039","1209999"
"BILWOH","20040220","0.10","0.10","0.10","0.10","640000"
"BIR","20040220","1.34","1.34","1.30","1.30","1978970"
"BIT","20040220","0.285","0.29","0.285","0.29","38200"
"BKA","20040220","0.46","0.49","0.455","0.455","837366"
"BKI","20040220","0.98","0.99","0.98","0.99","24000"
"BKL","20040220","8.01","8.10","8.01","8.10","23885"
"BKM","20040220","0.035","0.035","0.033","0.033","1136627"
"BKMOA","20040220","0.004","0.004","0.004","0.004","180167"
"BKR","20040220","0.365","0.365","0.365","0.365","11835"
"BKS","20040220","0.029","0.03","0.028","0.029","1492053"
"BKV","20040220","0.073","0.075","0.07","0.07","175296"
"BKW","20040220","8.15","8.20","8.10","8.18","35192"
"BKWPA","20040220","108.00","108.40","108.00","108.40","6250"
"BKY","20040220","0.265","0.265","0.255","0.26","190055"
"BKYO","20040220","0.135","0.135","0.135","0.135","30000"
"BLD","20040220","6.13","6.20","6.07","6.15","1686943"
"BLDIDH","20040220","1.34","1.35","1.34","1.35","20000"
"BLN","20040220","0.24","0.25","0.24","0.25","1061500"
"BLNO","20040220","0.05","0.06","0.05","0.06","380525"
"BLT","20040220","1.12","1.15","1.10","1.15","59195"
"BMO","20040220","0.265","0.27","0.26","0.26","240299"
"BMX","20040220","0.175","0.18","0.175","0.18","117500"
"BOC","20040220","0.32","0.365","0.32","0.365","323250"
"BOL","20040220","1.71","1.80","1.71","1.80","502152"
"BOQ","20040220","11.20","11.28","11.07","11.18","47920"
"BOQPA","20040220","110.60","110.60","109.60","109.60","868"
"BPC","20040220","0.56","0.58","0.55","0.57","6488573"
"BPCIMT","20040220","0.105","0.105","0.105","0.105","400000"
"BPCPA","20040220","0.60","0.61","0.59","0.61","901740"
"BPO","20040220","0.079","0.083","0.079","0.079","221150"
"BPT","20040220","0.335","0.345","0.335","0.345","626109"
"BPTO","20040220","0.001","0.001","0.001","0.001","168573"
"BPTOA","20040220","0.096","0.105","0.096","0.105","54465"
"BQT","20040220","0.49","0.49","0.46","0.46","1091456"
"BRC","20040220","0.435","0.435","0.435","0.435","1250"
"BRK","20040220","1.82","1.85","1.75","1.85","120469"
"BRO","20040220","0.013","0.014","0.013","0.014","350000"
"BRW","20040220","0.058","0.063","0.057","0.06","1051900"
"BRZ","20040220","1.35","1.37","1.35","1.36","509221"
"BSA","20040220","0.23","0.23","0.23","0.23","10000"
"BSG","20040220","0.37","0.375","0.37","0.375","222539"
"BSL","20040220","5.92","6.04","5.90","5.99","7945198"
"BSLIZJ","20040220","2.12","2.12","2.11","2.11","16000"
"BSLWOC","20040220","0.43","0.47","0.43","0.465","585000"
"BSLWOD","20040220","0.19","0.19","0.19","0.19","200000"
"BSLWOQ","20040220","0.049","0.049","0.049","0.049","100000"
"BSO","20040220","3.19","3.19","3.17","3.17","14300"
"BTA","20040220","0.54","0.80","0.53","0.77","19553546"
"BTC","20040220","0.46","0.46","0.445","0.445","41350"
"BTV","20040220","0.125","0.125","0.12","0.12","345203"
"BTVO","20040220","0.047","0.05","0.046","0.05","430017"
"BUG","20040220","0.69","0.69","0.69","0.69","2275"
"BUY","20040220","0.185","0.185","0.17","0.17","266696"
"BWI","20040220","0.93","0.94","0.93","0.94","39614"
"BWP","20040220","1.61","1.62","1.60","1.60","344659"
"CAA","20040220","2.88","2.90","2.81","2.90","192713"
"CAB","20040220","3.27","3.34","3.25","3.32","209007"
"CAG","20040220","0.049","0.05","0.046","0.047","3598294"
"CAM","20040220","0.97","0.98","0.97","0.98","11000"
"CAS","20040220","0.245","0.245","0.235","0.24","116000"
"CAT","20040220","2.45","2.50","2.40","2.50","7038"
"CAZ","20040220","0.24","0.255","0.24","0.255","458000"
"CAZO","20040220","0.085","0.085","0.085","0.085","4500"
"CBA","20040220","31.49","31.66","31.49","31.59","1974007"
"CBAECE","20040220","28.64","28.64","28.64","28.64","700"
"CBAEEA","20040220","16.15","16.15","16.15","16.15","95"
"CBAIDA","20040220","15.46","15.46","15.46","15.46","466"
"CBAIMC","20040220","13.98","13.99","13.98","13.99","3000"
"CBAIMD","20040220","8.02","8.15","8.02","8.11","2850"
"CBAIMF","20040220","13.88","13.88","13.88","13.88","335"
"CBAIMG","20040220","8.40","8.40","8.40","8.40","5000"
"CBAIMU","20040220","5.85","5.85","5.85","5.85","5000"
"CBAIPB","20040220","7.88","7.88","7.86","7.86","12000"
"CBAIWC","20040220","13.12","13.12","13.12","13.12","1200"
"CBAIWV","20040220","1.62","1.62","1.62","1.62","4000"
"CBAIZG","20040220","13.89","13.89","13.89","13.89","1000"
"CBAIZO","20040220","17.26","17.26","17.26","17.26","400"
"CBAPA","20040220","208.49","210.00","208.45","209.00","2583"
"CBAWMU","20040220","0.125","0.125","0.125","0.125","160000"
"CBAWMW","20040220","0.145","0.145","0.145","0.145","15000"
"CBAWOJ","20040220","0.37","0.37","0.37","0.37","20000"
"CBAWSX","20040220","0.24","0.24","0.235","0.235","45000"
"CBAWWA","20040220","14.58","14.58","14.58","14.58","1000"
"CBD","20040220","0.012","0.012","0.012","0.012","3900000"
"CBEHA","20040220","94.00","94.00","94.00","94.00","230"
"CBH","20040220","0.23","0.24","0.23","0.24","2805874"
"CBR","20040220","4.27","4.27","4.27","4.27","254530"
"CBT","20040220","0.035","0.037","0.034","0.037","183000"
"CCE","20040220","0.52","0.52","0.495","0.495","1369648"
"CCL","20040220","6.55","6.63","6.55","6.62","1220470"
"CCLIDH","20040220","1.53","1.53","1.53","1.53","20000"
"CCV","20040220","0.26","0.26","0.25","0.255","136132"
"CDA","20040220","1.60","1.60","1.55","1.60","178573"
"CDC","20040220","1.73","1.75","1.73","1.75","113305"
"CDF","20040220","1.18","1.18","1.179","1.179","67205"
"CDL","20040220","0.032","0.032","0.032","0.032","80000"
"CDO","20040220","3.99","4.06","3.99","4.01","110141"
"CDP","20040220","2.50","2.51","2.50","2.50","8819"
"CDR","20040220","1.18","1.20","1.18","1.19","22000"
"CDS","20040220","0.145","0.145","0.14","0.14","160000"
"CDX","20040220","2.10","2.10","2.10","2.10","2300"
"CEP","20040220","4.19","4.20","4.16","4.16","1177465"
"CEQ","20040220","2.01","2.06","2.01","2.06","78755"
"CEY","20040220","3.15","3.15","3.10","3.12","337561"
"CFI","20040220","0.62","0.62","0.62","0.62","47138"
"CFR","20040220","0.032","0.033","0.03","0.033","3963950"
"CGF","20040220","0.53","0.53","0.52","0.52","5993078"
"CGFIMT","20040220","0.115","0.115","0.115","0.115","1250000"
"CGM","20040220","0.18","0.18","0.17","0.18","141600"
"CGO","20040220","0.81","0.81","0.78","0.78","64250"
"CGS","20040220","0.52","0.56","0.52","0.55","392906"
"CGX","20040220","0.83","0.83","0.83","0.83","3000"
"CGXO","20040220","0.52","0.52","0.52","0.52","20000"
"CHB","20040220","29.51","29.51","29.51","29.51","2424"
"CHF","20040220","0.355","0.37","0.355","0.36","58000"
"CHL","20040220","0.185","0.19","0.175","0.175","253792"
"CHM","20040220","0.105","0.11","0.105","0.105","113656"
"CHMO","20040220","0.04","0.04","0.04","0.04","22000"
"CHO","20040220","21.35","21.35","21.35","21.35","100"
"CHQ","20040220","0.88","0.90","0.87","0.87","103150"
"CHT","20040220","0.014","0.014","0.013","0.013","900000"
"CHY","20040220","1.66","1.66","1.65","1.66","52799"
"CIN","20040220","12.90","12.90","12.90","12.90","100"
"CIR","20040220","2.10","2.13","2.08","2.10","12255"
"CIY","20040220","4.05","4.08","4.05","4.07","54960"
"CIYOA","20040220","2.91","2.91","2.90","2.90","9596"
"CKR","20040220","0.64","0.65","0.63","0.65","120813"
"CKS","20040220","0.39","0.40","0.39","0.40","38262"
"CLH","20040220","2.32","2.32","2.22","2.25","201885"
"CLO","20040220","0.67","0.67","0.66","0.67","138264"
"CLT","20040220","1.08","1.08","1.06","1.07","60211"
"CLV","20040220","0.41","0.42","0.41","0.42","131900"
"CLX","20040220","0.53","0.53","0.53","0.53","2198"
"CMI","20040220","2.17","2.20","2.16","2.16","87300"
"CMIPB","20040220","1.81","1.81","1.79","1.80","19632"
"CMK","20040220","0.35","0.36","0.35","0.36","11000"
"CML","20040220","7.70","7.78","7.67","7.78","1003255"
"CMLIGF","20040220","2.98","2.98","2.98","2.98","7341"
"CMLIMC","20040220","3.83","3.83","3.83","3.83","1000"
"CMLIWE","20040220","4.13","4.15","4.13","4.15","5000"
"CMLPA","20040220","110.50","110.90","110.20","110.20","15955"
"CMP","20040220","0.335","0.335","0.335","0.335","20000"
"CMQ","20040220","5.55","5.55","5.52","5.52","29674"
"CMR","20040220","0.375","0.395","0.375","0.395","90000"
"CMW","20040220","0.11","0.11","0.105","0.105","320000"
"CMX","20040220","0.14","0.14","0.135","0.135","157080"
"CNB","20040220","0.94","0.94","0.94","0.94","5000"
"CND","20040220","1.64","1.66","1.64","1.66","56024"
"CNM","20040220","0.027","0.027","0.027","0.027","349669"
"CNN","20040220","0.079","0.079","0.077","0.077","68627"
"CNT","20040220","0.305","0.305","0.295","0.295","163450"
"COA","20040220","3.32","3.32","3.23","3.28","173065"
"COE","20040220","0.26","0.265","0.26","0.26","206000"
"COEO","20040220","0.054","0.055","0.054","0.054","270537"
"COF","20040220","5.40","5.40","5.31","5.32","5487"
"COH","20040220","21.50","21.70","21.40","21.70","620542"
"COHIMT","20040220","0.97","1.00","0.97","1.00","20380"
"COO","20040220","0.043","0.043","0.041","0.041","311800"
"COS","20040220","0.395","0.395","0.38","0.38","114290"
"COSO","20040220","0.165","0.175","0.16","0.16","150022"
"COU","20040220","0.72","0.72","0.72","0.72","23000"
"CPA","20040220","1.19","1.19","1.18","1.18","3910018"
"CPB","20040220","6.06","6.06","6.01","6.01","23686"
"CPC","20040220","0.32","0.32","0.32","0.32","22058"
"CPI","20040220","0.80","0.81","0.80","0.81","21100"
"CPIPA","20040220","1.10","1.15","1.08","1.09","21000"
"CPK","20040220","3.65","3.65","3.60","3.60","3500"
"CPN","20040220","0.115","0.115","0.115","0.115","310000"
"CPNO","20040220","0.03","0.03","0.03","0.03","23666"
"CPS","20040220","0.215","0.215","0.215","0.215","3000"
"CPU","20040220","3.33","3.51","3.33","3.50","2326119"
"CPUIMD","20040220","2.28","2.28","2.28","2.28","3000"
"CPUIMT","20040220","0.93","1.00","0.93","1.00","42000"
"CPUPA","20040220","103.85","103.90","103.30","103.90","551"
"CPUWMI","20040220","0.035","0.04","0.035","0.04","100000"
"CQT","20040220","0.26","0.26","0.25","0.25","143749"
"CRD","20040220","0.135","0.135","0.135","0.135","187070"
"CRDG","20040220","0.19","0.19","0.19","0.19","10000"
"CRG","20040220","8.32","8.40","8.30","8.31","106377"
"CRL","20040220","0.078","0.078","0.077","0.077","50000"
"CROHB","20040220","105.80","105.85","105.80","105.85","5100"
"CRP","20040220","0.205","0.205","0.205","0.205","80000"
"CRPO","20040220","0.032","0.032","0.03","0.03","40000"
"CRS","20040220","0.56","0.56","0.55","0.56","336684"
"CRSWME","20040220","0.044","0.044","0.044","0.044","100000"
"CRT","20040220","0.60","0.61","0.60","0.61","20626"
"CRU","20040220","0.77","0.79","0.77","0.77","172938"
"CSH","20040220","1.00","1.01","1.00","1.01","110930"
"CSI","20040220","0.30","0.30","0.285","0.285","364897"
"CSL","20040220","19.42","19.50","19.34","19.50","545383"
"CSLIGL","20040220","7.72","7.72","7.72","7.72","1500"
"CSLIMD","20040220","5.72","5.72","5.72","5.72","2000"
"CSLIWC","20040220","7.81","7.81","7.81","7.81","2500"
"CSLWMI","20040220","0.035","0.038","0.035","0.038","103000"
"CSLWZA","20040220","0.365","0.365","0.365","0.365","40000"
"CSLWZP","20040220","0.265","0.265","0.265","0.265","10000"
"CSM","20040220","1.07","1.07","1.04","1.05","665380"
"CSR","20040220","1.83","1.86","1.82","1.86","2720489"
"CSRIDA","20040220","0.88","0.88","0.88","0.88","1000"
"CST","20040220","1.65","1.65","1.61","1.61","50071"
"CSY","20040220","0.039","0.039","0.037","0.039","201830"
"CTC","20040220","0.062","0.062","0.062","0.062","226940"
"CTI","20040220","0.60","0.62","0.60","0.61","93273"
"CTL","20040220","1.28","1.29","1.28","1.28","60000"
"CTO","20040220","0.18","0.18","0.175","0.18","339944"
"CTX","20040220","6.53","6.69","6.47","6.65","848149"
"CUE","20040220","0.069","0.069","0.067","0.068","1451614"
"CUL","20040220","0.044","0.045","0.044","0.044","1620508"
"CUS","20040220","0.135","0.14","0.13","0.135","3368326"
"CVI","20040220","0.115","0.115","0.115","0.115","10000"
"CVN","20040220","0.032","0.033","0.031","0.031","1704470"
"CVS","20040220","0.07","0.07","0.07","0.07","8000"
"CWP","20040220","1.45","1.49","1.45","1.45","57933"
"CXP","20040220","4.71","4.73","4.68","4.71","90889"
"CYG","20040220","6.32","6.32","6.30","6.30","4270"
"DBS","20040220","0.175","0.18","0.175","0.18","60000"
"DDF","20040220","1.17","1.18","1.17","1.17","3159456"
"DDV","20040220","0.15","0.15","0.15","0.15","99246"
"DEG","20040220","0.63","0.64","0.61","0.61","156618"
"DEGO","20040220","0.415","0.415","0.40","0.415","41566"
"DES","20040220","0.17","0.18","0.17","0.17","236989"
"DFT","20040220","0.025","0.026","0.025","0.025","2929461"
"DFTO","20040220","0.01","0.01","0.01","0.01","5000"
"DFTOA","20040220","0.016","0.018","0.016","0.018","55000"
"DGH","20040220","0.94","0.94","0.94","0.94","1983"
"DGM","20040220","0.052","0.054","0.05","0.054","1635053"
"DGMO","20040220","0.018","0.018","0.018","0.018","197667"
"DID","20040220","0.10","0.105","0.099","0.10","1355181"
"DIO","20040220","0.11","0.115","0.11","0.115","207179"
"DIT","20040220","1.86","1.88","1.86","1.87","297766"
"DJS","20040220","1.38","1.39","1.37","1.37","167549"
"DJW","20040220","3.45","3.45","3.38","3.40","121918"
"DJWG","20040220","4.10","4.10","4.10","4.10","1881"
"DKN","20040220","0.12","0.125","0.12","0.12","139000"
"DKS","20040220","13.20","13.20","13.20","13.20","600"
"DMX","20040220","0.082","0.082","0.075","0.075","38000"
"DMXO","20040220","0.016","0.016","0.016","0.016","522000"
"DMY","20040220","0.285","0.285","0.285","0.285","11600"
"DNL","20040220","0.26","0.27","0.26","0.26","668225"
"DNS","20040220","0.22","0.22","0.22","0.22","23214"
"DNX","20040220","0.17","0.17","0.17","0.17","27000"
"DOM","20040220","0.60","0.60","0.59","0.59","30000"
"DOT","20040220","1.12","1.12","1.10","1.10","5081768"
"DOW","20040220","3.88","3.88","3.78","3.78","474034"
"DPL","20040220","0.83","0.83","0.83","0.83","6590"
"DRA","20040220","0.31","0.315","0.31","0.315","78565"
"DRD","20040220","4.50","4.50","4.50","4.50","5500"
"DTL","20040220","2.20","2.21","2.20","2.21","24293"
"DVC","20040220","2.48","2.50","2.48","2.49","298837"
"DVCO","20040220","0.44","0.44","0.44","0.44","1137"
"DVN","20040220","0.73","0.74","0.73","0.73","82402"
"DVNN","20040220","0.65","0.66","0.63","0.63","84649"
"DWY","20040220","0.65","0.65","0.65","0.65","11467"
"DYL","20040220","0.026","0.026","0.026","0.026","310000"
"EBG","20040220","0.175","0.175","0.17","0.17","10500"
"EBR","20040220","0.07","0.07","0.07","0.07","25000"
"EBT","20040220","0.11","0.11","0.11","0.11","52504"
"ECS","20040220","0.061","0.061","0.054","0.057","1160000"
"ECU","20040220","0.036","0.037","0.035","0.035","403614"
"EDN","20040220","0.097","0.10","0.097","0.10","48000"
"EGI","20040220","0.055","0.055","0.051","0.051","1079640"
"EGL","20040220","0.27","0.29","0.27","0.29","398470"
"EGO","20040220","0.011","0.011","0.011","0.011","230432"
"EHO","20040220","0.042","0.043","0.042","0.043","30000"
"EIF","20040220","0.14","0.145","0.14","0.145","245074"
"EIL","20040220","0.091","0.091","0.091","0.091","8000"
"EIR","20040220","0.023","0.024","0.022","0.023","738696"
"ELL","20040220","0.18","0.18","0.18","0.18","5000"
"ELLO","20040220","0.065","0.065","0.065","0.065","100000"
"ELX","20040220","0.34","0.34","0.335","0.335","45000"
"EMI","20040220","0.13","0.15","0.13","0.145","1998897"
"EMM","20040220","0.072","0.072","0.065","0.066","389400"
"EMP","20040220","0.68","0.68","0.67","0.68","133597"
"EMS","20040220","0.325","0.34","0.32","0.32","86808"
"ENE","20040220","2.44","2.44","2.39","2.42","98724"
"ENV","20040220","1.07","1.08","1.06","1.06","366098"
"EOS","20040220","2.68","2.70","2.68","2.70","26201"
"EPR","20040220","0.16","0.16","0.16","0.16","30000"
"EPT","20040220","0.73","0.73","0.70","0.72","291885"
"EQI","20040220","1.62","1.62","1.59","1.62","26253"
"EQR","20040220","0.40","0.41","0.40","0.41","255019"
"EQX","20040220","0.43","0.43","0.42","0.42","83897"
"ERA","20040220","3.40","3.40","3.35","3.40","16578"
"ERG","20040220","1.12","1.12","1.09","1.09","677778"
"ESG","20040220","0.125","0.13","0.125","0.13","360051"
"ESI","20040220","0.16","0.16","0.15","0.155","966500"
"ESL","20040220","0.15","0.15","0.15","0.15","10000"
"ESV","20040220","0.23","0.235","0.23","0.235","230000"
"ETC","20040220","0.007","0.007","0.006","0.007","6572428"
"ETR","20040220","1.28","1.33","1.26","1.30","537169"
"ETT","20040220","0.066","0.067","0.066","0.067","189210"
"ETW","20040220","1.10","1.11","1.10","1.11","2928"
"ETWG","20040220","0.88","0.88","0.88","0.88","47000"
"ETWPA","20040220","0.99","0.99","0.99","0.99","9967"
"EUG","20040220","0.17","0.17","0.16","0.165","105000"
"EUR","20040220","0.17","0.17","0.17","0.17","25000"
"EVM","20040220","0.22","0.225","0.22","0.22","63000"
"EWC","20040220","0.023","0.023","0.023","0.023","42986"
"EXS","20040220","0.29","0.295","0.285","0.29","599954"
"EXSO","20040220","0.14","0.14","0.135","0.14","75180"
"EXT","20040220","0.022","0.022","0.022","0.022","993511"
"EZE","20040220","0.26","0.26","0.26","0.26","10000"
"EZL","20040220","1.08","1.08","1.08","1.08","5000"
"EZY","20040220","0.08","0.085","0.08","0.085","110485"
"FAN","20040220","4.19","4.20","4.16","4.20","307082"
"FAROA","20040220","0.029","0.029","0.029","0.029","190000"
"FBU","20040220","3.67","3.67","3.61","3.63","687130"
"FCL","20040220","1.65","1.66","1.63","1.64","1816607"
"FCLGA","20040220","2.34","2.34","2.34","2.34","212418"
"FCN","20040220","0.14","0.16","0.14","0.155","1733275"
"FCNO","20040220","0.061","0.065","0.061","0.065","210000"
"FCO","20040220","0.225","0.225","0.225","0.225","60000"
"FDL","20040220","0.035","0.037","0.035","0.037","109774"
"FEA","20040220","0.34","0.345","0.325","0.33","971531"
"FGL","20040220","4.35","4.37","4.33","4.35","6465726"
"FGLIDH","20040220","0.30","0.30","0.30","0.30","5000"
"FGLIGL","20040220","1.42","1.42","1.42","1.42","7000"
"FGLIOC","20040220","1.95","1.95","1.94","1.94","9000"
"FGLIWC","20040220","1.44","1.44","1.44","1.44","8000"
"FKP","20040220","2.90","2.92","2.88","2.90","90237"
"FLK","20040220","0.82","0.84","0.82","0.82","91066"
"FLT","20040220","20.05","20.70","20.00","20.60","154309"
"FLX","20040220","0.075","0.075","0.073","0.074","262330"
"FMG","20040220","0.69","0.71","0.68","0.68","129049"
"FOA","20040220","19.64","19.82","19.64","19.77","415315"
"FOAIMF","20040220","8.61","8.61","8.60","8.60","1500"
"FPA","20040220","3.26","3.26","3.26","3.26","2000"
"FPF","20040220","1.14","1.14","1.14","1.14","22328"
"FPG","20040220","0.495","0.495","0.49","0.49","66198"
"FPH","20040220","10.70","10.70","10.70","10.70","750"
"FPS","20040220","0.48","0.49","0.48","0.49","7000"
"FRL","20040220","0.16","0.165","0.16","0.16","55500"
"FSA","20040220","0.075","0.08","0.075","0.08","15000"
"FTR","20040220","0.63","0.63","0.63","0.63","52000"
"FUN","20040220","2.23","2.24","2.21","2.24","99512"
"FUT","20040220","0.052","0.052","0.05","0.05","118659"
"FWD","20040220","7.20","7.35","7.20","7.32","347590"
"FWF","20040220","0.32","0.32","0.32","0.32","85875"
"FXJ","20040220","3.53","3.53","3.34","3.40","16082840"
"FXJIMC","20040220","1.48","1.48","1.47","1.47","3500"
"FXJIMG","20040220","0.80","0.82","0.80","0.82","10100"
"FXJISG","20040220","1.45","1.46","1.45","1.45","6400"
"FXJISO","20040220","0.50","0.50","0.50","0.50","10000"
"FXJISS","20040220","0.58","0.58","0.57","0.57","25000"
"FXJIWD","20040220","0.99","0.99","0.97","0.97","7000"
"FXJIWF","20040220","1.20","1.20","1.20","1.20","7320"
"FXJPA","20040220","112.30","112.50","112.20","112.20","1313"
"FXJXDA","20040220","0.32","0.32","0.16","0.18","512800"
"FXJXDB","20040220","0.475","0.51","0.425","0.45","206000"
"FXJXDP","20040220","0.375","0.375","0.375","0.375","8500"
"FXR","20040220","0.60","0.60","0.59","0.59","100000"
"FXRO","20040220","0.42","0.42","0.42","0.42","25000"
"GAM","20040220","0.195","0.195","0.195","0.195","10000"
"GAN","20040220","1.40","1.41","1.39","1.39","5268790"
"GAP","20040220","2.95","3.00","2.95","3.00","25310"
"GAS","20040220","2.31","2.35","2.30","2.30","99101"
"GBG","20040220","0.165","0.165","0.16","0.16","626500"
"GBN","20040220","0.05","0.05","0.05","0.05","200000"
"GBP","20040220","0.21","0.23","0.205","0.23","746600"
"GBR","20040220","0.44","0.44","0.44","0.44","39704"
"GCAO","20040220","0.08","0.08","0.08","0.08","32000"
"GCN","20040220","0.067","0.067","0.061","0.063","1815900"
"GCR","20040220","0.084","0.085","0.084","0.085","285841"
"GDA","20040220","0.012","0.012","0.011","0.011","663500"
"GDM","20040220","0.53","0.54","0.53","0.54","11000"
"GDN","20040220","0.045","0.045","0.044","0.044","67001"
"GDP","20040220","0.95","0.96","0.91","0.91","308187"
"GDR","20040220","0.45","0.45","0.43","0.43","126501"
"GDY","20040220","1.03","1.03","1.02","1.02","8700"
"GFD","20040220","0.99","0.99","0.99","0.99","39400"
"GGL","20040220","0.465","0.47","0.46","0.46","129244"
"GGN","20040220","0.27","0.27","0.265","0.265","196587"
"GGP","20040220","0.335","0.335","0.33","0.33","328750"
"GGPO","20040220","0.095","0.10","0.095","0.097","296153"
"GGY","20040220","0.046","0.046","0.046","0.046","50000"
"GHG","20040220","0.62","0.63","0.61","0.61","248469"
"GIP","20040220","0.071","0.076","0.071","0.076","100998"
"GIR","20040220","0.20","0.205","0.195","0.195","689180"
"GIRO","20040220","0.043","0.044","0.041","0.042","785000"
"GKR","20040220","0.225","0.225","0.215","0.22","243000"
"GKROB","20040220","0.125","0.125","0.12","0.12","150000"
"GLB","20040220","0.52","0.52","0.49","0.50","2331591"
"GLN","20040220","0.395","0.395","0.395","0.395","63472"
"GLO","20040220","0.135","0.14","0.135","0.14","100000"
"GME","20040220","0.14","0.14","0.14","0.14","56000"
"GMER","20040220","0.065","0.065","0.061","0.061","89500"
"GML","20040220","0.14","0.14","0.13","0.13","6000"
"GNC","20040220","13.21","13.21","13.21","13.21","2735"
"GNCPA","20040220","109.00","110.00","109.00","109.95","992"
"GNS","20040220","11.85","11.95","11.85","11.91","89038"
"GOA","20040220","0.175","0.18","0.175","0.18","27694"
"GOG","20040220","0.37","0.37","0.355","0.365","358713"
"GOLD","20040220","51.97","51.97","51.70","51.75","17470"
"GOW","20040220","2.36","2.39","2.36","2.36","18043"
"GPG","20040220","1.72","1.72","1.71","1.71","760020"
"GPN","20040220","0.02","0.02","0.02","0.02","500000"
"GPO","20040220","0.038","0.038","0.038","0.038","95000"
"GPT","20040220","3.00","3.00","2.97","2.98","3379960"
"GRD","20040220","1.82","1.83","1.81","1.81","36620"
"GRN","20040220","0.50","0.50","0.49","0.49","31342"
"GRO","20040220","0.71","0.76","0.71","0.76","19000"
"GRP","20040220","1.51","1.51","1.51","1.51","10000"
"GRR","20040220","0.55","0.55","0.55","0.55","159926"
"GSACA","20040220","0.69","0.69","0.68","0.68","94530"
"GSTIN","20040220","2.41","2.41","2.41","2.41","2330"
"GTG","20040220","0.51","0.52","0.50","0.51","365810"
"GTM","20040220","0.084","0.084","0.082","0.082","2060173"
"GTMO","20040220","0.009","0.009","0.009","0.009","600000"
"GTP","20040220","2.28","2.30","2.25","2.29","307184"
"GTPG","20040220","120.05","120.05","120.00","120.00","529"
"GUD","20040220","8.21","8.30","8.21","8.29","79544"
"GUN","20040220","0.385","0.395","0.385","0.385","217548"
"GVM","20040220","0.026","0.027","0.025","0.025","1185000"
"GWT","20040220","2.99","3.09","2.98","3.06","212720"
"GZL","20040220","2.60","2.60","2.60","2.60","8009"
"HAN","20040220","10.45","10.50","10.45","10.50","5397"
"HAO","20040220","0.29","0.29","0.275","0.275","290850"
"HAV","20040220","0.29","0.29","0.285","0.285","35000"
"HBR","20040220","0.75","0.77","0.75","0.77","80173"
"HCD","20040220","0.55","0.55","0.55","0.55","1000"
"HCN","20040220","1.21","1.21","1.15","1.15","18000"
"HCY","20040220","0.033","0.034","0.033","0.034","1155885"
"HCYO","20040220","0.014","0.014","0.014","0.014","181620"
"HDN","20040220","0.15","0.165","0.15","0.165","210000"
"HDR","20040220","1.39","1.40","1.26","1.30","16922366"
"HDRWME","20040220","0.35","0.35","0.32","0.32","210000"
"HEG","20040220","0.245","0.245","0.245","0.245","10957"
"HER","20040220","0.76","0.76","0.75","0.76","34510"
"HGO","20040220","0.195","0.20","0.195","0.20","350000"
"HHG","20040220","1.07","1.08","1.06","1.08","8818309"
"HHGIMT","20040220","0.51","0.51","0.51","0.51","50000"
"HHL","20040220","5.97","5.98","5.83","5.95","5673"
"HHM","20040220","0.315","0.33","0.315","0.32","168571"
"HIC","20040220","0.61","0.61","0.61","0.61","16000"
"HIG","20040220","0.50","0.50","0.49","0.495","799046"
"HII","20040220","0.135","0.135","0.135","0.135","77500"
"HIL","20040220","3.92","3.92","3.90","3.90","75754"
"HIT","20040220","0.10","0.10","0.10","0.10","20000"
"HJB","20040220","0.42","0.42","0.41","0.41","70000"
"HLD","20040220","0.70","0.70","0.70","0.70","94685"
"HLI","20040220","0.24","0.24","0.24","0.24","25283"
"HLT","20040220","0.495","0.55","0.495","0.53","115900"
"HLX","20040220","0.28","0.28","0.28","0.28","21000"
"HLY","20040220","6.40","6.49","6.40","6.49","548233"
"HMC","20040220","0.038","0.04","0.038","0.04","1110653"
"HME","20040220","4.63","4.63","4.62","4.62","2000"
"HNG","20040220","1.88","1.88","1.80","1.85","53870"
"HNR","20040220","0.305","0.325","0.305","0.32","608877"
"HOM","20040220","0.30","0.30","0.28","0.295","355976"
"HOMPA","20040220","9.10","9.10","9.10","9.10","277"
"HPX","20040220","1.61","1.61","1.60","1.60","161100"
"HRD","20040220","0.36","0.365","0.35","0.36","310040"
"HRR","20040220","0.17","0.17","0.17","0.17","75643"
"HRZ","20040220","0.093","0.093","0.092","0.092","76000"
"HSN","20040220","0.24","0.24","0.24","0.24","25000"
"HSP","20040220","3.25","3.32","3.24","3.30","53694"
"HTA","20040220","0.285","0.285","0.275","0.28","494574"
"HTE","20040220","0.051","0.051","0.05","0.05","206046"
"HTL","20040220","0.235","0.235","0.23","0.235","234511"
"HUGO","20040220","0.013","0.013","0.013","0.013","74145"
"HVN","20040220","2.83","2.86","2.81","2.81","1220578"
"HWE","20040220","1.00","1.01","0.99","0.99","483359"
"HWI","20040220","2.47","2.47","2.42","2.42","265062"
"HWT","20040220","1.47","1.49","1.44","1.49","90551"
"HYFHA","20040220","98.00","98.00","98.00","98.00","100"
"HYFHB","20040220","96.00","96.00","96.00","96.00","194"
"HZG","20040220","0.055","0.055","0.055","0.055","33750"
"HZN","20040220","0.125","0.13","0.125","0.13","427010"
"IAG","20040220","4.55","4.62","4.53","4.53","3394327"
"IAGIMC","20040220","2.63","2.63","2.63","2.63","20000"
"IAGISK","20040220","1.65","1.65","1.65","1.65","3000"
"IAGPA","20040220","105.30","105.30","105.30","105.30","688"
"IAGPB","20040220","98.60","98.65","98.60","98.65","1050"
"IAS","20040220","0.72","0.75","0.70","0.75","56652"
"IAT","20040220","0.047","0.047","0.047","0.047","9620"
"IBA","20040220","0.14","0.155","0.14","0.155","948981"
"IBC","20040220","0.58","0.58","0.58","0.58","201404"
"ICE","20040220","0.021","0.022","0.021","0.022","402648"
"ICN","20040220","0.029","0.029","0.028","0.028","327000"
"ICP","20040220","0.065","0.071","0.065","0.071","77173"
"ICS","20040220","0.41","0.42","0.41","0.42","96200"
"IDE","20040220","0.29","0.29","0.29","0.29","1906"
"IDT","20040220","2.23","2.23","2.20","2.22","30741"
"IFC","20040220","0.355","0.36","0.35","0.35","30000"
"IFL","20040220","4.29","4.36","4.29","4.31","42717"
"IFM","20040220","0.88","0.88","0.87","0.87","207057"
"IGL","20040220","0.34","0.34","0.34","0.34","276000"
"IGO","20040220","1.20","1.21","1.17","1.20","520829"
"IGOO","20040220","1.00","1.00","0.95","1.00","134500"
"IGP","20040220","2.90","2.92","2.90","2.91","44701"
"IHG","20040220","0.40","0.405","0.40","0.40","107230"
"IIF","20040220","1.77","1.78","1.76","1.76","1279232"
"IIN","20040220","3.02","3.02","3.00","3.00","16450"
"ILU","20040220","4.27","4.27","4.20","4.20","609606"
"IMA","20040220","0.42","0.45","0.415","0.45","557371"
"IMD","20040220","0.22","0.22","0.22","0.22","2500"
"IMF","20040220","0.84","0.84","0.84","0.84","55647"
"IMH","20040220","0.22","0.225","0.22","0.225","276100"
"IMI","20040220","0.024","0.024","0.024","0.024","50000"
"IMP","20040220","0.008","0.008","0.008","0.008","1000000"
"IMU","20040220","0.28","0.29","0.28","0.285","122963"
"INL","20040220","0.135","0.155","0.13","0.14","5859872"
"INO","20040220","0.185","0.185","0.185","0.185","1600"
"INP","20040220","0.93","0.93","0.79","0.81","4323745"
"INPO","20040220","0.58","0.64","0.58","0.62","76185"
"INT","20040220","0.049","0.049","0.048","0.048","253250"
"INV","20040220","0.067","0.067","0.067","0.067","4000"
"IOC","20040220","3.29","3.30","3.25","3.25","20050"
"IOF","20040220","1.20","1.20","1.19","1.19","918448"
"IPG","20040220","1.94","1.94","1.93","1.93","1780799"
"IPL","20040220","16.29","16.30","16.29","16.30","2067"
"IPN","20040220","0.043","0.043","0.042","0.042","777213"
"IPS","20040220","1.17","1.17","1.15","1.15","12845"
"IPSO","20040220","0.26","0.26","0.25","0.25","36000"
"IRC","20040220","0.08","0.08","0.08","0.08","133966"
"IRE","20040220","2.60","2.60","2.58","2.58","19811"
"IRI","20040220","0.24","0.25","0.24","0.245","241500"
"IRN","20040220","0.295","0.32","0.29","0.31","346782"
"IRNO","20040220","0.08","0.08","0.08","0.08","33000"
"ITC","20040220","0.067","0.073","0.066","0.073","2634263"
"ITD","20040220","0.65","0.65","0.65","0.65","60000"
"ITE","20040220","0.38","0.38","0.37","0.38","168112"
"IVC","20040220","2.29","2.29","2.27","2.29","183182"
"IVK","20040220","0.03","0.03","0.029","0.029","759500"
"IVN","20040220","7.65","7.65","7.60","7.60","2000"
"IWF","20040220","1.83","1.83","1.78","1.79","54598"
"IWI","20040220","1.88","1.88","1.88","1.88","4250"
"IWL","20040220","0.315","0.315","0.315","0.315","118400"
"JBH","20040220","2.39","2.40","2.35","2.36","531169"
"JBK","20040220","0.07","0.07","0.07","0.07","1750000"
"JBM","20040220","4.95","5.03","4.90","4.94","1446242"
"JBMIMT","20040220","1.99","2.01","1.96","1.96","89000"
"JBMWMB","20040220","0.195","0.20","0.19","0.19","712000"
"JET","20040220","0.34","0.345","0.335","0.345","139920"
"JFG","20040220","2.82","2.83","2.81","2.81","469880"
"JFM","20040220","1.10","1.10","1.09","1.10","206793"
"JFMG","20040220","1.099","1.099","1.099","1.099","45000"
"JHX","20040220","6.85","6.95","6.85","6.86","1082452"
"JRL","20040220","0.31","0.31","0.31","0.31","20000"
"JRV","20040220","0.017","0.017","0.016","0.016","8402845"
"JUM","20040220","0.02","0.02","0.019","0.019","400000"
"JWM","20040220","0.053","0.053","0.053","0.053","50000"
"JYC","20040220","0.67","0.70","0.67","0.70","52830"
"KAZ","20040220","0.29","0.29","0.285","0.285","565969"
"KBO","20040220","0.079","0.079","0.072","0.072","191765"
"KBS","20040220","1.00","1.00","1.00","1.00","10000"
"KCG","20040220","0.098","0.099","0.095","0.098","418947"
"KCN","20040220","3.69","3.75","3.68","3.75","130924"
"KCNWMB","20040220","0.11","0.11","0.11","0.11","10000"
"KIA","20040220","0.72","0.72","0.72","0.72","26000"
"KIM","20040220","1.51","1.64","1.49","1.60","4258326"
"KIMOA","20040220","1.15","1.29","1.15","1.29","383100"
"KIMWMA","20040220","0.40","0.40","0.40","0.40","100000"
"KIMWMB","20040220","0.345","0.375","0.345","0.365","200000"
"KKT","20040220","1.15","1.15","1.10","1.10","20361"
"KLM","20040220","0.325","0.325","0.325","0.325","44057"
"KLS","20040220","0.033","0.033","0.032","0.033","1076000"
"KME","20040220","1.92","1.92","1.85","1.85","10750"
"KMN","20040220","0.027","0.027","0.027","0.027","50000"
"KOV","20040220","3.14","3.15","3.14","3.15","1500"
"KRS","20040220","0.74","0.75","0.74","0.75","70260"
"KSC","20040220","2.99","2.99","2.96","2.96","9170"
"KYC","20040220","1.60","1.64","1.60","1.60","130801"
"KZLG","20040220","1.60","1.60","1.60","1.60","7500"
"LAF","20040220","0.115","0.115","0.11","0.115","1772000"
"LAK","20040220","0.135","0.15","0.135","0.15","75000"
"LAL","20040220","0.078","0.078","0.077","0.077","106500"
"LAU","20040220","0.46","0.46","0.455","0.455","22000"
"LAUO","20040220","0.175","0.175","0.175","0.175","10000"
"LBY","20040220","0.275","0.28","0.275","0.28","179390"
"LCL","20040220","0.88","0.90","0.86","0.90","158280"
"LCO","20040220","2.32","2.32","2.30","2.30","49350"
"LCP","20040220","0.81","0.81","0.81","0.81","5000"
"LDR","20040220","0.19","0.20","0.19","0.20","14500"
"LDRO","20040220","0.066","0.066","0.065","0.065","20000"
"LDW","20040220","3.70","3.70","3.70","3.70","1035"
"LEG","20040220","0.13","0.14","0.13","0.135","1674125"
"LEGO","20040220","0.057","0.059","0.057","0.059","140000"
"LEI","20040220","11.01","11.17","10.94","10.94","172333"
"LEIGA","20040220","104.50","104.65","104.50","104.65","1199"
"LEP","20040220","1.16","1.16","1.16","1.16","22500"
"LHG","20040220","1.25","1.25","1.23","1.24","10650020"
"LHGIMU","20040220","0.425","0.435","0.425","0.435","70000"
"LHGWOC","20040220","0.001","0.001","0.001","0.001","50000"
"LHGWOE","20040220","0.019","0.019","0.016","0.016","1298102"
"LHGXDE","20040220","0.27","0.28","0.27","0.28","18100"
"LIM","20040220","7.16","7.20","7.00","7.10","5070"
"LIO","20040220","0.007","0.007","0.006","0.006","1390000"
"LKE","20040220","0.24","0.27","0.24","0.25","170000"
"LKO","20040220","0.056","0.056","0.054","0.055","4255950"
"LKP","20040220","0.061","0.062","0.061","0.062","95000"
"LLC","20040220","9.89","9.97","9.84","9.92","1080132"
"LLCEMG","20040220","4.66","4.66","4.66","4.66","916"
"LLCIMD","20040220","1.71","1.71","1.68","1.68","8000"
"LLCIMT","20040220","1.04","1.04","0.98","1.03","35800"
"LLCISO","20040220","1.30","1.30","1.27","1.28","8000"
"LLCIZG","20040220","4.01","4.01","4.01","4.01","2000"
"LLCWOE","20040220","0.005","0.005","0.005","0.005","50000"
"LLCWOG","20040220","0.072","0.073","0.072","0.073","25000"
"LMC","20040220","2.35","2.35","2.34","2.34","152050"
"LMG","20040220","0.03","0.03","0.03","0.03","75000"
"LMW","20040220","0.75","0.75","0.74","0.75","18940"
"LNN","20040220","6.10","6.10","6.01","6.01","281865"
"LOK","20040220","0.10","0.105","0.099","0.10","7237169"
"LRL","20040220","0.465","0.47","0.46","0.465","112300"
"LRX","20040220","0.14","0.14","0.14","0.14","22088"
"LSG","20040220","2.17","2.17","2.15","2.15","69070"
"LUM","20040220","0.46","0.465","0.435","0.465","357603"
"LYC","20040220","0.45","0.455","0.435","0.455","350000"
"MAA","20040220","0.395","0.395","0.395","0.395","8000"
"MAG","20040220","1.27","1.27","1.27","1.27","31682"
"MAH","20040220","0.325","0.33","0.325","0.325","1143362"
"MAP","20040220","1.82","1.85","1.82","1.84","9284254"
"MAPIMT","20040220","0.335","0.335","0.335","0.335","100000"
"MAPIWV","20040220","0.35","0.35","0.35","0.35","25000"
"MAQ","20040220","0.23","0.235","0.23","0.235","96620"
"MAR","20040220","0.23","0.23","0.225","0.225","78182"
"MARO","20040220","0.072","0.072","0.072","0.072","100000"
"MAY","20040220","3.14","3.16","3.12","3.14","3724247"
"MAYIMD","20040220","0.72","0.72","0.72","0.72","20000"
"MAYWZA","20040220","0.076","0.076","0.076","0.076","300000"
"MBG","20040220","0.039","0.039","0.036","0.036","2462800"
"MBL","20040220","33.77","33.94","33.77","33.90","230759"
"MBLHB","20040220","102.39","102.40","101.90","101.90","2321"
"MBLIDH","20040220","9.28","9.30","9.27","9.30","1825"
"MBLISY","20040220","10.39","10.39","10.39","10.39","1000"
"MBLIWW","20040220","2.71","2.71","2.69","2.69","10000"
"MBLWZA","20040220","0.45","0.455","0.45","0.455","7500"
"MBP","20040220","0.97","0.97","0.94","0.95","29312"
"MBX","20040220","0.115","0.125","0.11","0.125","578252"
"MCA","20040220","0.70","0.70","0.69","0.69","13880"
"MCC","20040220","1.60","1.60","1.55","1.56","130350"
"MCCG","20040220","1.58","1.58","1.57","1.576","8500"
"MCG","20040220","3.39","3.45","3.36","3.39","417186"
"MCK","20040220","0.80","0.80","0.80","0.80","47580"
"MCP","20040220","5.30","5.37","5.30","5.37","82493"
"MCR","20040220","0.97","0.98","0.95","0.97","4875100"
"MCRWMA","20040220","0.067","0.067","0.064","0.064","130000"
"MCW","20040220","1.79","1.79","1.76","1.76","1435523"
"MDE","20040220","1.17","1.17","1.15","1.15","44200"
"MDL","20040220","0.30","0.34","0.30","0.335","499440"
"MDM","20040220","0.054","0.055","0.053","0.055","215500"
"MDS","20040220","0.245","0.255","0.245","0.25","270290"
"MDSO","20040220","0.085","0.09","0.085","0.09","77000"
"MDT","20040220","1.05","1.05","1.04","1.04","877822"
"MDTISI","20040220","0.475","0.475","0.475","0.475","82000"
"MDV","20040220","0.27","0.27","0.27","0.27","87343"
"MEE","20040220","0.09","0.091","0.089","0.089","233334"
"MEO","20040220","0.18","0.18","0.17","0.17","86743"
"MFT","20040220","0.90","0.90","0.90","0.90","5785"
"MGAPA","20040220","106.65","108.00","106.65","108.00","394"
"MGI","20040220","1.70","1.70","1.67","1.67","4196968"
"MGM","20040220","3.16","3.16","3.14","3.14","62328"
"MGO","20040220","0.13","0.13","0.125","0.125","35000"
"MGR","20040220","4.60","4.63","4.57","4.57","1001560"
"MGW","20040220","4.74","4.76","4.72","4.72","21492"
"MGX","20040220","0.20","0.205","0.195","0.205","564221"
"MGZ","20040220","0.30","0.31","0.29","0.31","97090"
"MHI","20040220","0.185","0.185","0.185","0.185","140000"
"MIA","20040220","0.79","0.79","0.77","0.77","1702876"
"MIC","20040220","0.14","0.14","0.135","0.14","2448250"
"MIG","20040220","3.01","3.01","2.95","2.96","8624946"
"MIGIMC","20040220","0.98","0.98","0.98","0.98","1000"
"MIGIMF","20040220","0.91","0.91","0.91","0.91","2000"
"MIGIWF","20040220","0.85","0.85","0.85","0.85","50000"
"MIK","20040220","0.05","0.05","0.049","0.049","130000"
"MIL","20040220","0.071","0.073","0.07","0.071","476465"
"MIR","20040220","1.29","1.29","1.29","1.29","27000"
"MIS","20040220","0.57","0.57","0.56","0.56","14536"
"MIW","20040220","0.059","0.059","0.059","0.059","6000"
"MLB","20040220","0.61","0.61","0.59","0.60","169887"
"MLE","20040220","1.03","1.04","1.02","1.03","179996"
"MLT","20040220","13.60","13.60","13.50","13.60","30006"
"MMA","20040220","0.93","0.93","0.92","0.93","696344"
"MMAO","20040220","0.059","0.06","0.058","0.059","640924"
"MML","20040220","0.51","0.51","0.50","0.50","59000"
"MMN","20040220","0.205","0.205","0.20","0.205","485250"
"MMNOA","20040220","0.105","0.11","0.105","0.11","250000"
"MND","20040220","4.88","4.88","4.80","4.85","42518"
"MNR","20040220","1.36","1.44","1.36","1.38","264633"
"MOD","20040220","0.30","0.31","0.30","0.31","15000"
"MOF","20040220","1.20","1.20","1.19","1.19","1461213"
"MOK","20040220","0.205","0.21","0.205","0.21","107500"
"MOO","20040220","0.105","0.105","0.105","0.105","165000"
"MORPA","20040220","107.00","107.00","107.00","107.00","425"
"MOS","20040220","0.245","0.25","0.24","0.25","1535981"
"MPB","20040220","4.10","4.10","4.10","4.10","270"
"MPD","20040220","0.19","0.19","0.185","0.185","70000"
"MPDO","20040220","0.06","0.066","0.06","0.066","126250"
"MPH","20040220","0.68","0.69","0.68","0.68","212976"
"MPHOB","20040220","0.34","0.345","0.34","0.34","482981"
"MPI","20040220","0.145","0.15","0.145","0.145","474950"
"MPM","20040220","1.82","1.85","1.82","1.85","264375"
"MPO","20040220","0.062","0.063","0.062","0.062","446250"
"MPR","20040220","1.07","1.07","1.06","1.07","1053360"
"MPY","20040220","0.22","0.22","0.22","0.22","23730"
"MRC","20040220","0.265","0.27","0.26","0.26","96925"
"MRCOA","20040220","0.025","0.025","0.025","0.025","13334"
"MRE","20040220","3.50","3.50","3.35","3.43","186190"
"MRI","20040220","0.25","0.25","0.25","0.25","1000"
"MRL","20040220","1.76","1.77","1.76","1.76","248236"
"MRM","20040220","0.405","0.405","0.395","0.40","253385"
"MRS","20040220","0.35","0.35","0.35","0.35","20000"
"MRT","20040220","0.52","0.52","0.50","0.50","25769"
"MRX","20040220","0.14","0.15","0.14","0.145","14633280"
"MRY","20040220","0.01","0.01","0.01","0.01","691150"
"MRYO","20040220","0.003","0.003","0.003","0.003","1000000"
"MSC","20040220","0.14","0.145","0.14","0.14","255991"
"MSF","20040220","5.70","6.00","5.70","6.00","14496"
"MSO","20040220","0.051","0.051","0.041","0.041","203800"
"MST","20040220","0.42","0.45","0.42","0.44","1233747"
"MSTO","20040220","0.11","0.12","0.11","0.12","69750"
"MTB","20040220","0.10","0.10","0.10","0.10","10000"
"MTD","20040220","0.26","0.26","0.24","0.26","55000"
"MTH","20040220","0.40","0.40","0.40","0.40","36700"
"MTI","20040220","0.54","0.57","0.54","0.57","211920"
"MTO","20040220","0.28","0.28","0.275","0.275","256916"
"MTR","20040220","0.285","0.295","0.285","0.295","191878"
"MTT","20040220","2.41","2.44","2.41","2.41","93332"
"MUL","20040220","0.085","0.089","0.085","0.088","90789383"
"MUR","20040220","0.023","0.023","0.021","0.021","420000"
"MVP","20040220","0.71","0.72","0.70","0.70","62300"
"MWE","20040220","0.205","0.205","0.18","0.19","598575"
"MWR","20040220","0.015","0.015","0.015","0.015","11500"
"MWRO","20040220","0.005","0.005","0.005","0.005","20000"
"MXA","20040220","0.005","0.005","0.005","0.005","250000"
"MXGCA","20040220","3.55","3.55","3.54","3.55","352352"
"MXL","20040220","0.155","0.155","0.14","0.155","2286061"
"MYO","20040220","1.48","1.48","1.39","1.45","84192"
"NAB","20040220","30.80","31.02","30.79","30.88","3162578"
"NABHA","20040220","99.80","99.95","99.80","99.94","26621"
"NABIGK","20040220","14.35","14.35","14.35","14.35","30000"
"NABIMC","20040220","8.94","8.94","8.94","8.94","1200"
"NABIMD","20040220","2.20","2.25","2.18","2.25","21600"
"NABIMT","20040220","2.60","2.80","2.60","2.80","35000"
"NABIOC","20040220","13.39","13.39","13.39","13.39","2000"
"NABISH","20040220","13.07","13.13","13.07","13.13","900"
"NABIWF","20040220","9.08","9.09","9.08","9.09","60"
"NABIWW","20040220","2.40","2.42","2.40","2.42","35000"
"NABIZO","20040220","15.46","15.47","15.46","15.47","2400"
"NABSMS","20040220","15.90","15.90","15.90","15.90","2000"
"NABWMC","20040220","0.009","0.009","0.008","0.008","105000"
"NABWMD","20040220","0.21","0.21","0.21","0.21","40000"
"NABWMF","20040220","0.185","0.20","0.185","0.195","34000"
"NABWMQ","20040220","0.007","0.007","0.007","0.007","13380"
"NABWOC","20040220","0.17","0.195","0.17","0.175","395000"
"NABWOF","20040220","0.19","0.19","0.19","0.19","5000"
"NABWZY","20040220","0.305","0.305","0.305","0.305","10000"
"NABXDA","20040220","0.85","0.85","0.85","0.85","5000"
"NABXDB","20040220","1.09","1.09","1.09","1.09","5000"
"NABXDE","20040220","0.77","0.77","0.77","0.77","15000"
"NABXDR","20040220","0.38","0.38","0.325","0.34","163000"
"NAL","20040220","1.20","1.26","1.18","1.25","660220"
"NAM","20040220","0.50","0.54","0.50","0.53","398528"
"NAV","20040220","0.15","0.15","0.14","0.14","46225"
"NBL","20040220","1.82","1.85","1.82","1.82","47680"
"NCA","20040220","0.025","0.026","0.025","0.025","151200"
"NCAN","20040220","0.02","0.02","0.02","0.02","6000000"
"NCI","20040220","1.47","1.47","1.47","1.47","12000"
"NCM","20040220","12.35","12.40","12.23","12.40","1160839"
"NCMIDH","20040220","5.26","5.26","5.23","5.23","2200"
"NCMIMT","20040220","2.89","2.89","2.89","2.89","10000"
"NCMWMV","20040220","0.001","0.001","0.001","0.001","150000"
"NCMWZB","20040220","0.32","0.32","0.32","0.32","20000"
"NCMWZC","20040220","0.24","0.25","0.24","0.25","115000"
"NCMWZQ","20040220","0.13","0.13","0.13","0.13","5000"
"NCMXDC","20040220","0.52","0.52","0.51","0.51","20000"
"NCMXDP","20040220","0.36","0.36","0.33","0.33","60000"
"NCP","20040220","12.04","12.14","12.02","12.10","7133841"
"NCPDP","20040220","10.35","10.53","10.35","10.48","9175123"
"NCPIDH","20040220","1.77","1.77","1.77","1.77","1000"
"NCPIMD","20040220","2.40","2.49","2.40","2.46","66500"
"NCPIMV","20040220","0.63","0.63","0.63","0.63","15000"
"NCPIMW","20040220","1.75","1.79","1.75","1.77","145500"
"NCPIOD","20040220","0.53","0.56","0.52","0.56","112000"
"NCPISS","20040220","2.11","2.11","2.11","2.11","1000"
"NCPIWC","20040220","5.32","5.32","5.32","5.32","5000"
"NCPWMA","20040220","0.11","0.11","0.11","0.11","59000"
"NCPWMB","20040220","0.15","0.15","0.145","0.15","54000"
"NCPWMW","20040220","0.10","0.10","0.10","0.10","30000"
"NCPWOE","20040220","0.014","0.014","0.014","0.014","77000"
"NCPWOF","20040220","0.003","0.003","0.003","0.003","125000"
"NCPWOG","20040220","0.12","0.125","0.12","0.125","60000"
"NCPWOP","20040220","0.091","0.096","0.086","0.086","235500"
"NCPWOR","20040220","0.10","0.10","0.10","0.10","30000"
"NCPWZY","20040220","0.055","0.055","0.055","0.055","2200"
"NCPWZZ","20040220","0.15","0.15","0.145","0.15","107000"
"NCPXDD","20040220","1.30","1.39","1.30","1.39","50000"
"NCPXDF","20040220","0.83","0.86","0.80","0.86","40000"
"NCPXDP","20040220","1.56","1.58","1.54","1.56","80000"
"NCPXDS","20040220","1.14","1.15","1.06","1.08","74850"
"NDC","20040220","0.34","0.355","0.34","0.35","928335"
"NDO","20040220","0.016","0.016","0.016","0.016","625000"
"NEM","20040220","5.50","5.55","5.49","5.55","62137"
"NEMIDA","20040220","1.70","1.70","1.70","1.70","1000"
"NFD","20040220","4.44","4.60","4.42","4.48","436504"
"NFO","20040220","0.047","0.047","0.047","0.047","44000"
"NHC","20040220","0.68","0.69","0.67","0.69","20375"
"NHCO","20040220","0.32","0.32","0.32","0.32","1561"
"NHE","20040220","0.15","0.15","0.14","0.14","355000"
"NHL","20040220","0.215","0.215","0.21","0.21","124132"
"NHM","20040220","0.01","0.01","0.01","0.01","200000"
"NHR","20040220","0.475","0.48","0.465","0.48","157365"
"NIA","20040220","0.09","0.092","0.086","0.09","134283"
"NIQ","20040220","0.29","0.30","0.285","0.30","326497"
"NKL","20040220","0.29","0.29","0.285","0.285","95441"
"NKP","20040220","0.96","1.00","0.96","1.00","101000"
"NLX","20040220","0.345","0.345","0.34","0.34","1313463"
"NNG","20040220","0.32","0.325","0.32","0.325","133500"
"NNZG","20040220","60.20","60.20","60.01","60.01","500"
"NOL","20040220","0.215","0.215","0.215","0.215","104000"
"NPX","20040220","4.00","4.00","4.00","4.00","9800"
"NRL","20040220","0.053","0.053","0.053","0.053","100799"
"NRT","20040220","5.90","5.96","5.84","5.84","54649"
"NST","20040220","0.19","0.195","0.19","0.195","126526"
"NTC","20040220","0.32","0.325","0.31","0.31","111027"
"NTG","20040220","0.06","0.06","0.055","0.055","165000"
"NUF","20040220","5.93","5.94","5.90","5.90","26736"
"NVS","20040220","1.82","1.83","1.80","1.80","1282861"
"NWA","20040220","0.071","0.075","0.071","0.075","514374"
"NWE","20040220","0.066","0.066","0.059","0.059","2712316"
"NWEOA","20040220","0.006","0.006","0.006","0.006","360000"
"NWK","20040220","0.25","0.25","0.24","0.24","73500"
"NXBHA","20040220","104.55","104.55","104.50","104.50","290"
"NXS","20040220","0.185","0.19","0.185","0.185","1303064"
"OCL","20040220","0.425","0.425","0.425","0.425","10000"
"OCO","20040220","0.025","0.025","0.025","0.025","250000"
"OEC","20040220","0.16","0.17","0.16","0.17","1396373"
"OEX","20040220","0.35","0.455","0.335","0.415","1808420"
"OFM","20040220","2.21","2.25","2.20","2.25","21688"
"OIL","20040220","0.495","0.495","0.475","0.475","174920"
"OKN","20040220","1.37","1.38","1.36","1.37","21815"
"OLE","20040220","0.11","0.11","0.11","0.11","6272"
"OMH","20040220","0.68","0.70","0.68","0.70","78000"
"OMI","20040220","3.04","3.04","2.97","2.97","35744"
"OMP","20040220","3.28","3.28","3.22","3.26","196511"
"OPI","20040220","0.27","0.31","0.27","0.29","403250"
"OPL","20040220","0.18","0.21","0.18","0.205","2901889"
"OPM","20040220","0.01","0.01","0.009","0.009","3329250"
"OPMO","20040220","0.004","0.004","0.004","0.004","176035"
"OPS","20040220","3.68","3.68","3.68","3.68","1993"
"ORC","20040220","0.059","0.07","0.059","0.07","1046278"
"ORCO","20040220","0.027","0.03","0.027","0.03","1200000"
"ORG","20040220","5.45","5.46","5.37","5.37","2294500"
"ORGCD","20040220","5.53","5.53","5.53","5.53","35205"
"ORI","20040220","14.00","14.00","13.90","13.97","326485"
"ORL","20040220","2.61","2.62","2.60","2.60","21335"
"ORO","20040220","0.16","0.16","0.16","0.16","200000"
"ORP","20040220","0.028","0.028","0.028","0.028","370000"
"ORPO","20040220","0.012","0.012","0.012","0.012","100000"
"ORT","20040220","0.15","0.15","0.14","0.14","112996"
"OSH","20040220","1.13","1.14","1.11","1.12","4574833"
"OST","20040220","2.11","2.16","2.11","2.14","8733203"
"OTI","20040220","0.12","0.13","0.12","0.13","90000"
"OTT","20040220","0.012","0.012","0.01","0.011","46082962"
"OTTO","20040220","0.005","0.005","0.005","0.005","450000"
"OXR","20040220","0.93","0.94","0.92","0.94","2297566"
"OXRN","20040220","0.93","0.93","0.92","0.92","127500"
"OXRWMB","20040220","0.11","0.11","0.105","0.11","135000"
"PAO","20040220","1.13","1.13","1.10","1.10","2418009"
"PAY","20040220","2.50","2.50","2.50","2.50","6430"
"PBB","20040220","4.18","4.20","4.17","4.17","85828"
"PBD","20040220","1.28","1.28","1.25","1.28","10500"
"PBI","20040220","0.31","0.31","0.31","0.31","5000"
"PBL","20040220","12.40","12.42","12.35","12.40","747304"
"PBLHA","20040220","106.05","107.00","106.01","106.10","2689"
"PBLIMG","20040220","3.74","3.74","3.71","3.71","12000"
"PBO","20040220","0.47","0.50","0.47","0.49","106770"
"PBT","20040220","0.53","0.54","0.53","0.53","53350"
"PCBPA","20040220","200.00","200.00","199.95","200.00","19496"
"PCE","20040220","0.10","0.10","0.10","0.10","10000"
"PCG","20040220","0.43","0.435","0.43","0.43","601103"
"PCL","20040220","0.125","0.13","0.125","0.13","588023"
"PCO","20040220","0.043","0.045","0.043","0.045","40000"
"PCP","20040220","0.18","0.20","0.18","0.20","287400"
"PCPO","20040220","0.055","0.06","0.055","0.06","25000"
"PDG","20040220","20.70","20.90","20.70","20.71","11529"
"PDM","20040220","0.19","0.19","0.185","0.185","60000"
"PDMO","20040220","0.07","0.072","0.065","0.065","35000"
"PDN","20040220","0.088","0.091","0.085","0.086","11205240"
"PEL","20040220","0.125","0.13","0.11","0.13","453979"
"PELO","20040220","0.032","0.032","0.032","0.032","400000"
"PEM","20040220","1.36","1.40","1.36","1.40","187929"
"PEP","20040220","0.90","0.91","0.87","0.90","70000"
"PEWEEA","20040220","0.82","0.82","0.82","0.82","2361"
"PEWEMF","20040220","1.62","1.62","1.62","1.62","41776"
"PEWEMG","20040220","1.78","1.78","1.78","1.78","1000"
"PGL","20040220","1.65","1.68","1.64","1.64","139952"
"PGLO","20040220","0.40","0.40","0.40","0.40","500"
"PHL","20040220","0.084","0.084","0.084","0.084","50000"
"PHY","20040220","2.89","2.91","2.89","2.89","492186"
"PIE","20040220","0.05","0.05","0.05","0.05","68110"
"PIF","20040220","1.07","1.09","1.07","1.07","522167"
"PIL","20040220","0.18","0.18","0.17","0.17","90500"
"PIO","20040220","0.185","0.19","0.185","0.19","330000"
"PIV","20040220","1.60","1.60","1.58","1.60","86715"
"PLA","20040220","0.165","0.175","0.16","0.165","136699"
"PLF","20040220","2.77","2.78","2.76","2.78","57258"
"PLFG","20040220","121.00","121.00","121.00","121.00","215"
"PLT","20040220","0.79","0.79","0.76","0.77","138211"
"PMC","20040220","2.28","2.30","2.20","2.27","119670"
"PME","20040220","0.81","0.82","0.80","0.82","23574"
"PMG","20040220","9.45","9.50","9.45","9.45","6390"
"PMM","20040220","1.49","1.49","1.46","1.47","153559"
"PMN","20040220","3.28","3.30","3.27","3.30","4436974"
"PMNIMG","20040220","0.99","0.99","0.99","0.99","177400"
"PMNISZ","20040220","0.46","0.46","0.46","0.46","10000"
"PMNIWG","20040220","1.22","1.22","1.22","1.22","2000"
"PMP","20040220","1.29","1.30","1.26","1.26","3469684"
"PMX","20040220","0.135","0.135","0.135","0.135","1647"
"PNA","20040220","0.185","0.185","0.18","0.18","676000"
"PNO","20040220","0.024","0.024","0.024","0.024","30200"
"POH","20040220","0.21","0.215","0.205","0.21","113030"
"PPB","20040220","3.70","3.70","3.70","3.70","1900"
"PPD","20040220","0.70","0.70","0.69","0.70","108075"
"PPK","20040220","1.09","1.09","1.05","1.05","85515"
"PPP","20040220","0.12","0.12","0.12","0.12","15500"
"PPR","20040220","0.91","0.92","0.91","0.91","105000"
"PPRO","20040220","0.10","0.10","0.10","0.10","100000"
"PPT","20040220","41.25","41.25","40.73","41.00","19709"
"PPX","20040220","4.53","4.53","4.48","4.49","882193"
"PPXIMF","20040220","1.34","1.34","1.34","1.34","5333"
"PRE","20040220","0.02","0.02","0.02","0.02","386000"
"PRG","20040220","2.88","2.88","2.86","2.86","29934"
"PRK","20040220","4.90","4.95","4.87","4.88","1563245"
"PRKG","20040220","105.75","105.80","105.75","105.75","4345"
"PRKISG","20040220","2.14","2.14","2.14","2.14","1200"
"PRKO","20040220","2.00","2.05","2.00","2.05","46276"
"PRKPA","20040220","4.89","4.90","4.89","4.90","949"
"PRM","20040220","0.16","0.16","0.16","0.16","17000"
"PRR","20040220","0.31","0.31","0.29","0.29","57629"
"PRROB","20040220","0.105","0.105","0.105","0.105","20000"
"PRT","20040220","2.42","2.42","2.38","2.38","8505"
"PRV","20040220","0.93","0.94","0.93","0.93","266900"
"PRVO","20040220","0.026","0.03","0.026","0.028","575000"
"PRX","20040220","0.82","0.82","0.81","0.82","298804"
"PRY","20040220","5.55","5.60","5.55","5.60","5529"
"PSA","20040220","1.28","1.29","1.26","1.28","60800"
"PSD","20040220","1.27","1.33","1.26","1.31","902496"
"PSG","20040220","0.305","0.315","0.30","0.30","263383"
"PSI","20040220","0.24","0.245","0.24","0.245","120000"
"PSP","20040220","0.20","0.205","0.195","0.20","195000"
"PSV","20040220","0.315","0.32","0.315","0.315","412622"
"PSX","20040220","0.25","0.27","0.25","0.27","449485"
"PTD","20040220","1.78","1.80","1.78","1.79","279411"
"PTS","20040220","0.10","0.10","0.10","0.10","4711"
"PWR","20040220","0.056","0.057","0.055","0.056","1154105"
"PWSPA","20040220","106.95","106.95","106.95","106.95","8264"
"PWT","20040220","0.035","0.035","0.034","0.034","4539746"
"PXS","20040220","0.49","0.49","0.485","0.49","99800"
"QAD","20040220","0.044","0.044","0.044","0.044","290000"
"QAN","20040220","3.80","3.81","3.72","3.73","11401931"
"QANIGK","20040220","1.78","1.78","1.78","1.78","5000"
"QANIGL","20040220","0.85","0.85","0.85","0.85","12000"
"QANIMC","20040220","1.79","1.79","1.78","1.78","95000"
"QANIMD","20040220","1.09","1.09","1.05","1.05","26000"
"QANIMU","20040220","0.68","0.68","0.64","0.64","48000"
"QANIOC","20040220","1.73","1.73","1.67","1.67","22000"
"QANISO","20040220","0.85","0.86","0.85","0.85","36000"
"QANIWC","20040220","1.11","1.11","1.10","1.10","200000"
"QANIWH","20040220","1.02","1.02","1.02","1.02","1000"
"QANIZG","20040220","1.33","1.33","1.31","1.31","45000"
"QANIZO","20040220","1.98","1.98","1.98","1.98","5000"
"QANWMK","20040220","0.10","0.10","0.093","0.093","110000"
"QANWML","20040220","0.105","0.105","0.10","0.10","64500"
"QANWMV","20040220","0.029","0.032","0.028","0.032","380000"
"QANWON","20040220","0.09","0.09","0.09","0.09","50000"
"QANWOO","20040220","0.125","0.125","0.125","0.125","10000"
"QANWSF","20040220","0.13","0.13","0.13","0.13","30000"
"QANWSI","20040220","0.165","0.165","0.165","0.165","5000"
"QANWSJ","20040220","0.115","0.115","0.115","0.115","10000"
"QANXDA","20040220","0.61","0.61","0.56","0.56","153500"
"QANXDP","20040220","0.29","0.325","0.29","0.325","30000"
"QANXDQ","20040220","0.55","0.55","0.49","0.49","3500"
"QBE","20040220","10.42","10.50","10.35","10.46","1117899"
"QBEIMD","20040220","3.18","3.18","3.08","3.08","16000"
"QCH","20040220","3.45","3.45","3.45","3.45","7000"
"QED","20040220","0.03","0.03","0.03","0.03","200000"
"QGC","20040220","0.17","0.17","0.165","0.165","79551"
"QML","20040220","0.12","0.12","0.12","0.12","1566"
"QPX","20040220","0.48","0.48","0.48","0.48","7737"
"QRS","20040220","0.20","0.205","0.20","0.20","1260312"
"QTK","20040220","0.003","0.003","0.002","0.002","7446067"
"QTM","20040220","0.385","0.42","0.385","0.42","49000"
"QUE","20040220","0.185","0.185","0.185","0.185","2500"
"QVL","20040220","0.012","0.012","0.011","0.011","1650000"
"RAC","20040220","0.46","0.465","0.46","0.465","2170707"
"RAU","20040220","0.165","0.165","0.155","0.155","37552"
"RBK","20040220","0.71","0.71","0.66","0.70","13256"
"RBL","20040220","0.45","0.45","0.41","0.41","21530"
"RBS","20040220","7.56","7.90","7.56","7.70","15620"
"RBY","20040220","0.18","0.18","0.175","0.175","260000"
"RCD","20040220","3.79","3.79","3.75","3.75","129306"
"RCL","20040220","2.76","2.77","2.75","2.76","623549"
"RCM","20040220","0.11","0.11","0.11","0.11","12392"
"RCR","20040220","0.44","0.45","0.44","0.45","135500"
"RCT","20040220","2.07","2.10","2.07","2.10","13458"
"RDF","20040220","1.52","1.55","1.50","1.54","85095"
"RDM","20040220","0.32","0.32","0.305","0.32","113000"
"RDR","20040220","0.245","0.27","0.245","0.27","127226"
"REA","20040220","0.79","0.81","0.79","0.80","242350"
"REB","20040220","2.72","2.73","2.72","2.73","111693"
"RED","20040220","0.205","0.205","0.20","0.205","1075848"
"REDOA","20040220","0.036","0.036","0.036","0.036","118750"
"REH","20040220","7.85","7.85","7.85","7.85","495"
"REL","20040220","0.135","0.145","0.135","0.14","521319"
"REM","20040220","0.65","0.67","0.65","0.67","329399"
"REV","20040220","0.155","0.155","0.155","0.155","7285"
"RFS","20040220","0.25","0.255","0.25","0.25","191000"
"RHC","20040220","5.10","5.10","5.01","5.01","25044"
"RHD","20040220","0.73","0.75","0.73","0.75","207383"
"RHT","20040220","0.235","0.235","0.22","0.225","371369"
"RHTOA","20040220","0.125","0.13","0.105","0.13","943334"
"RIC","20040220","1.30","1.33","1.30","1.31","275392"
"RIN","20040220","7.04","7.05","6.84","6.87","5376456"
"RIO","20040220","36.80","36.85","36.50","36.55","1236277"
"RIOIDH","20040220","6.45","6.45","6.41","6.41","5000"
"RIOIMC","20040220","15.15","15.24","15.15","15.24","6500"
"RIOIMD","20040220","7.64","7.64","7.64","7.64","6000"
"RIOIMU","20040220","3.44","3.44","3.19","3.19","15000"
"RIOIMV","20040220","6.03","6.03","5.92","5.95","32500"
"RIOIOC","20040220","17.57","17.57","17.57","17.57","1000"
"RIOISO","20040220","6.63","6.63","6.63","6.63","1000"
"RIOIWX","20040220","4.70","4.70","4.70","4.70","15000"
"RIOIZJ","20040220","6.05","6.05","6.05","6.05","1000"
"RIOWMN","20040220","0.088","0.088","0.08","0.08","660000"
"RIOWOF","20040220","0.115","0.115","0.105","0.105","97500"
"RIOWOG","20040220","0.32","0.32","0.32","0.32","3125"
"RIOWOS","20040220","0.24","0.24","0.24","0.24","25000"
"RIOWSD","20040220","0.12","0.12","0.091","0.091","200000"
"RIOWZH","20040220","0.005","0.005","0.005","0.005","100000"
"RKN","20040220","0.77","0.77","0.75","0.77","231500"
"RLD","20040220","0.11","0.12","0.105","0.11","855442"
"RMC","20040220","0.068","0.068","0.065","0.066","102000"
"RMD","20040220","5.85","5.85","5.74","5.78","272831"
"RMI","20040220","0.007","0.007","0.006","0.006","4070000"
"RMIO","20040220","0.002","0.002","0.002","0.002","500000"
"RML","20040220","0.077","0.08","0.077","0.08","144167"
"RMS","20040220","0.12","0.12","0.12","0.12","25000"
"RNG","20040220","0.335","0.355","0.33","0.35","283591"
"RNGO","20040220","0.14","0.15","0.14","0.15","75000"
"ROC","20040220","1.70","1.72","1.70","1.71","278745"
"RPC","20040220","0.48","0.48","0.48","0.48","88073"
"RPH","20040220","1.15","1.15","1.14","1.14","1083580"
"RPM","20040220","0.093","0.093","0.09","0.09","36000"
"RRS","20040220","0.051","0.051","0.046","0.048","12789713"
"RRSO","20040220","0.005","0.005","0.004","0.005","2230000"
"RRT","20040220","1.01","1.02","1.01","1.02","19540"
"RSG","20040220","1.50","1.51","1.50","1.50","146701"
"RSGO","20040220","0.69","0.69","0.68","0.68","30336"
"RSN","20040220","0.072","0.072","0.07","0.07","1356471"
"RTL","20040220","0.405","0.405","0.39","0.39","199800"
"RTM","20040220","0.044","0.046","0.044","0.046","3330000"
"RUP","20040220","7.25","7.28","7.18","7.18","10162"
"RUPDP","20040220","7.10","7.14","7.04","7.04","46501"
"SAI","20040220","1.90","1.93","1.90","1.90","53800"
"SAQ","20040220","5.10","5.10","5.10","5.10","1900"
"SBC","20040220","11.27","11.28","11.16","11.17","16588"
"SBL","20040220","0.49","0.49","0.49","0.49","10000"
"SBM","20040220","0.06","0.06","0.059","0.06","290000"
"SBP","20040220","0.16","0.16","0.15","0.15","365951"
"SBPOA","20040220","0.06","0.06","0.057","0.058","148923"
"SBR","20040220","0.10","0.10","0.10","0.10","25000"
"SBS","20040220","0.10","0.105","0.10","0.105","635900"
"SCD","20040220","0.023","0.023","0.023","0.023","15000"
"SCE","20040220","0.024","0.029","0.024","0.029","663698"
"SCF","20040220","111.50","112.00","111.50","111.50","12879"
"SCX","20040220","0.035","0.035","0.035","0.035","200000"
"SDG","20040220","1.23","1.24","1.21","1.24","165200"
"SDI","20040220","10.71","10.71","10.60","10.66","6887"
"SDL","20040220","0.022","0.022","0.021","0.021","3883469"
"SDR","20040220","0.15","0.15","0.15","0.15","50000"
"SDS","20040220","0.85","0.85","0.80","0.80","205912"
"SED","20040220","0.25","0.25","0.245","0.25","51000"
"SEL","20040220","1.02","1.04","1.02","1.04","1087000"
"SEN","20040220","0.08","0.087","0.08","0.081","4778843"
"SENO","20040220","0.002","0.002","0.002","0.002","200000"
"SENOA","20040220","0.033","0.036","0.033","0.036","1077431"
"SES","20040220","0.16","0.16","0.15","0.16","18500"
"SEV","20040220","5.74","5.75","5.71","5.75","195602"
"SEVPA","20040220","105.95","106.00","105.95","106.00","2583"
"SEVPB","20040220","104.36","104.36","104.36","104.36","200"
"SFC","20040220","15.20","15.20","15.10","15.12","36945"
"SFE","20040220","5.58","5.67","5.58","5.61","173294"
"SGB","20040220","20.48","20.48","20.38","20.42","2308175"
"SGBIGL","20040220","2.99","3.00","2.99","3.00","4000"
"SGBPB","20040220","105.25","105.25","105.19","105.23","1238"
"SGL","20040220","0.93","0.93","0.92","0.92","746272"
"SGLG","20040220","0.95","0.95","0.95","0.95","15000"
"SGLGA","20040220","0.96","0.96","0.94","0.94","3544"
"SGN","20040220","3.20","3.20","3.13","3.13","78502"
"SGP","20040220","5.38","5.38","5.29","5.30","2687380"
"SGS","20040220","1.12","1.12","1.11","1.11","11600"
"SGT","20040220","1.73","1.75","1.73","1.73","843550"
"SGW","20040220","3.16","3.16","3.07","3.11","1907267"
"SGX","20040220","2.45","2.45","2.45","2.45","76489"
"SHG","20040220","0.35","0.36","0.35","0.36","15000"
"SHGO","20040220","0.15","0.15","0.15","0.15","40000"
"SHL","20040220","7.82","7.90","7.81","7.87","522780"
"SHLIZO","20040220","4.68","4.68","4.68","4.68","2000"
"SHN","20040220","0.105","0.105","0.10","0.105","780000"
"SHV","20040220","6.58","6.60","6.45","6.57","12683"
"SIB","20040220","0.49","0.495","0.48","0.48","218225"
"SIE","20040220","0.082","0.082","0.081","0.081","306536"
"SIG","20040220","7.37","7.46","7.37","7.44","95705"
"SKC","20040220","4.03","4.03","3.97","3.97","79530"
"SKE","20040220","3.01","3.02","2.89","3.02","375172"
"SKG","20040220","0.076","0.079","0.075","0.079","469500"
"SKR","20040220","0.05","0.052","0.048","0.052","3021613"
"SKROA","20040220","0.017","0.017","0.015","0.015","1004716"
"SLM","20040220","3.85","3.89","3.85","3.85","19872"
"SLT","20040220","0.50","0.50","0.49","0.49","19000"
"SLTOA","20040220","0.26","0.28","0.26","0.28","30000"
"SLV","20040220","0.45","0.45","0.445","0.45","48201"
"SLVO","20040220","0.25","0.26","0.25","0.26","350866"
"SLX","20040220","0.78","0.79","0.78","0.79","70962"
"SMA","20040220","0.018","0.018","0.017","0.017","932928"
"SMC","20040220","0.265","0.265","0.265","0.265","12000"
"SML","20040220","0.15","0.155","0.145","0.155","3325590"
"SMLOB","20040220","0.078","0.085","0.076","0.085","655000"
"SMM","20040220","0.06","0.06","0.06","0.06","200000"
"SMO","20040220","0.075","0.081","0.072","0.081","1212936"
"SMS","20040220","11.70","11.71","11.60","11.60","100445"
"SMX","20040220","0.275","0.275","0.27","0.27","687540"
"SMY","20040220","0.82","0.84","0.82","0.83","1195401"
"SNF","20040220","0.74","0.75","0.74","0.75","90508"
"SNL","20040220","0.56","0.59","0.56","0.59","27250"
"SNN","20040220","0.20","0.215","0.20","0.215","501047"
"SOH","20040220","0.67","0.69","0.65","0.69","599822"
"SOL","20040220","6.43","6.49","6.43","6.49","25642"
"SOT","20040220","1.35","1.35","1.34","1.35","28770"
"SOU","20040220","0.034","0.034","0.034","0.034","30000"
"SPC","20040220","1.37","1.37","1.36","1.37","106625"
"SPD","20040220","0.21","0.21","0.21","0.21","22000"
"SPH","20040220","0.24","0.24","0.24","0.24","113681"
"SPHO","20040220","0.04","0.04","0.04","0.04","100000"
"SPL","20040220","0.93","0.94","0.91","0.93","230800"
"SPT","20040220","4.37","4.48","4.37","4.40","297442"
"SRA","20040220","0.19","0.195","0.175","0.175","7020883"
"SRAG","20040220","0.50","0.50","0.50","0.50","7999"
"SRI","20040220","0.155","0.155","0.145","0.155","1103288"
"SRL","20040220","1.08","1.08","1.00","1.05","107287"
"SRP","20040220","2.84","2.84","2.77","2.78","2753048"
"SRPIMC","20040220","0.91","0.91","0.86","0.86","40000"
"SRPIMU","20040220","0.087","0.087","0.087","0.087","51000"
"SRPIWC","20040220","0.23","0.23","0.23","0.23","2500"
"SRPIWG","20040220","1.10","1.10","1.10","1.10","2100"
"SRV","20040220","2.00","2.05","2.00","2.05","7500"
"SRX","20040220","3.72","3.72","3.69","3.69","29980"
"SSL","20040220","1.30","1.30","1.30","1.30","1000"
"SSN","20040220","0.185","0.20","0.185","0.20","155000"
"SSR","20040220","0.84","0.85","0.84","0.85","18212"
"SSS","20040220","2.80","2.80","2.70","2.70","9816"
"SST","20040220","2.26","2.26","2.26","2.26","4543"
"SSX","20040220","0.99","0.99","0.98","0.98","1108441"
"SSXPB","20040220","2.22","2.24","2.22","2.24","53641"
"STN","20040220","0.14","0.14","0.135","0.135","61987"
"STO","20040220","6.34","6.34","6.26","6.26","1081142"
"STOIMD","20040220","1.46","1.46","1.46","1.46","15500"
"STOIMG","20040220","1.76","1.76","1.73","1.73","13000"
"STOIOC","20040220","3.23","3.23","3.23","3.23","2140"
"STOIPA","20040220","1.61","1.61","1.60","1.60","2000"
"STOIWD","20040220","1.49","1.49","1.42","1.42","60000"
"STOPA","20040220","109.45","109.50","108.85","108.85","950"
"STP","20040220","0.105","0.105","0.105","0.105","146937"
"STR","20040220","0.025","0.035","0.025","0.03","553200"
"STS","20040220","0.43","0.43","0.42","0.42","17472"
"STT","20040220","0.018","0.018","0.018","0.018","308225"
"STU","20040220","0.76","0.76","0.75","0.76","95072"
"STW","20040220","33.80","33.88","33.80","33.81","2790"
"SUN","20040220","12.75","12.79","12.73","12.74","1119530"
"SUNHB","20040220","93.75","93.80","93.00","93.00","326"
"SUNIMD","20040220","3.00","3.00","3.00","3.00","10000"
"SUNIMG","20040220","3.21","3.21","3.21","3.21","500"
"SUNIOC","20040220","6.57","6.57","6.57","6.57","2000"
"SUNIWG","20040220","4.44","4.44","4.44","4.44","2000"
"SUNIZO","20040220","6.55","6.55","6.55","6.55","2000"
"SUNPA","20040220","108.85","108.85","108.55","108.55","15813"
"SUR","20040220","0.12","0.13","0.12","0.125","317246"
"SUROB","20040220","0.05","0.05","0.05","0.05","6530"
"SVP","20040220","0.079","0.085","0.079","0.085","65972"
"SVS","20040220","0.95","0.95","0.95","0.95","5000"
"SWG","20040220","0.05","0.05","0.05","0.05","12500"
"SWT","20040220","0.125","0.13","0.125","0.125","256500"
"SWTOA","20040220","0.058","0.058","0.058","0.058","10000"
"SYG","20040220","0.009","0.01","0.009","0.01","2466035"
"SYM","20040220","1.33","1.35","1.31","1.35","128500"
"SYN","20040220","0.40","0.40","0.39","0.39","20000"
"TAA","20040220","0.076","0.088","0.076","0.078","4560600"
"TAB","20040220","4.64","4.65","4.60","4.62","1901817"
"TAH","20040220","11.95","11.95","11.82","11.85","2333215"
"TAHIDH","20040220","1.78","1.78","1.74","1.75","112000"
"TAHIMC","20040220","5.55","5.55","5.55","5.55","120"
"TAHIMG","20040220","3.24","3.24","3.20","3.20","4500"
"TAHIOC","20040220","6.62","6.62","6.59","6.59","12616"
"TAHIPA","20040220","4.24","4.24","4.24","4.24","1000"
"TAHISG","20040220","5.05","5.05","5.05","5.05","10000"
"TAHISO","20040220","2.16","2.16","2.14","2.14","10000"
"TAHIWD","20040220","4.12","4.12","4.12","4.12","1210"
"TAHIWG","20040220","5.01","5.01","5.01","5.01","2000"
"TAHIWH","20040220","2.82","2.82","2.82","2.82","2000"
"TAHIYE","20040220","5.59","5.59","5.59","5.59","21500"
"TAI","20040220","0.048","0.048","0.048","0.048","700000"
"TAM","20040220","0.21","0.23","0.21","0.225","1154773"
"TAMCA","20040220","0.065","0.065","0.065","0.065","122137"
"TAP","20040220","1.59","1.59","1.57","1.59","193422"
"TAS","20040220","0.099","0.10","0.096","0.10","168300"
"TASO","20040220","0.043","0.043","0.043","0.043","50000"
"TAT","20040220","0.485","0.49","0.485","0.49","60000"
"TAW","20040220","1.52","1.53","1.50","1.50","66810"
"TAWOA","20040220","0.96","0.96","0.96","0.96","7500"
"TBC","20040220","0.21","0.21","0.20","0.21","884900"
"TBR","20040220","0.90","0.90","0.89","0.89","14500"
"TCL","20040220","4.47","4.48","4.43","4.43","994489"
"TCP","20040220","1.00","1.00","1.00","1.00","15500"
"TCSPA","20040220","105.95","106.00","105.80","105.90","11712"
"TEE","20040220","0.05","0.053","0.047","0.047","286000"
"TEL","20040220","4.98","5.03","4.95","4.97","2791873"
"TELIMC","20040220","2.54","2.54","2.54","2.54","14000"
"TEM","20040220","1.25","1.29","1.24","1.25","134746"
"TEN","20040220","2.71","2.76","2.70","2.70","646350"
"TENIDH","20040220","0.59","0.59","0.59","0.59","10000"
"TER","20040220","0.225","0.23","0.225","0.23","331900"
"TGD","20040220","0.17","0.185","0.17","0.18","215117"
"TGF","20040220","0.26","0.27","0.26","0.27","205300"
"TGG","20040220","1.18","1.18","1.17","1.17","166557"
"TGR","20040220","0.93","0.95","0.92","0.95","91235"
"TGS","20040220","0.105","0.105","0.10","0.10","596050"
"TGSOA","20040220","0.045","0.045","0.044","0.045","770000"
"THG","20040220","0.66","0.68","0.66","0.68","695669"
"THX","20040220","0.56","0.57","0.53","0.53","184900"
"TIF","20040220","0.41","0.415","0.405","0.41","107939"
"TIFO","20040220","0.015","0.016","0.015","0.016","140000"
"TIL","20040220","0.16","0.17","0.16","0.16","599104"
"TIM","20040220","1.35","1.35","1.31","1.32","548010"
"TIMHA","20040220","103.00","103.00","103.00","103.00","50"
"TIMPA","20040220","1.69","1.69","1.69","1.69","3500"
"TIR","20040220","0.455","0.46","0.45","0.455","287168"
"TKG","20040220","0.009","0.009","0.008","0.008","3786000"
"TKR","20040220","1.85","1.85","1.85","1.85","7600"
"TLS","20040220","4.69","4.73","4.68","4.72","25495533"
"TLSIGF","20040220","1.88","1.89","1.88","1.89","12000"
"TLSIGL","20040220","1.07","1.07","1.07","1.07","10000"
"TLSIMC","20040220","1.79","1.79","1.79","1.79","5000"
"TLSIMD","20040220","1.05","1.05","1.05","1.05","5000"
"TLSIMF","20040220","1.72","1.72","1.71","1.71","135000"
"TLSIMG","20040220","0.80","0.81","0.80","0.80","33000"
"TLSIMT","20040220","0.46","0.46","0.46","0.46","10000"
"TLSIOC","20040220","1.69","1.70","1.69","1.70","59411"
"TLSIOI","20040220","1.27","1.27","1.27","1.27","20000"
"TLSISO","20040220","0.82","0.82","0.81","0.81","35000"
"TLSIWX","20040220","0.275","0.275","0.275","0.275","12000"
"TLSIYE","20040220","2.31","2.31","2.31","2.31","40000"
"TLSIZG","20040220","1.29","1.30","1.29","1.30","20000"
"TLSIZL","20040220","0.83","0.83","0.83","0.83","10000"
"TLSWGG","20040220","0.027","0.027","0.027","0.027","18000"
"TLSWMC","20040220","0.029","0.029","0.029","0.029","17000"
"TLSWMQ","20040220","0.14","0.14","0.14","0.14","100000"
"TLSWON","20040220","0.016","0.016","0.016","0.016","60000"
"TLSWSD","20040220","0.12","0.12","0.12","0.12","200000"
"TLSXDA","20040220","0.27","0.29","0.27","0.29","518200"
"TLSXDB","20040220","0.53","0.53","0.53","0.53","50000"
"TLSXDQ","20040220","0.62","0.62","0.62","0.62","15000"
"TLT","20040220","0.69","0.69","0.69","0.69","14500"
"TMO","20040220","0.52","0.53","0.50","0.53","80600"
"TMS","20040220","0.045","0.046","0.044","0.044","380500"
"TNC","20040220","0.395","0.40","0.385","0.395","72300"
"TNCOA","20040220","0.255","0.255","0.255","0.255","5000"
"TNE","20040220","0.56","0.56","0.55","0.55","237882"
"TODHA","20040220","104.00","104.00","104.00","104.00","38"
"TOL","20040220","9.30","9.33","9.20","9.22","1026242"
"TOLIMD","20040220","3.47","3.47","3.47","3.47","10000"
"TOLIMF","20040220","5.10","5.10","5.10","5.10","2650"
"TOLPA","20040220","112.00","112.60","112.00","112.25","22137"
"TOR","20040220","1.42","1.42","1.38","1.40","9486"
"TRG","20040220","7.43","7.44","7.20","7.20","9400"
"TRO","20040220","0.245","0.245","0.24","0.24","300000"
"TRU","20040220","8.18","8.18","8.08","8.08","2500"
"TRY","20040220","1.65","1.65","1.65","1.65","149080"
"TSE","20040220","4.70","4.75","4.70","4.75","69867"
"TTR","20040220","0.335","0.335","0.325","0.335","701297"
"TTT","20040220","0.88","0.90","0.87","0.90","140350"
"TVL","20040220","0.145","0.175","0.145","0.175","394256"
"TVN","20040220","0.39","0.44","0.39","0.44","12600"
"TWD","20040220","2.02","2.02","2.00","2.00","21725"
"TWR","20040220","1.24","1.24","1.22","1.22","1787375"
"TYC","20040220","0.74","0.75","0.73","0.73","170347"
"TZN","20040220","0.32","0.325","0.295","0.30","1191337"
"UCL","20040220","0.043","0.043","0.041","0.041","557206"
"UCM","20040220","2.40","2.40","2.40","2.40","9000"
"UEC","20040220","0.395","0.395","0.385","0.395","412270"
"UGL","20040220","4.38","4.42","4.38","4.40","829418"
"UNI","20040220","1.51","1.51","1.42","1.47","155238"
"UNW","20040220","0.81","0.81","0.80","0.80","164548"
"URL","20040220","0.175","0.20","0.175","0.19","2143747"
"URLO","20040220","0.06","0.074","0.06","0.074","448398"
"UTB","20040220","6.81","6.84","6.81","6.81","251722"
"UXC","20040220","0.87","0.87","0.85","0.87","82300"
"VBA","20040220","2.53","2.54","2.52","2.53","769275"
"VCM","20040220","1.20","1.20","1.20","1.20","6000"
"VCN","20040220","0.145","0.145","0.145","0.145","970"
"VCR","20040220","1.87","1.88","1.85","1.85","530506"
"VCRWMB","20040220","0.056","0.056","0.056","0.056","400000"
"VGL","20040220","1.45","1.46","1.43","1.43","135106"
"VHL","20040220","0.64","0.64","0.62","0.63","466327"
"VLL","20040220","1.89","1.90","1.88","1.88","162959"
"VOY","20040220","0.26","0.265","0.26","0.265","123550"
"VPE","20040220","0.026","0.028","0.026","0.028","20651038"
"VPG","20040220","0.94","0.95","0.94","0.94","1935169"
"VRE","20040220","0.099","0.10","0.097","0.097","524044"
"VRI","20040220","0.18","0.185","0.18","0.185","447977"
"VRL","20040220","1.75","1.77","1.75","1.76","45392"
"VRLPA","20040220","1.06","1.08","1.06","1.06","1056345"
"VSG","20040220","0.074","0.079","0.072","0.072","2103168"
"VSGOA","20040220","0.012","0.012","0.012","0.012","743000"
"VSL","20040220","1.01","1.01","0.92","0.93","1681726"
"VTI","20040220","0.66","0.66","0.61","0.61","804786"
"VWD","20040220","1.30","1.30","1.29","1.30","81918"
"VXS","20040220","0.062","0.062","0.062","0.062","14000"
"WAB","20040220","0.99","0.99","0.99","0.99","5000"
"WAG","20040220","0.23","0.24","0.23","0.235","340164"
"WAL","20040220","0.23","0.23","0.23","0.23","20000"
"WAM","20040220","1.58","1.60","1.57","1.60","39552"
"WAMO","20040220","0.12","0.12","0.115","0.12","40068"
"WAN","20040220","6.63","6.65","6.60","6.62","134443"
"WBA","20040220","0.54","0.54","0.52","0.54","60000"
"WBB","20040220","6.98","7.00","6.98","7.00","3335"
"WBBPB","20040220","111.00","111.00","111.00","111.00","176"
"WBC","20040220","16.68","16.77","16.59","16.59","3728077"
"WBCIMC","20040220","6.39","6.39","6.39","6.39","3000"
"WBCIMG","20040220","3.98","3.98","3.98","3.98","4000"
"WBCIMU","20040220","2.33","2.33","2.33","2.33","4000"
"WBCIZO","20040220","8.50","8.50","8.50","8.50","1484"
"WBCWMS","20040220","0.10","0.105","0.096","0.105","82000"
"WBCWOD","20040220","0.125","0.125","0.12","0.12","140000"
"WBCXDD","20040220","1.56","1.56","1.52","1.52","43000"
"WBCXDQ","20040220","0.56","0.57","0.52","0.57","75000"
"WBCXDR","20040220","1.61","1.61","1.60","1.60","3450"
"WBKPA","20040220","100.50","100.69","100.50","100.69","3642"
"WEB","20040220","0.054","0.054","0.049","0.05","1820400"
"WES","20040220","27.95","28.00","27.71","27.85","447904"
"WEZ","20040220","0.335","0.35","0.335","0.35","64000"
"WFA","20040220","1.84","1.84","1.83","1.83","3600163"
"WFAISB","20040220","0.83","0.83","0.83","0.83","1000"
"WFL","20040220","2.29","2.31","2.22","2.29","36690"
"WFT","20040220","3.56","3.56","3.55","3.55","5436666"
"WGR","20040220","0.105","0.105","0.105","0.105","2000"
"WHS","20040220","4.00","4.00","3.91","4.00","3302"
"WIL","20040220","0.99","0.99","0.98","0.98","165325"
"WILO","20040220","0.056","0.056","0.05","0.051","399250"
"WLS","20040220","0.93","0.94","0.93","0.93","412300"
"WLSO","20040220","0.057","0.057","0.051","0.051","384500"
"WME","20040220","0.04","0.04","0.04","0.04","20000"
"WMG","20040220","0.25","0.265","0.25","0.265","65000"
"WMR","20040220","5.58","5.58","5.39","5.50","2921350"
"WMRIDH","20040220","1.68","1.68","1.53","1.53","5000"
"WMRIMD","20040220","2.10","2.10","2.10","2.10","15000"
"WMRXDB","20040220","0.40","0.40","0.40","0.40","2000"
"WMRXDQ","20040220","0.155","0.155","0.15","0.15","26000"
"WNZ","20040220","3.72","3.72","3.70","3.70","10490"
"WOR","20040220","3.15","3.25","3.13","3.25","80091"
"WOTCA","20040220","0.55","0.55","0.55","0.55","25000"
"WOW","20040220","11.51","11.54","11.43","11.45","3133047"
"WOWHA","20040220","102.90","103.10","102.80","102.90","8184"
"WOWIMD","20040220","0.98","0.98","0.98","0.98","2500"
"WOWIMG","20040220","2.45","2.45","2.41","2.41","5500"
"WOWIOC","20040220","4.62","4.62","4.62","4.62","1500"
"WOWIWD","20040220","1.89","1.89","1.89","1.89","1000"
"WOWIZG","20040220","5.11","5.11","5.11","5.11","1500"
"WOWWMY","20040220","0.068","0.068","0.068","0.068","15000"
"WOWXDE","20040220","0.17","0.17","0.17","0.17","100000"
"WPL","20040220","15.03","15.17","15.00","15.15","2975565"
"WPLIGL","20040220","4.38","4.38","4.38","4.38","3200"
"WPLIMD","20040220","5.56","5.56","5.56","5.56","650"
"WPLISG","20040220","7.87","7.87","7.87","7.87","500"
"WPLISO","20040220","1.79","1.79","1.79","1.79","10000"
"WPLISS","20040220","3.25","3.25","3.24","3.24","57559"
"WPLWMA","20040220","0.29","0.29","0.29","0.29","30000"
"WPO","20040220","0.31","0.31","0.30","0.30","12500"
"WRF","20040220","0.27","0.28","0.27","0.28","50000"
"WSA","20040220","1.50","1.50","1.47","1.48","158154"
"WSF","20040220","13.26","13.29","13.15","13.15","548210"
"WSFIMD","20040220","1.71","1.71","1.71","1.71","3000"
"WTE","20040220","0.027","0.028","0.026","0.026","581000"
"WTEO","20040220","0.008","0.008","0.008","0.008","1460886"
"WTP","20040220","0.72","0.72","0.70","0.71","75923"
"WWA","20040220","0.84","0.84","0.84","0.84","9001"
"WWM","20040220","0.027","0.028","0.027","0.028","386142"
"WYL","20040220","4.22","4.22","4.10","4.10","27268"
"XAN","20040220","0.115","0.115","0.115","0.115","53600"
"XAO","20040220","3366.90","3372.20","3359.30","3359.50","0"
"XDJ","20040220","2006.40","2006.40","1974.00","1983.50","0"
"XEJ","20040220","5212.60","5220.60","5185.40","5185.40","0"
"XFJ","20040220","4129.50","4136.70","4120.00","4120.00","0"
"XFL","20040220","3340.50","3348.10","3332.40","3334.00","0"
"XHJ","20040220","3492.40","3492.80","3472.00","3486.50","0"
"XIJ","20040220","287.30","294.00","286.80","292.70","0"
"XJO","20040220","3351.10","3357.30","3343.90","3344.10","0"
"XJOWMV","20040220","0.099","0.11","0.099","0.11","328000"
"XJOWOL","20040220","0.21","0.23","0.20","0.205","755000"
"XJOWOM","20040220","0.10","0.10","0.085","0.09","84200"
"XJOWOQ","20040220","0.089","0.094","0.081","0.092","735300"
"XJOXDA","20040220","1.12","1.13","1.11","1.11","42000"
"XJOXDQ","20040220","0.67","0.69","0.64","0.69","70500"
"XJOXDR","20040220","1.18","1.18","1.18","1.18","10000"
"XKO","20040220","3358.80","3365.00","3351.70","3351.90","0"
"XMD","20040220","3024.70","3024.90","3015.60","3015.70","0"
"XMJ","20040220","5434.90","5492.50","5434.90","5445.10","0"
"XNDWOB","20040220","0.255","0.255","0.255","0.255","7000"
"XNJ","20040220","3744.30","3751.20","3720.40","3729.20","0"
"XNKWME","20040220","0.088","0.09","0.088","0.09","460000"
"XPJ","20040220","1518.30","1518.30","1505.80","1505.80","0"
"XSJ","20040220","4314.20","4322.80","4297.20","4313.10","0"
"XSO","20040220","1944.50","1946.90","1940.80","1940.80","0"
"XSPWOQ","20040220","0.066","0.066","0.066","0.066","20000"
"XSPWOY","20040220","0.026","0.026","0.026","0.026","200000"
"XTJ","20040220","1656.20","1669.70","1653.20","1664.80","0"
"XTL","20040220","1889.70","1895.40","1887.80","1889.00","0"
"XTO","20040220","2724.70","2730.00","2718.50","2719.10","0"
"XUJ","20040220","3695.00","3704.70","3682.00","3682.00","0"
"XXJ","20040220","4166.50","4177.80","4159.50","4162.50","0"
"YAM","20040220","0.014","0.014","0.014","0.014","2280000"
"YAMO","20040220","0.002","0.002","0.001","0.001","785000"
"YGL","20040220","0.079","0.079","0.076","0.076","120000"
"ZEL","20040220","0.18","0.18","0.18","0.18","5110"
"ZIM","20040220","4.00","4.07","4.00","4.07","22954"
"ZYL","20040220","0.011","0.011","0.011","0.011","1080000"
