"1PG","20150821","3.52","3.52","3.37","3.52","329332"
"1ST","20150821","0.115","0.115","0.11","0.11","238270"
"3DM","20150821","0.063","0.063","0.057","0.06","2008418"
"3PL","20150821","1.95","2.00","1.92","2.00","42462"
"88E","20150821","0.01","0.01","0.01","0.01","7088107"
"8IH","20150821","0.80","0.815","0.79","0.80","166723"
"A2M","20150821","0.64","0.69","0.62","0.68","965230"
"AAA","20150821","50.15","50.17","50.14","50.15","76339"
"AAC","20150821","1.295","1.315","1.285","1.30","1307641"
"AAD","20150821","2.45","2.65","2.45","2.61","4976089"
"AAK","20150821","0.001","0.001","0.001","0.001","550000"
"AAR","20150821","0.006","0.006","0.006","0.006","2700"
"AAX","20150821","0.365","0.37","0.33","0.33","165132"
"AB1","20150821","0.18","0.18","0.175","0.175","71184"
"ABA","20150821","5.45","5.45","5.45","5.45","1865"
"ABC","20150821","4.60","4.62","4.46","4.56","2558953"
"ABL","20150821","0.024","0.024","0.023","0.024","252500"
"ABP","20150821","2.97","2.97","2.86","2.89","713537"
"ABU","20150821","0.215","0.22","0.21","0.215","391488"
"ABV","20150821","0.011","0.012","0.01","0.011","10294986"
"ABX","20150821","0.195","0.195","0.17","0.175","574257"
"ACB","20150821","0.021","0.021","0.021","0.021","17800"
"ACG","20150821","0.24","0.24","0.23","0.23","228032"
"ACO","20150821","2.51","2.60","2.51","2.60","26372"
"ACQ","20150821","0.735","0.735","0.73","0.735","110000"
"ACR","20150821","0.685","0.70","0.67","0.695","445673"
"ACS","20150821","0.14","0.14","0.14","0.14","15150"
"ACU","20150821","0.082","0.084","0.082","0.084","77460"
"ACW","20150821","0.06","0.06","0.057","0.059","265365"
"ACX","20150821","4.00","4.11","3.93","4.09","220208"
"ADA","20150821","1.02","1.02","0.98","1.00","85968"
"ADH","20150821","2.88","2.95","2.82","2.92","311587"
"ADJ","20150821","0.08","0.08","0.07","0.08","2337066"
"ADN","20150821","0.031","0.031","0.031","0.031","132500"
"ADO","20150821","0.098","0.10","0.097","0.10","1377101"
"ADV","20150821","0.006","0.006","0.005","0.005","1009327"
"ADX","20150821","0.003","0.003","0.003","0.003","3000"
"ADY","20150821","0.018","0.018","0.018","0.018","22000"
"AEE","20150821","0.019","0.019","0.019","0.019","100000"
"AEF","20150821","58.00","58.00","58.00","58.00","9"
"AEI","20150821","0.43","0.43","0.43","0.43","10000"
"AER","20150821","0.14","0.155","0.14","0.155","175500"
"AFG","20150821","1.11","1.125","1.105","1.105","35429"
"AFI","20150821","6.08","6.11","6.01","6.06","406826"
"AFJ","20150821","0.815","0.815","0.81","0.81","2841641"
"AGE","20150821","0.04","0.04","0.04","0.04","135000"
"AGF","20150821","1.31","1.315","1.27","1.28","1409343"
"AGG","20150821","2.10","2.20","2.10","2.20","7357"
"AGI","20150821","3.19","3.24","3.11","3.18","812496"
"AGJ","20150821","0.085","0.085","0.085","0.085","22"
"AGL","20150821","16.76","16.90","16.61","16.72","1958237"
"AGO","20150821","0.026","0.026","0.024","0.024","13535525"
"AGR","20150821","0.165","0.17","0.15","0.17","548900"
"AGS","20150821","0.135","0.135","0.135","0.135","871963"
"AGY","20150821","0.003","0.003","0.003","0.003","3650000"
"AHD","20150821","13.15","13.20","13.09","13.15","68467"
"AHG","20150821","4.29","4.34","4.23","4.29","978413"
"AHK","20150821","0.085","0.085","0.085","0.085","91341"
"AHY","20150821","1.585","1.59","1.545","1.555","1225165"
"AHZ","20150821","0.075","0.075","0.073","0.074","1393480"
"AIA","20150821","4.73","4.76","4.68","4.74","105333"
"AIB","20150821","0.83","0.83","0.81","0.81","22000"
"AIK","20150821","0.11","0.11","0.11","0.11","14813"
"AIO","20150821","8.65","8.69","8.65","8.66","10820339"
"AIR","20150821","0.135","0.135","0.135","0.135","10291"
"AIV","20150821","0.028","0.028","0.028","0.028","70000"
"AIZ","20150821","2.41","2.45","2.41","2.43","8079"
"AJA","20150821","5.06","5.12","4.87","5.00","72165"
"AJD","20150821","1.27","1.27","1.26","1.27","140456"
"AJL","20150821","0.30","0.31","0.30","0.30","68335"
"AJM","20150821","0.015","0.015","0.013","0.013","1139036"
"AJQ","20150821","0.071","0.071","0.065","0.07","835000"
"AJR","20150821","0.002","0.002","0.002","0.002","1000000"
"AJX","20150821","0.98","0.99","0.95","0.99","1245186"
"AKG","20150821","0.49","0.49","0.475","0.475","3300"
"AKK","20150821","0.02","0.02","0.02","0.02","947725"
"AKP","20150821","8.00","8.05","7.81","7.81","821"
"ALF","20150821","1.33","1.36","1.325","1.36","359722"
"ALI","20150821","1.96","1.96","1.91","1.91","180914"
"ALK","20150821","0.235","0.245","0.225","0.232","368359"
"ALL","20150821","8.45","8.57","8.12","8.34","2950182"
"ALQ","20150821","4.71","4.77","4.63","4.77","3528826"
"ALR","20150821","1.105","1.105","1.10","1.10","25291"
"ALT","20150821","0.006","0.006","0.006","0.006","450000"
"ALU","20150821","3.93","4.07","3.62","3.96","467711"
"ALY","20150821","0.031","0.031","0.031","0.031","54402"
"AMA","20150821","0.645","0.66","0.63","0.65","702782"
"AMC","20150821","13.00","13.14","12.76","12.83","4671668"
"AMH","20150821","0.855","0.855","0.85","0.85","40000"
"AMI","20150821","0.036","0.038","0.034","0.036","542966"
"AMP","20150821","6.09","6.17","6.03","6.13","10684665"
"ANG","20150821","0.445","0.445","0.435","0.435","5438"
"ANI","20150821","2.35","2.37","2.32","2.32","31600"
"ANN","20150821","22.07","22.10","21.60","22.04","1323810"
"ANP","20150821","0.086","0.086","0.086","0.086","56049"
"ANQ","20150821","0.002","0.002","0.002","0.002","750024"
"ANR","20150821","0.85","0.85","0.80","0.82","147616"
"ANZ","20150821","28.72","28.72","28.00","28.34","15690622"
"AOC","20150821","0.035","0.035","0.035","0.035","5000"
"AOD","20150821","0.82","0.82","0.81","0.815","1007438"
"AOG","20150821","2.93","2.95","2.80","2.85","1379027"
"AOH","20150821","0.098","0.099","0.095","0.098","1156186"
"AOK","20150821","0.072","0.072","0.07","0.072","357739"
"APA","20150821","8.70","8.70","8.46","8.53","3354323"
"APE","20150821","10.00","10.20","9.83","10.05","139881"
"APG","20150821","0.007","0.008","0.007","0.007","1453036"
"API","20150821","1.60","1.61","1.535","1.60","629297"
"APN","20150821","0.57","0.605","0.54","0.55","4212114"
"APO","20150821","3.00","3.05","2.91","3.00","250444"
"APW","20150821","0.125","0.125","0.125","0.125","149025"
"APX","20150821","0.795","0.795","0.75","0.775","267060"
"APY","20150821","0.004","0.004","0.004","0.004","60000"
"APZ","20150821","1.35","1.35","1.34","1.34","102306"
"AQC","20150821","0.007","0.007","0.007","0.007","1839302"
"AQG","20150821","3.20","3.26","3.17","3.18","1171488"
"AQP","20150821","0.18","0.18","0.17","0.18","492025"
"AQZ","20150821","0.55","0.59","0.55","0.59","164829"
"ARA","20150821","0.375","0.375","0.37","0.37","76960"
"ARB","20150821","13.38","13.76","13.29","13.67","256517"
"ARD","20150821","0.025","0.025","0.025","0.025","6000"
"ARE","20150821","0.007","0.007","0.007","0.007","26667"
"ARF","20150821","1.55","1.57","1.50","1.565","113744"
"ARG","20150821","7.88","7.99","7.80","7.99","229437"
"ARI","20150821","0.115","0.115","0.096","0.105","19690874"
"ARU","20150821","0.047","0.051","0.047","0.051","811316"
"ASB","20150821","2.01","2.02","1.92","1.925","348320"
"ASH","20150821","0.55","0.55","0.51","0.545","44055"
"ASL","20150821","0.235","0.24","0.22","0.24","801815"
"AST","20150821","1.32","1.32","1.277","1.29","7408790"
"ASX","20150821","41.81","41.84","40.56","40.87","1322638"
"ASZ","20150821","0.955","0.955","0.925","0.94","868535"
"ATC","20150821","0.105","0.105","0.105","0.105","316500"
"ATE","20150821","0.18","0.18","0.17","0.17","8000"
"ATR","20150821","0.15","0.19","0.15","0.19","12500"
"ATU","20150821","0.62","0.62","0.58","0.62","136970"
"AUB","20150821","8.15","8.17","7.65","7.80","15207"
"AUC","20150821","0.043","0.043","0.043","0.043","68500"
"AUF","20150821","1.34","1.34","1.29","1.29","18391"
"AUI","20150821","8.32","8.32","8.12","8.15","18361"
"AUP","20150821","5.46","5.46","5.46","5.46","923"
"AUQ","20150821","0.025","0.035","0.025","0.027","17644270"
"AVB","20150821","0.06","0.06","0.059","0.06","536173"
"AVG","20150821","0.385","0.385","0.385","0.385","2040"
"AVH","20150821","0.073","0.073","0.069","0.069","46474"
"AVI","20150821","0.026","0.026","0.026","0.026","13395"
"AVJ","20150821","0.67","0.68","0.66","0.67","141892"
"AVQ","20150821","0.365","0.365","0.345","0.36","797297"
"AWC","20150821","1.29","1.325","1.285","1.295","15543426"
"AWD","20150821","0.029","0.029","0.026","0.027","14843193"
"AWE","20150821","0.90","0.955","0.875","0.94","3204369"
"AWI","20150821","0.25","0.265","0.25","0.265","206079"
"AWN","20150821","0.62","0.62","0.62","0.62","5000"
"AWO","20150821","0.01","0.01","0.01","0.01","15000"
"AWQ","20150821","0.99","0.99","0.99","0.99","20000"
"AWV","20150821","0.038","0.038","0.038","0.038","57212"
"AXE","20150821","0.10","0.10","0.10","0.10","36000"
"AXI","20150821","0.058","0.058","0.058","0.058","50000"
"AXP","20150821","0.81","0.81","0.70","0.735","136633"
"AXT","20150821","0.016","0.016","0.016","0.016","126000"
"AYF","20150821","6.20","6.20","6.15","6.15","7453"
"AYR","20150821","0.006","0.006","0.006","0.006","108142"
"AYS","20150821","2.14","2.24","2.14","2.24","2748143"
"AZJ","20150821","5.09","5.15","5.04","5.10","9607696"
"AZM","20150821","0.025","0.025","0.025","0.025","286503"
"AZS","20150821","0.01","0.01","0.01","0.01","1098749"
"AZV","20150821","0.15","0.15","0.145","0.15","415032"
"AZY","20150821","0.009","0.01","0.009","0.01","815000"
"BAF","20150821","1.02","1.02","1.00","1.00","177787"
"BAL","20150821","4.65","4.96","4.65","4.92","575955"
"BAP","20150821","3.49","3.55","3.42","3.55","580606"
"BAR","20150821","0.013","0.013","0.013","0.013","50000"
"BAU","20150821","0.065","0.065","0.061","0.062","398527"
"BBG","20150821","0.595","0.597","0.585","0.59","1219171"
"BBL","20150821","0.30","0.30","0.30","0.30","15000"
"BBR","20150821","0.155","0.165","0.155","0.165","20429"
"BBX","20150821","0.012","0.012","0.011","0.011","685500"
"BCI","20150821","0.255","0.255","0.24","0.245","600010"
"BDR","20150821","0.155","0.17","0.152","0.17","18151009"
"BEAR","20150821","18.80","18.80","18.07","18.21","308109"
"BEL","20150821","0.125","0.125","0.125","0.125","25000"
"BEN","20150821","11.00","11.00","10.70","10.73","2243029"
"BGA","20150821","4.25","4.28","3.94","4.24","219921"
"BGC","20150821","0.15","0.15","0.15","0.15","24"
"BGL","20150821","0.73","0.78","0.715","0.72","592939"
"BGS","20150821","0.008","0.008","0.008","0.008","126000"
"BHP","20150821","24.36","24.69","23.925","24.10","12556266"
"BIS","20150821","0.575","0.575","0.54","0.54","47987"
"BIT","20150821","0.10","0.10","0.097","0.10","359606"
"BKI","20150821","1.675","1.70","1.655","1.69","281101"
"BKL","20150821","88.55","91.50","88.10","90.87","42261"
"BKN","20150821","1.055","1.095","1.055","1.075","1014505"
"BKP","20150821","0.001","0.001","0.001","0.001","1100000"
"BKT","20150821","0.044","0.046","0.043","0.045","44155"
"BKW","20150821","14.69","14.84","14.45","14.56","112854"
"BKY","20150821","0.365","0.365","0.365","0.365","20000"
"BLA","20150821","4.57","4.73","4.51","4.64","40345"
"BLD","20150821","6.47","6.50","6.38","6.44","2754917"
"BLG","20150821","0.071","0.072","0.065","0.071","1130000"
"BLK","20150821","0.155","0.165","0.155","0.16","447000"
"BLR","20150821","0.003","0.003","0.002","0.002","16534213"
"BLT","20150821","0.60","0.61","0.535","0.555","1344499"
"BLX","20150821","2.10","2.12","2.04","2.10","45517"
"BLY","20150821","0.09","0.093","0.088","0.09","587107"
"BLZ","20150821","0.046","0.046","0.046","0.046","12000"
"BMN","20150821","0.035","0.035","0.035","0.035","274420"
"BNO","20150821","0.415","0.42","0.415","0.42","193660"
"BNR","20150821","0.027","0.027","0.027","0.027","359000"
"BOA","20150821","0.20","0.20","0.20","0.20","1500"
"BOE","20150821","0.02","0.024","0.02","0.024","4063791"
"BOK","20150821","0.22","0.23","0.215","0.23","160834"
"BOL","20150821","0.11","0.11","0.105","0.105","511000"
"BOQ","20150821","12.96","12.97","12.54","12.57","2449831"
"BPA","20150821","5.00","5.00","5.00","5.00","5000"
"BPF","20150821","0.265","0.265","0.23","0.25","205146"
"BPH","20150821","0.005","0.005","0.005","0.005","14925"
"BPT","20150821","0.695","0.75","0.685","0.72","9158988"
"BRB","20150821","0.045","0.045","0.045","0.045","13223"
"BRC","20150821","0.205","0.205","0.18","0.18","100000"
"BRG","20150821","7.17","7.30","6.58","6.79","457884"
"BRL","20150821","0.019","0.019","0.019","0.019","684185"
"BRO","20150821","0.002","0.002","0.002","0.002","900000"
"BRU","20150821","0.34","0.34","0.31","0.31","402951"
"BSA","20150821","0.165","0.17","0.16","0.17","264300"
"BSL","20150821","3.38","3.44","3.26","3.38","5707158"
"BSM","20150821","0.011","0.012","0.011","0.012","2140333"
"BSR","20150821","0.011","0.011","0.011","0.011","3059312"
"BTC","20150821","0.079","0.079","0.075","0.075","50000"
"BTI","20150821","0.81","0.81","0.80","0.81","17769"
"BTT","20150821","9.69","9.84","9.555","9.78","2583443"
"BUL","20150821","0.021","0.022","0.021","0.022","393941"
"BUR","20150821","0.002","0.002","0.002","0.002","45000"
"BUX","20150821","0.205","0.205","0.20","0.20","1075362"
"BUY","20150821","0.01","0.012","0.01","0.012","1050000"
"BWF","20150821","0.335","0.335","0.335","0.335","2600"
"BWP","20150821","3.20","3.23","3.155","3.19","2289320"
"BXB","20150821","9.73","9.98","9.71","9.98","5337580"
"BXN","20150821","0.012","0.012","0.012","0.012","100000"
"BYE","20150821","0.175","0.175","0.155","0.155","48000"
"BYI","20150821","1.23","1.27","1.23","1.27","10200"
"BYL","20150821","0.285","0.29","0.285","0.285","171544"
"CAA","20150821","0.11","0.115","0.11","0.115","403650"
"CAB","20150821","3.04","3.25","3.02","3.04","1115968"
"CAD","20150821","0.008","0.008","0.008","0.008","9202"
"CAF","20150821","0.42","0.42","0.35","0.37","32902"
"CAJ","20150821","0.66","0.665","0.64","0.655","1493922"
"CAM","20150821","0.90","0.91","0.90","0.91","90000"
"CAR","20150821","9.69","9.91","9.60","9.91","939227"
"CAT","20150821","1.65","1.65","1.60","1.65","198888"
"CAV","20150821","0.024","0.024","0.023","0.023","61055"
"CAY","20150821","0.043","0.043","0.043","0.043","13500"
"CAZ","20150821","0.024","0.024","0.022","0.022","162030"
"CBA","20150821","75.09","75.59","74.16","75.59","6935842"
"CBC","20150821","0.92","0.92","0.92","0.92","1849"
"CCF","20150821","0.035","0.035","0.035","0.035","45000"
"CCL","20150821","8.86","9.24","8.69","8.78","5333946"
"CCP","20150821","11.88","11.88","11.50","11.81","131517"
"CCV","20150821","0.505","0.51","0.495","0.50","283675"
"CDA","20150821","1.01","1.075","0.965","1.075","60012"
"CDB","20150821","0.018","0.018","0.017","0.018","203045"
"CDD","20150821","2.52","2.58","2.49","2.56","828276"
"CDG","20150821","0.04","0.04","0.039","0.039","81800"
"CDM","20150821","1.43","1.435","1.425","1.435","644397"
"CDP","20150821","6.45","6.48","6.40","6.48","15620"
"CDV","20150821","0.095","0.10","0.095","0.10","335463"
"CDY","20150821","0.039","0.039","0.036","0.037","7473658"
"CFE","20150821","0.02","0.02","0.018","0.02","2456136"
"CGC","20150821","2.02","2.10","1.96","2.10","2966519"
"CGF","20150821","7.09","7.275","7.02","7.25","4262032"
"CGH","20150821","0.12","0.12","0.115","0.115","57421"
"CGL","20150821","3.90","3.95","3.90","3.95","13345"
"CGN","20150821","0.105","0.11","0.105","0.105","280000"
"CGR","20150821","0.14","0.14","0.135","0.135","213571"
"CGS","20150821","0.23","0.23","0.23","0.23","101553"
"CGW","20150821","0.56","0.58","0.56","0.58","10968"
"CHC","20150821","4.52","4.58","4.42","4.44","1722040"
"CHK","20150821","0.014","0.014","0.014","0.014","200000"
"CHN","20150821","0.11","0.11","0.105","0.11","363011"
"CHZ","20150821","0.034","0.034","0.033","0.033","1380232"
"CIA","20150821","0.145","0.145","0.14","0.14","112500"
"CIE","20150821","1.00","1.01","0.99","1.01","38888"
"CIM","20150821","22.52","22.74","21.91","22.16","600695"
"CIN","20150821","30.90","31.00","30.90","31.00","1853"
"CIR","20150821","0.20","0.20","0.20","0.20","29400"
"CIW","20150821","0.705","0.705","0.70","0.70","11264"
"CJC","20150821","0.004","0.004","0.004","0.004","125000"
"CKA","20150821","0.09","0.09","0.086","0.09","304000"
"CKF","20150821","3.28","3.325","3.24","3.26","242486"
"CL8","20150821","0.021","0.021","0.019","0.02","3179196"
"CLH","20150821","2.20","2.28","2.19","2.22","295134"
"CLQ","20150821","0.185","0.185","0.18","0.185","311947"
"CLV","20150821","0.17","0.17","0.17","0.17","24800"
"CLX","20150821","1.195","1.195","1.195","1.195","1800"
"CLY","20150821","0.01","0.01","0.009","0.009","200000"
"CM8","20150821","0.32","0.34","0.305","0.305","355775"
"CMA","20150821","2.02","2.02","1.99","1.99","128844"
"CMC","20150821","0.045","0.045","0.045","0.045","53060"
"CMP","20150821","0.295","0.30","0.29","0.295","310500"
"CMW","20150821","1.06","1.062","1.035","1.045","6266548"
"CMY","20150821","0.001","0.001","0.001","0.001","500000"
"CNI","20150821","0.90","0.93","0.89","0.93","95000"
"CNQ","20150821","0.082","0.082","0.08","0.08","480000"
"CNU","20150821","2.48","2.50","2.46","2.49","105751"
"CNW","20150821","0.027","0.027","0.027","0.027","585000"
"CNX","20150821","0.014","0.014","0.014","0.014","490991"
"COE","20150821","0.19","0.20","0.19","0.20","57319"
"COF","20150821","0.14","0.14","0.135","0.14","103107"
"COH","20150821","85.00","85.10","83.72","84.71","263980"
"COO","20150821","0.14","0.145","0.14","0.145","41579"
"COT","20150821","0.11","0.12","0.11","0.11","760000"
"CPD","20150821","0.02","0.02","0.02","0.02","100000"
"CPU","20150821","10.02","10.09","9.80","9.95","3007321"
"CQR","20150821","3.98","4.02","3.95","4.00","1939337"
"CRB","20150821","0.077","0.079","0.074","0.074","130000"
"CSL","20150821","91.05","91.65","89.56","90.15","1634552"
"CSR","20150821","3.27","3.32","3.225","3.27","4494771"
"CSS","20150821","0.06","0.06","0.056","0.059","2440123"
"CSV","20150821","1.72","1.74","1.69","1.69","796091"
"CTD","20150821","10.45","10.59","10.35","10.52","390415"
"CTN","20150821","1.03","1.03","1.025","1.03","192305"
"CTO","20150821","0.032","0.035","0.032","0.034","3812286"
"CTP","20150821","0.10","0.11","0.10","0.11","239999"
"CTR","20150821","0.09","0.097","0.09","0.097","101000"
"CTX","20150821","31.25","32.07","31.11","31.92","1969231"
"CUE","20150821","0.065","0.065","0.06","0.06","361670"
"CUP","20150821","1.03","1.03","1.01","1.01","79925"
"CUV","20150821","2.60","2.70","2.55","2.60","94519"
"CVG","20150821","0.011","0.011","0.011","0.011","130000"
"CVN","20150821","0.098","0.099","0.096","0.099","949082"
"CVO","20150821","2.15","2.49","2.13","2.41","2703185"
"CVS","20150821","0.006","0.006","0.006","0.006","10000"
"CVT","20150821","0.27","0.28","0.265","0.28","1090322"
"CVV","20150821","0.005","0.005","0.005","0.005","600000"
"CVW","20150821","0.955","0.97","0.95","0.95","18539"
"CWE","20150821","0.048","0.049","0.047","0.049","1249377"
"CWN","20150821","11.78","11.89","11.56","11.80","3958498"
"CWP","20150821","5.38","5.38","5.11","5.11","38055"
"CXM","20150821","0.076","0.076","0.076","0.076","5000"
"CXO","20150821","0.026","0.026","0.026","0.026","15000"
"CXU","20150821","0.19","0.20","0.19","0.20","389414"
"CXX","20150821","0.225","0.255","0.225","0.255","5000"
"CXZ","20150821","0.18","0.205","0.18","0.205","60964"
"CYA","20150821","0.845","0.845","0.84","0.84","227870"
"CYC","20150821","0.61","0.61","0.61","0.61","5000"
"CYP","20150821","0.605","0.605","0.59","0.59","17613"
"CYS","20150821","0.02","0.02","0.02","0.02","45455"
"CYY","20150821","0.073","0.075","0.072","0.072","710256"
"CZI","20150821","0.056","0.06","0.054","0.054","269805"
"CZN","20150821","0.007","0.007","0.007","0.007","100000"
"CZR","20150821","0.015","0.015","0.015","0.015","80000"
"CZZ","20150821","17.44","17.45","16.30","16.80","115032"
"DAF","20150821","0.005","0.005","0.005","0.005","10000"
"DCC","20150821","0.15","0.155","0.145","0.15","1573625"
"DCG","20150821","1.01","1.015","0.98","0.99","167843"
"DCN","20150821","0.46","0.51","0.46","0.485","40764"
"DDR","20150821","1.955","1.995","1.90","1.95","57535"
"DDT","20150821","0.018","0.019","0.018","0.019","1365740"
"DGH","20150821","0.71","0.71","0.71","0.71","60000"
"DGR","20150821","0.031","0.031","0.031","0.031","100000"
"DIV","20150821","19.22","19.23","19.07","19.07","3170"
"DJW","20150821","4.44","4.46","4.28","4.31","198899"
"DLS","20150821","0.685","0.702","0.66","0.685","1561238"
"DLX","20150821","5.62","5.64","5.56","5.63","1479961"
"DME","20150821","0.41","0.41","0.41","0.41","10000"
"DMP","20150821","40.16","40.69","39.59","40.05","300109"
"DMY","20150821","0.024","0.024","0.023","0.023","411669"
"DNA","20150821","0.71","0.725","0.685","0.69","1006555"
"DNK","20150821","0.365","0.365","0.35","0.35","58789"
"DOW","20150821","3.50","3.60","3.44","3.55","3876860"
"DRA","20150821","0.165","0.17","0.16","0.17","164855"
"DRM","20150821","0.435","0.46","0.432","0.46","902594"
"DSH","20150821","1.71","1.715","1.64","1.66","2682295"
"DSX","20150821","0.095","0.10","0.095","0.10","54000"
"DTI","20150821","0.305","0.305","0.305","0.305","10000"
"DTL","20150821","0.99","1.015","0.965","1.00","236112"
"DTM","20150821","0.015","0.016","0.015","0.016","210000"
"DUB","20150821","0.365","0.37","0.34","0.34","313064"
"DUE","20150821","2.12","2.12","2.08","2.10","9400421"
"DUI","20150821","3.56","3.56","3.49","3.49","81947"
"DUO","20150821","0.013","0.013","0.012","0.012","10482675"
"DVI","20150821","0.024","0.024","0.022","0.022","10154525"
"DVL","20150821","0.295","0.295","0.29","0.29","63000"
"DVN","20150821","0.655","0.655","0.655","0.655","6121"
"DWS","20150821","1.00","1.00","0.995","1.00","17265"
"DXS","20150821","7.47","7.57","7.41","7.56","3846535"
"DYE","20150821","0.23","0.23","0.225","0.225","14778"
"E88","20150821","0.12","0.12","0.105","0.11","198995"
"EAL","20150821","0.135","0.135","0.135","0.135","6330"
"EAS","20150821","0.615","0.615","0.615","0.615","8000"
"EAX","20150821","1.22","1.24","1.22","1.24","2283"
"EBG","20150821","0.07","0.07","0.07","0.07","48400"
"EBT","20150821","3.70","3.70","3.58","3.58","50149"
"ECG","20150821","0.20","0.20","0.20","0.20","58500"
"ECV","20150821","0.17","0.17","0.17","0.17","3000"
"ECX","20150821","3.19","3.19","3.08","3.10","190973"
"EDE","20150821","0.074","0.078","0.07","0.076","6101279"
"EEG","20150821","0.026","0.036","0.026","0.033","4527883"
"EEU","20150821","15.07","15.19","15.07","15.19","5145"
"EGG","20150821","0.72","0.72","0.71","0.71","5071"
"EGH","20150821","0.42","0.46","0.42","0.44","457599"
"EGL","20150821","0.016","0.016","0.016","0.016","66666"
"EGO","20150821","0.004","0.005","0.004","0.005","12248611"
"EGP","20150821","4.94","5.02","4.93","4.96","4577933"
"EHE","20150821","6.78","6.86","6.75","6.84","731840"
"EHL","20150821","0.066","0.069","0.065","0.067","199312"
"ELD","20150821","3.90","3.99","3.86","3.91","191150"
"ELK","20150821","0.095","0.12","0.095","0.12","885920"
"ELM","20150821","0.145","0.145","0.14","0.14","195031"
"ELT","20150821","0.009","0.01","0.009","0.01","505406"
"ELX","20150821","0.385","0.385","0.375","0.375","49273"
"EMF","20150821","1.97","1.97","1.97","1.97","36237"
"EMG","20150821","0.022","0.022","0.019","0.019","2237852"
"EMH","20150821","0.10","0.10","0.10","0.10","10000"
"EML","20150821","0.64","0.64","0.635","0.635","90289"
"EMR","20150821","0.019","0.019","0.019","0.019","193200"
"ENA","20150821","0.22","0.22","0.22","0.22","5000"
"ENE","20150821","7.90","7.90","7.88","7.89","388293"
"ENN","20150821","1.54","1.575","1.54","1.55","52341"
"ENT","20150821","0.033","0.038","0.03","0.038","2270612"
"ENZ","20150821","0.37","0.37","0.37","0.37","36000"
"EOR","20150821","0.009","0.009","0.008","0.009","4810000"
"EOS","20150821","1.325","1.325","1.105","1.14","353200"
"EPA","20150821","0.005","0.005","0.005","0.005","300000"
"EPD","20150821","0.76","0.77","0.755","0.77","115770"
"EPM","20150821","0.004","0.004","0.003","0.003","166667"
"EPW","20150821","2.16","2.20","2.09","2.09","370859"
"EPX","20150821","1.675","1.68","1.675","1.68","27574"
"EQT","20150821","23.40","23.95","23.40","23.60","4953"
"EQX","20150821","0.275","0.28","0.275","0.28","23542"
"ERA","20150821","0.355","0.36","0.35","0.36","218409"
"ERI","20150821","0.02","0.021","0.02","0.02","2207960"
"ERJ","20150821","0.026","0.03","0.025","0.025","284544"
"ERL","20150821","0.01","0.01","0.01","0.01","50000"
"ERM","20150821","0.035","0.036","0.035","0.036","377630"
"ESI","20150821","0.016","0.016","0.015","0.016","1600700"
"ESM","20150821","0.05","0.05","0.041","0.041","150000"
"ESV","20150821","0.31","0.31","0.30","0.31","30203"
"ETE","20150821","0.021","0.021","0.019","0.019","325000"
"ETF","20150821","19.62","19.62","19.62","19.62","500"
"EVM","20150821","0.07","0.07","0.07","0.07","50000"
"EVN","20150821","1.06","1.10","1.055","1.075","9971584"
"EVR","20150821","0.66","0.67","0.66","0.67","339880"
"EWC","20150821","0.265","0.292","0.255","0.26","712877"
"EXE","20150821","0.041","0.041","0.041","0.041","100000"
"EXG","20150821","0.07","0.071","0.065","0.065","340060"
"EXM","20150821","0.005","0.005","0.005","0.005","25000"
"EXR","20150821","0.002","0.002","0.002","0.002","1908067"
"EZL","20150821","0.85","0.90","0.83","0.90","61812"
"FAR","20150821","0.065","0.065","0.061","0.062","7574055"
"FBU","20150821","6.81","6.88","6.79","6.88","1286494"
"FCN","20150821","0.013","0.013","0.013","0.013","34221"
"FDC","20150821","2.77","2.815","2.76","2.79","24355856"
"FET","20150821","2.13","2.21","2.13","2.21","320908"
"FFG","20150821","0.18","0.18","0.18","0.18","19100"
"FFI","20150821","3.56","3.56","3.55","3.55","10000"
"FFT","20150821","1.14","1.14","1.09","1.14","101724"
"FGX","20150821","1.105","1.105","1.09","1.10","176224"
"FID","20150821","1.83","1.83","1.83","1.83","2402"
"FIE","20150821","0.025","0.025","0.023","0.023","125000"
"FLK","20150821","0.205","0.205","0.205","0.205","282171"
"FLN","20150821","1.45","1.47","1.43","1.43","1444040"
"FLT","20150821","32.80","32.84","31.93","31.98","440615"
"FMG","20150821","1.95","1.96","1.87","1.915","14006857"
"FML","20150821","0.315","0.33","0.31","0.325","255047"
"FMS","20150821","0.014","0.014","0.014","0.014","2083875"
"FND","20150821","0.14","0.14","0.135","0.135","150853"
"FNP","20150821","3.20","3.25","3.20","3.23","41722"
"FNT","20150821","0.002","0.002","0.002","0.002","400000"
"FPH","20150821","6.52","6.63","6.46","6.60","234542"
"FRI","20150821","1.14","1.14","1.12","1.135","183650"
"FRM","20150821","0.515","0.515","0.515","0.515","74640"
"FRX","20150821","0.15","0.15","0.15","0.15","65058"
"FRY","20150821","0.052","0.056","0.048","0.055","1656265"
"FSA","20150821","1.41","1.41","1.345","1.375","39719"
"FSF","20150821","4.43","4.52","4.35","4.50","14678"
"FUN","20150821","0.032","0.033","0.031","0.031","1434588"
"FWD","20150821","2.02","2.06","1.97","1.99","112700"
"FXJ","20150821","0.87","0.88","0.855","0.88","14069836"
"FXL","20150821","2.65","2.74","2.64","2.72","1908373"
"GAL","20150821","0.019","0.019","0.018","0.018","32084091"
"GAP","20150821","0.17","0.175","0.17","0.175","324967"
"GBE","20150821","0.021","0.022","0.021","0.021","400000"
"GBG","20150821","0.023","0.024","0.023","0.023","1589998"
"GBP","20150821","0.035","0.035","0.035","0.035","75000"
"GBT","20150821","4.74","4.88","4.65","4.69","969587"
"GBX","20150821","0.005","0.005","0.005","0.005","1050535"
"GBZ","20150821","0.021","0.021","0.021","0.021","280000"
"GC1","20150821","1.00","1.01","1.00","1.00","43884"
"GCS","20150821","0.50","0.50","0.50","0.50","179545"
"GDF","20150821","0.99","1.00","0.99","0.99","114227"
"GDI","20150821","0.895","0.902","0.89","0.89","623895"
"GDX","20150821","21.73","21.99","21.60","21.96","20378"
"GDY","20150821","0.029","0.032","0.029","0.029","295249"
"GEG","20150821","0.68","0.75","0.665","0.75","26951"
"GEM","20150821","3.28","3.37","3.21","3.32","1789171"
"GER","20150821","0.067","0.07","0.065","0.07","598456"
"GFY","20150821","3.01","3.15","3.01","3.15","26276"
"GHC","20150821","1.72","1.75","1.69","1.695","335217"
"GID","20150821","0.038","0.04","0.036","0.04","289351"
"GJT","20150821","1.715","1.715","1.662","1.67","25087"
"GLB","20150821","1.05","1.05","1.05","1.05","2500"
"GLF","20150821","0.012","0.012","0.012","0.012","80500"
"GLH","20150821","0.385","0.385","0.38","0.38","14000"
"GLL","20150821","0.095","0.095","0.095","0.095","3000"
"GLN","20150821","0.003","0.003","0.003","0.003","161425"
"GMA","20150821","2.75","2.79","2.64","2.68","3451890"
"GME","20150821","0.032","0.032","0.032","0.032","25532"
"GMF","20150821","2.10","2.10","2.07","2.10","50214"
"GMG","20150821","6.20","6.23","5.99","6.07","9220766"
"GMM","20150821","0.057","0.059","0.055","0.056","328724"
"GMN","20150821","0.071","0.071","0.068","0.068","225000"
"GNC","20150821","8.22","8.30","8.195","8.26","1028033"
"GNE","20150821","1.595","1.655","1.595","1.655","14546"
"GNG","20150821","1.08","1.17","1.08","1.08","174891"
"GNX","20150821","0.17","0.17","0.16","0.16","67316"
"GOLD","20150821","150.28","152.73","150.13","152.08","24894"
"GOR","20150821","0.40","0.405","0.38","0.385","706708"
"GOW","20150821","3.10","3.10","3.10","3.10","1149"
"GOZ","20150821","3.14","3.15","3.10","3.12","478218"
"GPH","20150821","0.05","0.05","0.05","0.05","200000"
"GPT","20150821","4.53","4.56","4.44","4.47","9158653"
"GRB","20150821","0.055","0.055","0.049","0.051","2259492"
"GRR","20150821","0.105","0.11","0.102","0.105","236240"
"GRY","20150821","0.055","0.056","0.054","0.054","3185583"
"GSE","20150821","0.095","0.095","0.095","0.095","1088"
"GSS","20150821","0.465","0.465","0.44","0.44","51000"
"GTE","20150821","0.013","0.013","0.013","0.013","1099976"
"GTG","20150821","0.025","0.025","0.022","0.024","1341923"
"GTK","20150821","1.80","1.80","1.79","1.80","28250"
"GTY","20150821","2.26","2.26","2.19","2.26","1612608"
"GUD","20150821","9.11","9.17","8.94","9.11","282296"
"GUF","20150821","0.03","0.03","0.03","0.03","202188"
"GVF","20150821","1.045","1.06","1.04","1.06","41780"
"GWA","20150821","2.40","2.45","2.35","2.41","1002080"
"GXL","20150821","6.90","7.05","6.85","7.04","863673"
"GXY","20150821","0.03","0.032","0.029","0.03","1227096"
"HAS","20150821","0.076","0.08","0.076","0.08","500000"
"HAV","20150821","0.225","0.25","0.225","0.25","14300"
"HAW","20150821","0.033","0.033","0.033","0.033","30000"
"HAZ","20150821","0.01","0.01","0.01","0.01","1362432"
"HCH","20150821","0.105","0.105","0.105","0.105","27723"
"HEG","20150821","0.004","0.004","0.004","0.004","2428717"
"HFA","20150821","2.40","2.58","2.39","2.52","366685"
"HFR","20150821","1.16","1.29","1.155","1.28","1073570"
"HGG","20150821","5.69","5.70","5.53","5.55","3797695"
"HGO","20150821","0.17","0.175","0.165","0.165","37512"
"HHL","20150821","2.45","2.45","2.39","2.40","30500"
"HHV","20150821","1.18","1.18","1.165","1.175","74993"
"HHY","20150821","0.10","0.10","0.10","0.10","167896"
"HIG","20150821","0.083","0.085","0.083","0.085","158917"
"HIL","20150821","0.455","0.465","0.43","0.435","525696"
"HIT","20150821","0.11","0.11","0.10","0.11","115000"
"HLO","20150821","0.285","0.30","0.285","0.30","9500"
"HMI","20150821","0.015","0.015","0.015","0.015","1000000"
"HMX","20150821","0.05","0.05","0.05","0.05","92041"
"HOR","20150821","0.032","0.036","0.031","0.035","393500"
"HPI","20150821","2.57","2.60","2.50","2.59","44338"
"HPR","20150821","0.068","0.069","0.068","0.068","1280000"
"HRL","20150821","0.07","0.07","0.07","0.07","289583"
"HRR","20150821","0.10","0.105","0.10","0.10","299500"
"HSK","20150821","0.10","0.10","0.10","0.10","80000"
"HSN","20150821","2.74","2.76","2.73","2.74","276741"
"HSO","20150821","2.68","2.68","2.56","2.60","4785552"
"HTA","20150821","0.076","0.076","0.075","0.075","147089"
"HUB","20150821","1.70","1.72","1.655","1.675","101021"
"HUO","20150821","3.42","3.48","3.35","3.48","3310"
"HVN","20150821","4.54","4.565","4.41","4.47","2847032"
"HZN","20150821","0.076","0.078","0.069","0.072","2682487"
"IAA","20150821","58.48","58.95","57.66","57.66","20393"
"IAF","20150821","106.07","106.55","106.07","106.52","16632"
"IAG","20150821","5.65","5.65","5.45","5.52","21714910"
"IAU","20150821","0.115","0.115","0.11","0.11","112408"
"IBC","20150821","0.515","0.515","0.515","0.515","20000"
"IBG","20150821","0.063","0.069","0.063","0.063","482304"
"IBK","20150821","42.84","43.63","42.78","42.78","4743"
"ICG","20150821","0.01","0.01","0.009","0.009","8858913"
"ICN","20150821","0.039","0.039","0.039","0.039","19611"
"ICQ","20150821","0.72","0.72","0.68","0.69","187525"
"ICS","20150821","1.44","1.45","1.39","1.39","26091"
"ICT","20150821","0.12","0.12","0.11","0.11","116248"
"ICX","20150821","0.034","0.034","0.033","0.033","107142"
"IDR","20150821","1.85","1.86","1.85","1.855","347233"
"IDT","20150821","0.31","0.31","0.285","0.29","219800"
"IDZ","20150821","0.39","0.39","0.39","0.39","715"
"IEM","20150821","46.50","46.50","45.68","45.77","21500"
"IEU","20150821","58.56","58.56","57.84","57.93","78513"
"IFL","20150821","9.01","9.05","8.845","8.97","1685900"
"IFM","20150821","0.85","0.98","0.795","0.95","14839826"
"IFN","20150821","0.25","0.255","0.245","0.245","605421"
"IGB","20150821","103.85","103.85","103.85","103.85","2"
"IGO","20150821","3.10","3.29","3.10","3.28","2040632"
"IGS","20150821","0.003","0.003","0.003","0.003","3250000"
"IHD","20150821","14.08","14.08","13.84","13.96","95028"
"IHK","20150821","27.20","27.20","26.86","27.03","7552"
"IIL","20150821","0.16","0.16","0.15","0.15","20744"
"IIN","20150821","9.53","9.54","9.53","9.53","1800993"
"IJH","20150821","198.83","198.90","197.00","197.12","14676"
"IJP","20150821","17.00","17.00","16.77","16.77","517701"
"IJR","20150821","153.99","153.99","152.49","152.70","2877"
"IKO","20150821","65.00","65.00","62.53","63.78","2515"
"ILB","20150821","115.01","115.12","114.90","115.00","3883"
"ILC","20150821","23.45","23.45","23.00","23.32","57174"
"ILU","20150821","7.46","7.64","7.34","7.43","1836531"
"IMA","20150821","0.086","0.086","0.086","0.086","5814"
"IMC","20150821","0.45","0.485","0.42","0.46","600655"
"IMD","20150821","0.205","0.21","0.195","0.20","374306"
"IMF","20150821","1.56","1.60","1.555","1.60","351198"
"IMU","20150821","0.009","0.009","0.009","0.009","3784478"
"INA","20150821","0.455","0.465","0.45","0.465","3317775"
"IOF","20150821","3.77","3.79","3.70","3.78","3204858"
"IOO","20150821","100.21","100.21","99.37","99.44","37364"
"IOZ","20150821","22.22","22.22","21.86","22.04","54395"
"IPB","20150821","0.015","0.015","0.015","0.015","35000"
"IPD","20150821","1.10","1.10","1.045","1.065","856246"
"IPE","20150821","0.295","0.30","0.295","0.30","72053"
"IPH","20150821","4.78","4.78","4.62","4.70","120322"
"IPL","20150821","3.40","3.46","3.36","3.46","8119397"
"IPP","20150821","2.93","2.93","2.80","2.87","283170"
"IPT","20150821","0.026","0.026","0.025","0.026","139110"
"IQ3","20150821","0.32","0.33","0.31","0.33","44513"
"IQE","20150821","1.26","1.26","1.22","1.22","25950"
"IRD","20150821","0.081","0.081","0.081","0.081","49407"
"IRE","20150821","9.50","9.60","9.20","9.60","1031084"
"IRI","20150821","2.20","2.20","2.06","2.10","219438"
"IRL","20150821","0.003","0.003","0.003","0.003","167000"
"IRM","20150821","0.01","0.01","0.01","0.01","99756"
"IRU","20150821","158.22","159.01","157.69","158.22","1009"
"ISD","20150821","3.40","3.52","3.37","3.46","935633"
"ISG","20150821","14.90","14.90","14.67","14.67","2709"
"ISN","20150821","0.052","0.052","0.051","0.051","70000"
"ISO","20150821","3.55","3.56","3.51","3.52","49401"
"ISU","20150821","1.785","1.79","1.72","1.73","82891"
"ISX","20150821","0.15","0.15","0.14","0.145","420605"
"ITD","20150821","0.225","0.235","0.22","0.22","19352"
"ITW","20150821","17.67","17.67","17.40","17.40","3871"
"IVC","20150821","11.39","11.54","11.32","11.50","631786"
"IVE","20150821","83.95","83.99","83.46","83.55","9749"
"IVR","20150821","0.015","0.016","0.013","0.016","979690"
"IVV","20150821","279.68","280.18","277.87","278.27","40229"
"IVX","20150821","0.017","0.02","0.017","0.02","815753"
"IWG","20150821","0.23","0.245","0.225","0.245","201938"
"IXI","20150821","125.33","125.33","123.89","124.20","23718"
"IXJ","20150821","149.75","149.75","147.51","148.25","28984"
"IXP","20150821","83.88","83.88","83.50","83.50","838"
"IXR","20150821","0.012","0.013","0.012","0.013","1475336"
"IZZ","20150821","51.01","51.31","50.80","50.96","15368"
"JBH","20150821","19.96","19.99","19.36","19.66","819695"
"JHC","20150821","2.69","2.73","2.69","2.73","706820"
"JHX","20150821","17.45","17.81","17.32","17.47","2438399"
"JIN","20150821","0.87","0.88","0.87","0.87","18423"
"JKA","20150821","0.005","0.005","0.005","0.005","3347121"
"JRV","20150821","0.046","0.046","0.046","0.046","3000"
"JYC","20150821","1.105","1.105","1.10","1.10","2200"
"KAM","20150821","0.725","0.725","0.705","0.705","158652"
"KAR","20150821","1.70","1.83","1.665","1.77","1708654"
"KAS","20150821","0.019","0.019","0.018","0.018","68000"
"KAT","20150821","0.84","0.86","0.84","0.84","26932"
"KBL","20150821","0.03","0.031","0.03","0.031","708139"
"KCN","20150821","0.675","0.73","0.675","0.725","774101"
"KDR","20150821","0.08","0.08","0.08","0.08","38000"
"KEY","20150821","0.005","0.005","0.005","0.005","359000"
"KFE","20150821","0.014","0.014","0.014","0.014","105751"
"KGL","20150821","0.165","0.185","0.15","0.185","110829"
"KII","20150821","2.50","2.50","2.43","2.45","406088"
"KKL","20150821","0.008","0.008","0.008","0.008","991100"
"KKO","20150821","0.056","0.056","0.056","0.056","55000"
"KKT","20150821","0.21","0.21","0.21","0.21","28500"
"KMD","20150821","1.43","1.435","1.407","1.43","442527"
"KME","20150821","0.55","0.555","0.44","0.44","187354"
"KNM","20150821","0.025","0.025","0.025","0.025","1373841"
"KOR","20150821","0.03","0.03","0.029","0.029","150000"
"KOV","20150821","3.50","3.50","3.39","3.39","8870"
"KPC","20150821","0.12","0.13","0.12","0.13","35666"
"KPL","20150821","0.20","0.20","0.20","0.20","10300"
"KPT","20150821","8.50","8.50","8.50","8.50","500"
"KRA","20150821","0.004","0.004","0.004","0.004","50000"
"KRB","20150821","0.026","0.026","0.025","0.025","130609"
"KRM","20150821","0.22","0.23","0.215","0.225","220885"
"KSC","20150821","1.305","1.305","1.30","1.30","10000"
"KSL","20150821","1.24","1.24","1.20","1.24","354492"
"KSN","20150821","0.02","0.02","0.02","0.02","117500"
"KSO","20150821","0.007","0.007","0.007","0.007","18400871"
"KTA","20150821","0.14","0.14","0.135","0.14","33855"
"LAA","20150821","0.33","0.33","0.305","0.31","151135"
"LAU","20150821","0.47","0.47","0.45","0.45","70311"
"LCM","20150821","0.695","0.695","0.685","0.685","7856"
"LCT","20150821","0.037","0.037","0.037","0.037","20000"
"LEG","20150821","0.011","0.011","0.011","0.011","2874850"
"LEP","20150821","3.69","3.71","3.67","3.70","148987"
"LER","20150821","0.17","0.175","0.165","0.165","90882"
"LGD","20150821","0.27","0.275","0.255","0.275","423833"
"LGO","20150821","0.005","0.005","0.005","0.005","5000000"
"LGR","20150821","0.135","0.135","0.135","0.135","80000"
"LHC","20150821","3.04","3.14","3.03","3.10","62337"
"LIC","20150821","2.69","2.71","2.66","2.70","37036"
"LIT","20150821","0.063","0.068","0.06","0.062","601000"
"LKO","20150821","0.002","0.002","0.002","0.002","1000000"
"LLC","20150821","14.50","14.50","14.07","14.31","1842148"
"LMB","20150821","0.059","0.062","0.059","0.062","55778"
"LMG","20150821","0.007","0.008","0.007","0.007","781869"
"LML","20150821","0.044","0.044","0.044","0.044","10000"
"LMR","20150821","0.057","0.057","0.057","0.057","20000"
"LMW","20150821","0.50","0.50","0.50","0.50","1347"
"LNG","20150821","2.38","2.48","2.32","2.47","3708611"
"LNR","20150821","6.49","6.49","6.49","6.49","3884"
"LNY","20150821","0.004","0.005","0.004","0.005","10437329"
"LOM","20150821","0.165","0.18","0.165","0.17","391078"
"LOV","20150821","3.37","3.46","3.32","3.46","121380"
"LRS","20150821","0.006","0.007","0.006","0.006","10287832"
"LSR","20150821","0.014","0.014","0.013","0.013","339398"
"LTN","20150821","0.08","0.08","0.08","0.08","7017"
"LTR","20150821","0.005","0.005","0.005","0.005","2925000"
"LWP","20150821","0.008","0.008","0.008","0.008","7501672"
"LYC","20150821","0.037","0.038","0.036","0.037","9334318"
"LYL","20150821","1.50","1.50","1.50","1.50","713"
"MAD","20150821","0.088","0.088","0.088","0.088","28932"
"MAH","20150821","0.075","0.075","0.071","0.074","1044995"
"MAK","20150821","0.105","0.11","0.105","0.105","17450"
"MAQ","20150821","7.30","7.30","7.30","7.30","145"
"MAR","20150821","0.006","0.006","0.006","0.006","645067"
"MAT","20150821","0.145","0.15","0.13","0.13","180967"
"MBE","20150821","0.23","0.23","0.215","0.22","1938293"
"MBK","20150821","0.02","0.02","0.02","0.02","1299000"
"MBN","20150821","0.093","0.093","0.09","0.091","1004606"
"MCE","20150821","0.445","0.445","0.445","0.445","6994"
"MCP","20150821","0.535","0.575","0.535","0.55","80903"
"MCR","20150821","0.30","0.31","0.30","0.30","122686"
"MCS","20150821","0.074","0.075","0.074","0.075","40178"
"MCX","20150821","0.068","0.068","0.068","0.068","4529"
"MDC","20150821","0.18","0.18","0.18","0.18","20000"
"MDG","20150821","0.084","0.084","0.084","0.084","38669"
"MDL","20150821","0.655","0.655","0.655","0.655","14322"
"MEB","20150821","0.445","0.465","0.445","0.465","164865"
"MED","20150821","0.06","0.06","0.06","0.06","30000"
"MEL","20150821","0.062","0.067","0.062","0.066","783903"
"MEO","20150821","0.016","0.017","0.016","0.017","358276"
"MEP","20150821","0.059","0.061","0.058","0.061","56000"
"MEU","20150821","0.01","0.011","0.01","0.011","917274"
"MEY","20150821","0.12","0.12","0.12","0.12","80"
"MEZ","20150821","2.02","2.02","2.02","2.02","210000"
"MFF","20150821","1.92","1.92","1.90","1.90","482297"
"MFG","20150821","19.50","19.50","18.58","18.65","661544"
"MGC","20150821","1.865","1.925","1.85","1.90","496229"
"MGE","20150821","2.64","2.65","2.62","2.65","649737"
"MGL","20150821","0.014","0.014","0.014","0.014","5799"
"MGP","20150821","0.18","0.18","0.18","0.18","40000"
"MGR","20150821","1.81","1.817","1.775","1.80","17874773"
"MGU","20150821","0.027","0.027","0.027","0.027","206983"
"MGX","20150821","0.18","0.185","0.175","0.18","5279886"
"MHG","20150821","2.44","2.44","2.44","2.44","6000"
"MHI","20150821","0.17","0.17","0.165","0.165","225000"
"MIG","20150821","1.23","1.23","1.155","1.165","424324"
"MIN","20150821","4.32","4.91","4.32","4.66","2783579"
"MIR","20150821","2.59","2.62","2.56","2.62","67605"
"MJP","20150821","0.60","0.62","0.60","0.60","16000"
"MKB","20150821","0.11","0.115","0.11","0.115","662517"
"MLB","20150821","1.83","1.86","1.82","1.85","96163"
"MLD","20150821","0.81","0.84","0.80","0.825","344068"
"MLM","20150821","0.047","0.047","0.047","0.047","83985"
"MLS","20150821","0.002","0.002","0.002","0.002","300000"
"MLT","20150821","4.41","4.43","4.38","4.42","84250"
"MLX","20150821","1.085","1.20","1.085","1.20","1081097"
"MMI","20150821","0.056","0.061","0.055","0.06","243946"
"MMJ","20150821","0.31","0.31","0.30","0.305","623133"
"MML","20150821","0.56","0.59","0.55","0.56","1164905"
"MMR","20150821","0.025","0.025","0.025","0.025","22000"
"MMS","20150821","13.81","13.96","13.57","13.69","303597"
"MNB","20150821","0.003","0.003","0.003","0.003","350000"
"MNC","20150821","0.004","0.004","0.004","0.004","1505000"
"MND","20150821","6.77","6.77","6.52","6.71","1000948"
"MNF","20150821","3.45","3.45","3.31","3.42","47212"
"MNM","20150821","0.012","0.012","0.011","0.012","477834"
"MNQ","20150821","0.025","0.029","0.025","0.029","391934"
"MNS","20150821","0.48","0.52","0.475","0.52","2554327"
"MNW","20150821","0.06","0.06","0.059","0.059","341383"
"MNY","20150821","1.02","1.04","0.99","1.005","106671"
"MOC","20150821","2.09","2.20","2.09","2.10","88822"
"MOO","20150821","0.004","0.004","0.004","0.004","15313188"
"MOY","20150821","0.077","0.077","0.066","0.066","745840"
"MPJ","20150821","0.007","0.007","0.006","0.006","2375700"
"MPL","20150821","2.20","2.39","2.18","2.28","88967214"
"MPO","20150821","0.15","0.155","0.15","0.15","87553"
"MPP","20150821","1.27","1.27","1.27","1.27","142"
"MQA","20150821","3.35","3.49","3.35","3.46","1715127"
"MQG","20150821","75.60","75.78","73.77","74.68","2207737"
"MRC","20150821","0.125","0.125","0.105","0.125","213500"
"MRD","20150821","0.017","0.02","0.017","0.02","1175007"
"MRF","20150821","0.064","0.068","0.063","0.068","891190"
"MRM","20150821","0.495","0.505","0.485","0.50","1620898"
"MRP","20150821","0.074","0.075","0.073","0.073","39947"
"MRQ","20150821","0.085","0.09","0.085","0.09","47500"
"MRR","20150821","0.14","0.14","0.14","0.14","25000"
"MRV","20150821","0.004","0.004","0.004","0.004","650808"
"MSB","20150821","3.38","3.38","3.20","3.24","637779"
"MSR","20150821","0.007","0.008","0.007","0.008","32917"
"MSV","20150821","0.018","0.018","0.018","0.018","100000"
"MTB","20150821","0.002","0.002","0.002","0.002","10429"
"MTH","20150821","0.005","0.005","0.005","0.005","300000"
"MTL","20150821","0.11","0.11","0.11","0.11","14864"
"MTN","20150821","0.17","0.17","0.16","0.16","55500"
"MTR","20150821","3.55","3.69","3.38","3.65","545752"
"MTS","20150821","1.065","1.075","1.057","1.065","4543317"
"MTU","20150821","10.27","10.27","9.80","9.94","869874"
"MUA","20150821","1.00","1.00","0.99","1.00","136549"
"MUE","20150821","0.052","0.052","0.052","0.052","1461694"
"MUM","20150821","0.003","0.003","0.003","0.003","35000"
"MUS","20150821","0.18","0.18","0.18","0.18","119731"
"MVA","20150821","18.10","18.10","18.00","18.00","5534"
"MVB","20150821","26.10","26.10","25.71","25.71","9247"
"MVF","20150821","1.135","1.19","1.07","1.10","2293140"
"MVP","20150821","2.43","2.45","2.40","2.40","36590"
"MVT","20150821","0.135","0.14","0.135","0.14","12000"
"MVW","20150821","21.08","21.12","20.96","20.98","5871"
"MWR","20150821","1.57","1.58","1.57","1.57","11603"
"MWS","20150821","0.002","0.002","0.002","0.002","752525"
"MXI","20150821","0.50","0.53","0.50","0.525","569533"
"MXR","20150821","0.002","0.002","0.002","0.002","3000"
"MYE","20150821","0.20","0.20","0.20","0.20","50000"
"MYO","20150821","3.25","3.26","3.05","3.16","2793315"
"MYQ","20150821","0.135","0.155","0.135","0.155","905258"
"MYR","20150821","1.25","1.265","1.22","1.245","1801164"
"MYS","20150821","4.57","4.69","4.52","4.57","32544"
"MYT","20150821","2.48","2.52","2.48","2.52","5328"
"MYX","20150821","1.10","1.105","1.065","1.09","2732170"
"MZI","20150821","0.38","0.38","0.365","0.365","41745"
"MZM","20150821","0.20","0.245","0.20","0.245","138489"
"MZN","20150821","0.012","0.012","0.012","0.012","440000"
"NAB","20150821","31.53","31.70","30.80","31.16","8931287"
"NAC","20150821","0.88","0.88","0.88","0.88","13000"
"NAM","20150821","0.25","0.25","0.25","0.25","3015"
"NAN","20150821","1.55","1.62","1.515","1.55","652708"
"NCK","20150821","3.57","3.58","3.48","3.58","6370"
"NCL","20150821","0.20","0.20","0.175","0.18","18600"
"NCM","20150821","11.88","11.915","11.58","11.84","9291010"
"NDQ","20150821","10.39","10.40","10.31","10.32","90586"
"NEA","20150821","0.43","0.47","0.43","0.47","1330049"
"NEC","20150821","1.42","1.455","1.405","1.45","3465447"
"NEN","20150821","0.023","0.023","0.023","0.023","88000"
"NEU","20150821","0.094","0.095","0.09","0.093","1570388"
"NGE","20150821","0.018","0.018","0.018","0.018","200000"
"NHC","20150821","1.75","1.765","1.69","1.74","97914"
"NHF","20150821","3.46","3.53","3.40","3.50","297138"
"NHO","20150821","0.012","0.012","0.012","0.012","150000"
"NIU","20150821","0.003","0.003","0.003","0.003","2171359"
"NKP","20150821","0.078","0.078","0.075","0.075","171000"
"NMS","20150821","1.39","1.39","1.39","1.39","800000"
"NMT","20150821","0.14","0.14","0.125","0.125","1681977"
"NNW","20150821","0.21","0.21","0.19","0.195","100348"
"NOD","20150821","0.067","0.075","0.067","0.071","582667"
"NOR","20150821","0.025","0.025","0.023","0.024","3025594"
"NRR","20150821","0.056","0.059","0.056","0.058","1226678"
"NRT","20150821","0.16","0.165","0.155","0.16","603579"
"NSE","20150821","0.011","0.011","0.011","0.011","298950"
"NSL","20150821","0.011","0.011","0.011","0.011","2332883"
"NSR","20150821","1.61","1.695","1.55","1.67","1366509"
"NST","20150821","2.08","2.14","2.08","2.11","4005371"
"NTC","20150821","1.06","1.075","1.04","1.055","463549"
"NTM","20150821","0.017","0.017","0.017","0.017","11000"
"NUF","20150821","6.90","7.06","6.69","7.06","1405153"
"NVL","20150821","1.32","1.32","1.25","1.27","395084"
"NVT","20150821","4.08","4.10","3.94","4.01","1157185"
"NWE","20150821","0.004","0.004","0.004","0.004","380000"
"NWF","20150821","0.82","0.82","0.82","0.82","3214"
"NWH","20150821","0.16","0.162","0.155","0.155","637658"
"NWS","20150821","20.05","20.26","19.24","19.57","263842"
"NWZ","20150821","0.055","0.055","0.053","0.054","557698"
"NXR","20150821","0.10","0.10","0.098","0.10","1954267"
"NXT","20150821","2.63","2.68","2.59","2.63","400029"
"NZO","20150821","0.42","0.42","0.41","0.41","16500"
"OAR","20150821","0.20","0.20","0.20","0.20","6029"
"OBJ","20150821","0.066","0.066","0.061","0.062","3032549"
"OBL","20150821","0.004","0.004","0.004","0.004","458625"
"OCC","20150821","0.71","0.72","0.64","0.67","806879"
"OEC","20150821","0.58","0.59","0.58","0.58","105000"
"OEL","20150821","0.035","0.037","0.034","0.034","2070913"
"OEX","20150821","0.037","0.037","0.037","0.037","367567"
"OFX","20150821","2.56","2.62","2.54","2.60","939613"
"OGC","20150821","2.81","2.88","2.80","2.86","535963"
"OGX","20150821","0.105","0.105","0.10","0.105","412900"
"OIL","20150821","0.044","0.046","0.044","0.044","170000"
"OKU","20150821","0.095","0.095","0.095","0.095","5000"
"OLV","20150821","0.14","0.16","0.14","0.15","359727"
"OMH","20150821","0.22","0.22","0.22","0.22","25000"
"OML","20150821","2.50","2.50","2.42","2.48","54707"
"OMT","20150821","0.07","0.07","0.069","0.069","310000"
"ONC","20150821","0.18","0.18","0.18","0.18","174274"
"ONT","20150821","7.15","7.25","7.12","7.20","7765"
"OOO","20150821","18.75","18.79","18.61","18.70","17023"
"OPG","20150821","0.41","0.41","0.41","0.41","31928"
"ORA","20150821","2.20","2.205","2.12","2.15","6831064"
"ORE","20150821","1.625","1.725","1.625","1.665","304807"
"ORG","20150821","8.50","8.86","8.20","8.47","12248480"
"ORI","20150821","15.47","16.07","15.42","16.04","2431439"
"ORL","20150821","2.40","2.40","2.40","2.40","1327"
"ORR","20150821","0.053","0.053","0.053","0.053","11250"
"ORS","20150821","0.011","0.011","0.011","0.011","60000"
"OSH","20150821","6.10","6.32","6.02","6.16","6472366"
"OSL","20150821","0.105","0.105","0.095","0.099","2500046"
"OSP","20150821","0.73","0.73","0.705","0.705","39030"
"OTC","20150821","0.115","0.115","0.11","0.115","407696"
"OTH","20150821","0.60","0.60","0.585","0.59","219488"
"OVH","20150821","0.41","0.41","0.40","0.40","27500"
"OVL","20150821","0.008","0.008","0.008","0.008","20000"
"OXX","20150821","0.04","0.04","0.04","0.04","50000"
"OZB","20150821","0.006","0.006","0.006","0.006","1209200"
"OZF","20150821","20.07","20.07","19.64","19.64","9767"
"OZG","20150821","0.14","0.14","0.135","0.14","307990"
"OZL","20150821","3.60","3.77","3.60","3.65","2360107"
"OZR","20150821","7.05","7.05","6.99","7.02","1010"
"PAA","20150821","0.007","0.007","0.007","0.007","1650000"
"PAB","20150821","0.007","0.007","0.007","0.007","151331"
"PAF","20150821","0.945","0.945","0.93","0.94","264683"
"PAN","20150821","0.33","0.345","0.32","0.335","212149"
"PAR","20150821","0.35","0.35","0.35","0.35","48756"
"PAY","20150821","8.20","8.20","8.20","8.20","122"
"PBD","20150821","0.013","0.013","0.013","0.013","10000"
"PBG","20150821","0.40","0.415","0.395","0.40","2126339"
"PBT","20150821","0.15","0.155","0.15","0.15","59112"
"PCL","20150821","0.003","0.003","0.003","0.003","15858962"
"PDI","20150821","0.004","0.004","0.004","0.004","125000"
"PDN","20150821","0.18","0.195","0.17","0.19","8050753"
"PDZ","20150821","0.27","0.30","0.27","0.30","127074"
"PEA","20150821","0.40","0.40","0.40","0.40","41000"
"PEH","20150821","0.135","0.14","0.135","0.135","232481"
"PEK","20150821","0.065","0.065","0.065","0.065","47154"
"PEN","20150821","0.026","0.028","0.025","0.025","15485684"
"PEP","20150821","3.35","3.39","3.35","3.36","44103"
"PEX","20150821","0.185","0.19","0.185","0.19","30000"
"PEZ","20150821","0.06","0.06","0.06","0.06","33334"
"PFL","20150821","1.15","1.16","1.13","1.13","8949"
"PGC","20150821","0.73","0.75","0.71","0.71","296860"
"PGF","20150821","1.06","1.062","1.04","1.045","1239219"
"PGH","20150821","4.30","4.36","4.26","4.36","571444"
"PGI","20150821","0.11","0.11","0.11","0.11","75000"
"PGL","20150821","0.18","0.18","0.18","0.18","4324"
"PGO","20150821","0.02","0.022","0.02","0.022","590000"
"PGR","20150821","0.49","0.51","0.48","0.51","127837"
"PGS","20150821","0.002","0.003","0.002","0.003","154430"
"PHG","20150821","0.50","0.51","0.50","0.50","72542"
"PIC","20150821","0.965","0.98","0.96","0.96","158109"
"PIO","20150821","0.017","0.017","0.016","0.017","497158"
"PIQ","20150821","0.355","0.355","0.335","0.335","50190"
"PLP","20150821","0.011","0.011","0.011","0.011","48111"
"PLS","20150821","0.125","0.13","0.12","0.125","3535816"
"PMC","20150821","1.86","1.86","1.785","1.86","256789"
"PME","20150821","2.05","2.06","1.97","2.00","194413"
"PML","20150821","0.039","0.039","0.039","0.039","200000"
"PMP","20150821","0.55","0.55","0.55","0.55","37636"
"PMV","20150821","12.56","12.56","12.13","12.30","278906"
"PMY","20150821","0.013","0.013","0.012","0.012","317315"
"PNC","20150821","1.72","1.77","1.72","1.74","288311"
"PNL","20150821","0.335","0.34","0.315","0.315","274096"
"PNR","20150821","0.057","0.062","0.056","0.061","2485359"
"PNV","20150821","0.105","0.105","0.105","0.105","78300"
"PNX","20150821","0.014","0.014","0.014","0.014","300000"
"POH","20150821","0.021","0.021","0.018","0.018","5545900"
"POK","20150821","0.165","0.175","0.165","0.165","2712885"
"POS","20150821","0.068","0.068","0.064","0.064","3172157"
"POU","20150821","21.28","21.59","21.25","21.36","11391"
"PPC","20150821","1.14","1.145","1.115","1.125","1278330"
"PPL","20150821","0.45","0.45","0.45","0.45","36090"
"PPS","20150821","0.29","0.30","0.28","0.30","251969"
"PPT","20150821","42.01","42.14","40.80","41.95","356246"
"PPX","20150821","0.026","0.026","0.026","0.026","376150"
"PRA","20150821","0.01","0.014","0.01","0.011","33810344"
"PRG","20150821","2.54","2.61","2.51","2.59","304120"
"PRL","20150821","0.044","0.047","0.044","0.047","49000"
"PRO","20150821","1.78","1.78","1.615","1.69","195512"
"PRR","20150821","0.05","0.05","0.048","0.049","1622085"
"PRT","20150821","0.61","0.61","0.57","0.58","206747"
"PRU","20150821","0.375","0.38","0.36","0.375","8454819"
"PRY","20150821","4.15","4.23","4.14","4.19","4387850"
"PSA","20150821","0.10","0.10","0.10","0.10","170714"
"PSY","20150821","0.115","0.12","0.11","0.11","651356"
"PSZ","20150821","0.79","0.84","0.78","0.82","193138"
"PTB","20150821","0.32","0.32","0.32","0.32","1929"
"PTM","20150821","6.80","7.10","6.78","7.04","1638457"
"PTX","20150821","0.067","0.067","0.067","0.067","425000"
"PVA","20150821","5.39","5.39","5.35","5.38","25800"
"PVD","20150821","0.052","0.055","0.052","0.053","983598"
"PVE","20150821","0.069","0.069","0.069","0.069","97215"
"PWN","20150821","0.03","0.032","0.03","0.032","237965"
"PXG","20150821","0.12","0.125","0.12","0.12","1237136"
"PXS","20150821","0.20","0.205","0.197","0.205","1032424"
"PYC","20150821","0.012","0.012","0.012","0.012","3350000"
"PYM","20150821","0.004","0.004","0.004","0.004","3158198"
"QAG","20150821","7.71","7.76","7.71","7.76","268"
"QAN","20150821","3.60","3.60","3.37","3.45","25901817"
"QAU","20150821","12.13","12.28","12.13","12.25","56519"
"QBE","20150821","13.88","14.05","13.66","13.77","16917629"
"QBL","20150821","0.013","0.013","0.013","0.013","4193495"
"QCB","20150821","10.20","10.20","10.10","10.10","1588"
"QFN","20150821","10.94","10.97","10.88","10.97","11500"
"QFX","20150821","0.002","0.002","0.002","0.002","2900000"
"QHL","20150821","0.19","0.19","0.18","0.18","288290"
"QMN","20150821","0.005","0.005","0.005","0.005","20000"
"QMS","20150821","0.82","0.84","0.82","0.84","221050"
"QOZ","20150821","11.49","11.49","11.34","11.34","11252"
"QRE","20150821","3.90","3.90","3.87","3.87","12077"
"QST","20150821","0.065","0.065","0.065","0.065","100000"
"QTG","20150821","0.004","0.004","0.004","0.004","10000"
"QUB","20150821","2.21","2.245","2.18","2.20","2660208"
"QUR","20150821","0.002","0.002","0.002","0.002","180000"
"QVE","20150821","1.05","1.055","1.045","1.05","220548"
"RAP","20150821","0.018","0.019","0.017","0.019","2878117"
"RAW","20150821","0.024","0.025","0.023","0.025","801000"
"RCB","20150821","20.40","20.45","20.36","20.45","18790"
"RCF","20150821","0.005","0.005","0.005","0.005","6800"
"RCG","20150821","1.21","1.215","1.13","1.21","417586"
"RCO","20150821","0.21","0.21","0.21","0.21","60000"
"RCR","20150821","1.75","1.855","1.69","1.85","1105783"
"RCT","20150821","3.52","3.52","3.45","3.45","2500"
"RDF","20150821","0.32","0.32","0.32","0.32","5000"
"RDH","20150821","1.48","1.48","1.41","1.42","43000"
"RDM","20150821","0.035","0.037","0.035","0.037","174000"
"RDV","20150821","28.84","28.86","28.40","28.59","20418"
"REA","20150821","43.35","43.35","42.39","43.15","395830"
"REC","20150821","6.90","7.02","6.84","6.97","615414"
"RED","20150821","0.054","0.063","0.051","0.059","2930587"
"REF","20150821","0.14","0.14","0.14","0.14","79152"
"REG","20150821","5.85","5.88","5.81","5.86","466424"
"REH","20150821","33.80","34.98","33.32","34.98","2066"
"RER","20150821","0.031","0.031","0.031","0.031","200000"
"RES","20150821","0.047","0.047","0.04","0.04","51926"
"RFF","20150821","1.105","1.11","1.10","1.10","176948"
"RFG","20150821","4.90","4.93","4.83","4.92","781625"
"RFL","20150821","0.14","0.14","0.14","0.14","13511"
"RFN","20150821","0.615","0.625","0.57","0.61","748627"
"RFX","20150821","0.225","0.225","0.20","0.20","197226"
"RGS","20150821","0.125","0.13","0.12","0.125","356672"
"RGX","20150821","0.048","0.048","0.048","0.048","259164"
"RHC","20150821","61.00","61.00","60.01","60.44","553533"
"RHL","20150821","3.47","3.53","3.47","3.53","32735"
"RHT","20150821","0.039","0.039","0.039","0.039","50000"
"RIC","20150821","1.235","1.26","1.21","1.25","559972"
"RIM","20150821","0.023","0.023","0.023","0.023","155000"
"RIO","20150821","49.31","50.42","48.98","49.52","3175502"
"RKN","20150821","2.05","2.11","2.02","2.06","1277798"
"RMD","20150821","7.31","7.34","7.26","7.31","3313540"
"RMP","20150821","0.025","0.026","0.023","0.023","8696366"
"RMS","20150821","0.13","0.135","0.125","0.13","9155235"
"RNI","20150821","0.017","0.017","0.016","0.016","896742"
"RNO","20150821","0.047","0.049","0.038","0.046","16813946"
"RNS","20150821","0.033","0.033","0.033","0.033","406855"
"RNT","20150821","0.15","0.15","0.15","0.15","106533"
"RNY","20150821","0.285","0.285","0.285","0.285","12593"
"ROY","20150821","0.017","0.017","0.017","0.017","167650"
"RRL","20150821","1.465","1.585","1.465","1.53","5054062"
"RRS","20150821","0.011","0.012","0.011","0.012","190675"
"RSG","20150821","0.275","0.29","0.272","0.285","2433734"
"RSL","20150821","0.009","0.009","0.009","0.009","12127810"
"RSM","20150821","20.79","20.85","20.74","20.85","19493"
"RTG","20150821","0.53","0.53","0.52","0.53","77500"
"RTR","20150821","0.025","0.025","0.024","0.024","631365"
"RUL","20150821","0.55","0.55","0.55","0.55","90000"
"RUM","20150821","0.061","0.062","0.055","0.055","262500"
"RVA","20150821","0.63","0.67","0.59","0.67","158670"
"RVR","20150821","0.155","0.165","0.155","0.16","196150"
"RVY","20150821","0.023","0.023","0.022","0.022","100000"
"RWD","20150821","0.67","0.69","0.66","0.69","33500"
"RWH","20150821","2.39","2.40","2.35","2.35","9844"
"RXH","20150821","0.255","0.28","0.255","0.28","30677"
"RXM","20150821","0.091","0.092","0.091","0.092","37068"
"RXP","20150821","0.52","0.54","0.50","0.52","712151"
"RYG","20150821","0.004","0.004","0.004","0.004","1200000"
"S32","20150821","1.50","1.542","1.485","1.52","24622068"
"SAI","20150821","4.48","4.54","4.41","4.48","573022"
"SAR","20150821","0.43","0.465","0.43","0.45","5603981"
"SAU","20150821","0.016","0.016","0.015","0.015","2185000"
"SAY","20150821","0.002","0.002","0.002","0.002","4080"
"SBB","20150821","0.055","0.055","0.052","0.054","524793"
"SBM","20150821","0.55","0.56","0.54","0.555","1360390"
"SBN","20150821","0.009","0.009","0.009","0.009","30000"
"SBR","20150821","0.018","0.018","0.018","0.018","115000"
"SBU","20150821","0.04","0.04","0.04","0.04","27328"
"SCD","20150821","0.51","0.52","0.51","0.52","5509"
"SCG","20150821","3.76","3.785","3.69","3.74","22803226"
"SCI","20150821","0.034","0.042","0.034","0.042","1215176"
"SCP","20150821","1.975","1.99","1.935","1.965","2970780"
"SDA","20150821","3.35","3.73","3.35","3.45","18872"
"SDF","20150821","1.505","1.51","1.45","1.475","1799008"
"SDG","20150821","1.635","1.65","1.61","1.61","50584"
"SDI","20150821","0.54","0.54","0.52","0.52","25206"
"SDL","20150821","0.018","0.018","0.016","0.016","14906389"
"SDM","20150821","0.725","0.74","0.70","0.72","49484"
"SEA","20150821","0.36","0.395","0.36","0.365","1167320"
"SEG","20150821","0.003","0.003","0.002","0.002","30618680"
"SEH","20150821","0.082","0.085","0.08","0.082","1424885"
"SEK","20150821","12.55","12.78","12.45","12.60","4619024"
"SEN","20150821","0.19","0.195","0.185","0.19","2109339"
"SFC","20150821","4.72","4.72","4.72","4.72","2125"
"SFG","20150821","0.061","0.064","0.061","0.063","225000"
"SFH","20150821","0.61","0.61","0.59","0.605","38586"
"SFI","20150821","0.061","0.062","0.06","0.061","1627122"
"SFR","20150821","5.29","5.95","5.29","5.66","2229248"
"SFX","20150821","0.50","0.55","0.50","0.55","26000"
"SFY","20150821","51.33","51.33","50.49","50.73","26851"
"SGF","20150821","2.79","2.80","2.73","2.80","149619"
"SGH","20150821","3.07","3.10","3.02","3.05","1992563"
"SGM","20150821","9.84","10.46","9.72","10.43","2770920"
"SGN","20150821","0.595","0.61","0.575","0.60","1299813"
"SGP","20150821","4.10","4.12","4.02","4.06","21820670"
"SGQ","20150821","0.071","0.075","0.065","0.066","227098"
"SHE","20150821","0.039","0.039","0.037","0.039","619627"
"SHJ","20150821","2.35","2.40","2.32","2.38","47817"
"SHL","20150821","20.61","20.72","20.27","20.39","1776462"
"SHM","20150821","1.035","1.035","0.965","1.00","110428"
"SHP","20150821","0.014","0.014","0.013","0.013","988175"
"SHV","20150821","11.45","11.96","11.45","11.96","364888"
"SIO","20150821","1.45","1.48","1.437","1.45","120999"
"SIP","20150821","0.78","0.795","0.75","0.75","4724190"
"SIQ","20150821","2.70","2.70","2.50","2.63","156816"
"SIR","20150821","2.56","2.72","2.56","2.71","1802380"
"SIV","20150821","8.16","8.40","7.85","8.16","288085"
"SKC","20150821","3.60","3.64","3.58","3.63","1490039"
"SKE","20150821","1.655","1.67","1.635","1.65","851946"
"SKF","20150821","0.175","0.175","0.175","0.175","23200"
"SKI","20150821","1.85","1.86","1.80","1.81","6656679"
"SKT","20150821","4.97","4.97","4.85","4.87","404218"
"SLC","20150821","2.29","2.29","2.20","2.20","49476"
"SLF","20150821","11.50","11.50","11.32","11.43","84187"
"SLK","20150821","2.42","2.45","2.41","2.42","43149"
"SLM","20150821","0.725","0.725","0.70","0.70","12905"
"SLR","20150821","0.145","0.155","0.14","0.15","7734092"
"SLX","20150821","0.425","0.45","0.425","0.44","105071"
"SMA","20150821","0.029","0.029","0.028","0.028","3152253"
"SMD","20150821","0.022","0.023","0.022","0.023","390000"
"SMN","20150821","0.52","0.53","0.50","0.53","136974"
"SMX","20150821","4.40","4.53","4.38","4.48","995555"
"SNC","20150821","0.86","0.86","0.86","0.86","17500"
"SND","20150821","0.55","0.59","0.51","0.59","40117"
"SNV","20150821","0.002","0.002","0.002","0.002","1434998"
"SOL","20150821","13.60","13.63","13.22","13.40","57854"
"SOM","20150821","2.60","2.60","2.45","2.48","21661"
"SOO","20150821","0.026","0.026","0.026","0.026","70000"
"SPK","20150821","2.68","2.74","2.67","2.73","1860821"
"SPL","20150821","0.65","0.65","0.615","0.635","35753"
"SPO","20150821","1.785","1.815","1.78","1.81","2937519"
"SPY","20150821","277.70","277.97","276.63","276.81","136"
"SPZ","20150821","0.13","0.13","0.13","0.13","31067"
"SRF","20150821","1.73","1.80","1.70","1.78","118156"
"SRI","20150821","0.059","0.059","0.048","0.054","2163899"
"SRK","20150821","0.052","0.052","0.052","0.052","100000"
"SRQ","20150821","0.007","0.007","0.006","0.007","1827885"
"SRV","20150821","6.15","6.15","6.05","6.10","60001"
"SRX","20150821","34.18","34.48","33.97","34.40","282899"
"SSM","20150821","0.335","0.35","0.32","0.32","360185"
"SSN","20150821","0.005","0.005","0.005","0.005","188869"
"STA","20150821","0.008","0.008","0.008","0.008","150000"
"STL","20150821","0.036","0.036","0.035","0.035","1285174"
"STO","20150821","5.56","5.90","5.18","5.60","17744114"
"STS","20150821","0.63","0.63","0.61","0.61","108743"
"STW","20150821","48.98","49.22","48.45","48.87","857218"
"STX","20150821","0.11","0.115","0.105","0.11","1941622"
"SUD","20150821","0.038","0.038","0.032","0.035","3665473"
"SUH","20150821","0.006","0.006","0.006","0.006","758141"
"SUL","20150821","9.61","9.83","9.50","9.77","1929113"
"SUM","20150821","0.043","0.043","0.043","0.043","100000"
"SUN","20150821","13.11","13.14","12.90","12.98","6034344"
"SVA","20150821","0.52","0.52","0.51","0.51","10000"
"SVM","20150821","0.089","0.089","0.089","0.089","250000"
"SVW","20150821","4.80","4.92","4.72","4.86","1003451"
"SWJ","20150821","0.009","0.009","0.009","0.009","14000"
"SWL","20150821","1.10","1.15","1.085","1.15","8650"
"SWM","20150821","0.805","0.83","0.802","0.815","4944696"
"SXA","20150821","0.072","0.072","0.07","0.07","35715"
"SXL","20150821","0.865","0.905","0.86","0.895","1452062"
"SXT","20150821","0.025","0.025","0.023","0.023","7670958"
"SXX","20150821","0.003","0.003","0.003","0.003","1000000"
"SXY","20150821","0.145","0.155","0.14","0.145","15177844"
"SYA","20150821","0.026","0.032","0.026","0.028","39194309"
"SYD","20150821","5.76","5.83","5.72","5.82","8937637"
"SYI","20150821","27.67","27.72","27.36","27.58","37986"
"SYR","20150821","3.02","3.05","2.89","2.93","1577850"
"TAG","20150821","0.085","0.085","0.085","0.085","7000"
"TAH","20150821","4.76","4.78","4.61","4.63","6618638"
"TAM","20150821","0.038","0.04","0.037","0.04","4459624"
"TAP","20150821","0.265","0.285","0.26","0.28","51136"
"TAR","20150821","0.078","0.078","0.078","0.078","10000"
"TAS","20150821","0.056","0.06","0.056","0.059","740000"
"TAW","20150821","0.005","0.005","0.005","0.005","1400000"
"TBR","20150821","3.90","4.00","3.90","4.00","28000"
"TCH","20150821","1.83","1.83","1.78","1.78","22228"
"TCL","20150821","9.65","9.725","9.62","9.69","5405477"
"TCN","20150821","0.082","0.085","0.082","0.085","243235"
"TEN","20150821","0.195","0.197","0.19","0.19","2557532"
"TEX","20150821","0.004","0.004","0.004","0.004","184166"
"TFC","20150821","1.50","1.515","1.45","1.47","574844"
"TGA","20150821","2.47","2.50","2.45","2.45","287183"
"TGG","20150821","1.375","1.375","1.23","1.33","952636"
"TGP","20150821","1.01","1.025","1.01","1.025","61063"
"TGR","20150821","3.61","3.65","3.59","3.65","687503"
"TGS","20150821","0.059","0.061","0.057","0.06","2579589"
"TGZ","20150821","0.67","0.695","0.67","0.685","437488"
"THX","20150821","0.09","0.09","0.083","0.083","407999"
"TIS","20150821","0.051","0.052","0.051","0.051","237483"
"TIX","20150821","2.52","2.55","2.46","2.46","196775"
"TLG","20150821","0.30","0.32","0.29","0.29","391568"
"TLM","20150821","0.46","0.51","0.445","0.49","633030"
"TLS","20150821","6.07","6.09","6.01","6.07","45262230"
"TME","20150821","2.92","3.22","2.92","3.20","4616896"
"TMK","20150821","0.004","0.004","0.004","0.004","450000"
"TMM","20150821","1.25","1.25","1.25","1.25","498"
"TMP","20150821","0.50","0.51","0.47","0.51","270496"
"TNE","20150821","3.69","3.70","3.59","3.60","916051"
"TNG","20150821","0.225","0.24","0.225","0.235","2033223"
"TNK","20150821","0.86","0.86","0.86","0.86","2000"
"TNR","20150821","0.235","0.27","0.235","0.26","87464"
"TOE","20150821","0.06","0.062","0.06","0.06","1707693"
"TOF","20150821","2.05","2.10","2.05","2.07","122578"
"TOM","20150821","0.14","0.14","0.13","0.14","108780"
"TON","20150821","0.29","0.295","0.27","0.27","3286074"
"TOP","20150821","0.46","0.46","0.44","0.45","99041"
"TOT","20150821","1.08","1.08","1.08","1.08","6000"
"TOX","20150821","2.69","2.72","2.61","2.68","109208"
"TPE","20150821","3.35","3.42","3.33","3.41","139606"
"TPI","20150821","0.63","0.675","0.627","0.665","4902935"
"TPM","20150821","9.32","9.32","9.13","9.20","2026830"
"TPP","20150821","0.078","0.079","0.078","0.079","142070"
"TRG","20150821","7.60","7.60","7.40","7.56","55086"
"TRL","20150821","0.02","0.02","0.02","0.02","100000"
"TRS","20150821","8.01","8.05","7.86","8.05","454956"
"TRY","20150821","0.30","0.315","0.30","0.315","1185133"
"TSE","20150821","1.07","1.08","0.985","0.985","5502475"
"TSM","20150821","0.345","0.35","0.345","0.35","30000"
"TSV","20150821","0.037","0.037","0.036","0.036","318000"
"TTA","20150821","0.022","0.022","0.02","0.02","10000"
"TTE","20150821","0.026","0.027","0.025","0.027","510235"
"TTN","20150821","0.062","0.062","0.049","0.05","359520"
"TTS","20150821","3.68","3.78","3.61","3.77","7998370"
"TWD","20150821","3.40","3.45","3.40","3.45","11300"
"TWE","20150821","6.00","6.09","5.94","5.95","8251731"
"TWR","20150821","1.90","1.90","1.90","1.90","2700"
"TYK","20150821","0.001","0.001","0.001","0.001","6000000"
"TYX","20150821","0.019","0.019","0.019","0.019","100000"
"TZL","20150821","0.09","0.09","0.09","0.09","150000"
"TZN","20150821","0.205","0.205","0.20","0.205","91498"
"UBA","20150821","17.55","17.55","17.55","17.55","150"
"UBE","20150821","20.31","20.39","20.31","20.39","2525"
"UBI","20150821","0.37","0.385","0.37","0.385","40000"
"UBN","20150821","1.325","1.37","1.305","1.35","74927"
"UBW","20150821","20.62","20.62","20.62","20.62","1000"
"UCW","20150821","0.013","0.013","0.011","0.011","1152000"
"UEQ","20150821","0.008","0.008","0.008","0.008","1776666"
"UGL","20150821","1.64","1.845","1.625","1.83","1555797"
"UML","20150821","0.026","0.026","0.025","0.025","2270000"
"UNS","20150821","0.315","0.315","0.295","0.31","1329936"
"UNV","20150821","0.13","0.145","0.13","0.145","4230893"
"UOS","20150821","0.515","0.52","0.50","0.50","99700"
"UPG","20150821","0.79","0.79","0.78","0.78","18103"
"URF","20150821","2.13","2.14","2.05","2.14","82330"
"USD","20150821","13.37","13.45","13.35","13.41","478078"
"USF","20150821","2.31","2.31","2.31","2.31","27750"
"USG","20150821","2.38","2.40","2.38","2.40","19838"
"UXC","20150821","1.07","1.075","1.02","1.05","1831959"
"VAF","20150821","50.10","50.24","50.00","50.24","16212"
"VAH","20150821","0.45","0.455","0.445","0.455","734753"
"VAP","20150821","72.77","72.77","71.40","71.95","16623"
"VAS","20150821","67.03","67.06","66.11","66.55","112438"
"VEC","20150821","0.016","0.017","0.016","0.017","2154856"
"VED","20150821","2.26","2.29","2.23","2.26","2851587"
"VEI","20150821","1.08","1.085","1.08","1.085","2607835"
"VET","20150821","0.093","0.095","0.09","0.09","437044"
"VEU","20150821","62.49","62.49","62.02","62.18","20854"
"VGB","20150821","49.17","49.40","49.17","49.40","2124"
"VGE","20150821","53.15","53.59","53.12","53.12","2722"
"VGS","20150821","58.60","58.64","58.11","58.25","10615"
"VHY","20150821","59.60","59.60","58.58","58.75","71059"
"VIG","20150821","0.20","0.20","0.20","0.20","15000"
"VKA","20150821","0.011","0.011","0.011","0.011","340846"
"VLA","20150821","0.65","0.67","0.65","0.66","128640"
"VLC","20150821","58.35","58.35","57.44","57.44","7234"
"VLW","20150821","2.32","2.35","2.29","2.29","376921"
"VMC","20150821","0.245","0.25","0.23","0.25","120500"
"VMG","20150821","0.006","0.006","0.006","0.006","232724"
"VMS","20150821","0.018","0.019","0.018","0.019","86100"
"VMT","20150821","0.36","0.37","0.345","0.37","255439"
"VMX","20150821","0.165","0.165","0.155","0.155","30000"
"VOC","20150821","5.70","5.72","5.61","5.68","1100093"
"VRL","20150821","6.01","6.05","5.93","6.00","183230"
"VRT","20150821","4.87","4.89","4.75","4.80","243029"
"VRX","20150821","0.043","0.043","0.043","0.043","41643"
"VSC","20150821","0.80","0.81","0.78","0.80","321286"
"VSO","20150821","41.00","41.45","41.00","41.10","12516"
"VTG","20150821","1.95","2.02","1.84","2.02","214884"
"VTS","20150821","143.73","143.83","142.57","142.96","29403"
"VTX","20150821","0.055","0.058","0.053","0.058","3661832"
"VXL","20150821","0.23","0.24","0.23","0.23","51240"
"WAA","20150821","0.98","0.98","0.95","0.95","50533"
"WAC","20150821","0.017","0.017","0.017","0.017","160000"
"WAF","20150821","0.067","0.067","0.065","0.065","212001"
"WAM","20150821","1.98","1.995","1.97","1.98","463067"
"WAX","20150821","1.21","1.21","1.195","1.20","352153"
"WBA","20150821","1.30","1.34","1.28","1.34","340457"
"WBC","20150821","31.75","31.86","30.91","31.37","12158604"
"WCN","20150821","0.007","0.007","0.007","0.007","730000"
"WDE","20150821","0.96","0.96","0.94","0.94","119251"
"WDS","20150821","0.097","0.11","0.097","0.10","5738968"
"WEB","20150821","4.00","4.05","3.87","3.96","235563"
"WEC","20150821","0.205","0.21","0.205","0.21","29883"
"WEL","20150821","0.05","0.05","0.05","0.05","20000"
"WES","20150821","40.70","40.86","40.46","40.81","4615062"
"WFD","20150821","9.50","9.53","9.29","9.49","10564061"
"WGO","20150821","0.005","0.005","0.005","0.005","865000"
"WHC","20150821","1.175","1.205","1.14","1.185","7820725"
"WHE","20150821","0.145","0.145","0.135","0.135","144281"
"WHF","20150821","4.38","4.38","4.28","4.36","21003"
"WIC","20150821","0.855","0.86","0.84","0.86","135000"
"WIG","20150821","1.05","1.05","1.05","1.05","2500"
"WIN","20150821","0.075","0.075","0.075","0.075","20000"
"WKT","20150821","0.003","0.003","0.003","0.003","5588866"
"WLF","20150821","0.30","0.30","0.29","0.29","310911"
"WLL","20150821","4.23","4.29","4.22","4.25","7800"
"WMK","20150821","0.91","0.91","0.90","0.90","61457"
"WMN","20150821","0.335","0.335","0.30","0.325","420180"
"WOR","20150821","7.34","7.66","7.11","7.50","1941800"
"WOW","20150821","26.21","26.54","26.01","26.37","4778109"
"WPG","20150821","0.029","0.029","0.029","0.029","50000"
"WPI","20150821","0.022","0.022","0.022","0.022","441295"
"WPL","20150821","31.56","32.555","30.88","31.56","4496973"
"WRG","20150821","0.004","0.005","0.004","0.005","1449691"
"WRR","20150821","0.41","0.41","0.40","0.40","17389"
"WSA","20150821","2.63","2.755","2.63","2.65","2281639"
"WTP","20150821","0.91","0.93","0.905","0.93","163047"
"WWI","20150821","0.014","0.014","0.014","0.014","100000"
"XAF","20150821","5350.60","5350.60","5228.60","5274.20","0"
"XAM","20150821","0.086","0.086","0.086","0.086","131500"
"XAO","20150821","5295.50","5295.50","5183.40","5224.80","0"
"XAT","20150821","5238.50","5238.50","5122.20","5165.20","0"
"XDJ","20150821","1843.90","1843.90","1799.20","1812.90","0"
"XEC","20150821","993.90","994.00","985.80","989.80","0"
"XEJ","20150821","9223.60","9422.50","8927.60","9169.90","0"
"XFJ","20150821","6137.80","6137.80","5953.90","6014.60","0"
"XFL","20150821","5408.00","5408.00","5284.50","5330.50","0"
"XGD","20150821","2220.30","2343.20","2220.30","2329.80","0"
"XHJ","20150821","18560.10","18560.10","18125.00","18220.00","0"
"XIJ","20150821","700.00","700.10","687.90","697.70","0"
"XJO","20150821","5288.60","5288.60","5171.50","5214.60","0"
"XJR","20150821","2876.10","2929.70","2844.60","2868.80","0"
"XKO","20150821","5232.60","5232.60","5118.60","5160.60","0"
"XMD","20150821","4889.90","4889.90","4766.60","4801.10","0"
"XMJ","20150821","7992.60","8075.60","7895.40","7958.70","0"
"XMM","20150821","2312.70","2356.30","2295.10","2313.00","0"
"XNJ","20150821","4625.80","4625.80","4555.90","4591.10","0"
"XPJ","20150821","1260.10","1260.10","1223.10","1236.40","0"
"XRF","20150821","0.21","0.22","0.20","0.205","381123"
"XRO","20150821","13.77","13.77","13.54","13.70","39906"
"XSJ","20150821","8567.30","8594.40","8490.40","8544.80","0"
"XSO","20150821","1992.00","1999.30","1972.90","1988.50","0"
"XST","20150821","0.004","0.004","0.003","0.003","470000"
"XTD","20150821","0.145","0.145","0.145","0.145","90698"
"XTE","20150821","0.465","0.47","0.425","0.425","131550"
"XTJ","20150821","2169.60","2169.60","2130.80","2150.90","0"
"XTL","20150821","3244.40","3244.40","3160.20","3190.70","0"
"XTO","20150821","4416.10","4416.10","4314.30","4350.90","0"
"XTV","20150821","0.018","0.018","0.017","0.017","1944799"
"XUJ","20150821","6637.80","6637.80","6487.10","6516.40","0"
"XXJ","20150821","7044.20","7044.20","6823.50","6901.20","0"
"YAL","20150821","0.115","0.115","0.115","0.115","94383"
"YBR","20150821","0.46","0.46","0.44","0.44","78216"
"YOW","20150821","1.23","1.25","1.18","1.22","674243"
"YPB","20150821","0.21","0.21","0.185","0.21","116735"
"YRR","20150821","0.01","0.01","0.01","0.01","3311720"
"ZGL","20150821","0.175","0.175","0.175","0.175","10757"
"ZIM","20150821","6.40","6.50","6.40","6.50","11511"
"ZIP","20150821","1.13","1.215","1.13","1.18","420529"
"ZMG","20150821","0.06","0.06","0.06","0.06","10000"
"ZNZ","20150821","5.18","5.18","5.18","5.18","127328"
