"1AG","20170523","0.027","0.027","0.027","0.027","105000"
"1ST","20170523","0.041","0.041","0.04","0.041","235857"
"3DP","20170523","0.026","0.026","0.026","0.026","37100"
"3PL","20170523","1.035","1.06","1.025","1.03","67553"
"4DS","20170523","0.028","0.028","0.026","0.026","288502"
"4WD","20170523","0.375","0.385","0.36","0.36","184573"
"88E","20170523","0.048","0.05","0.048","0.049","11511037"
"88EO","20170523","0.032","0.033","0.031","0.033","2030606"
"8EC","20170523","0.92","0.92","0.92","0.92","8263"
"8IH","20170523","0.48","0.485","0.47","0.47","94000"
"9SP","20170523","0.15","0.15","0.15","0.15","82170"
"A2M","20170523","3.24","3.255","3.215","3.23","1703934"
"A3D","20170523","1.38","1.45","1.37","1.45","54516"
"AAA","20170523","50.15","50.15","50.14","50.15","101315"
"AAC","20170523","1.85","1.885","1.85","1.865","786163"
"AAD","20170523","2.04","2.08","2.04","2.05","1312761"
"AAJ","20170523","0.009","0.009","0.009","0.009","800000"
"AAR","20170523","0.038","0.041","0.038","0.04","476779"
"AAU","20170523","0.015","0.015","0.015","0.015","31100"
"AB1","20170523","0.029","0.029","0.029","0.029","640035"
"ABA","20170523","5.20","5.21","5.20","5.20","3701"
"ABC","20170523","5.68","5.70","5.65","5.66","1426864"
"ABP","20170523","3.47","3.48","3.43","3.47","1721632"
"ABT","20170523","0.35","0.35","0.34","0.34","30001"
"ABU","20170523","0.093","0.093","0.093","0.093","60000"
"ABV","20170523","0.006","0.006","0.006","0.006","1007586"
"ABX","20170523","0.10","0.10","0.097","0.097","212931"
"AC8","20170523","0.54","0.54","0.48","0.495","2393347"
"ACB","20170523","0.055","0.065","0.055","0.065","1163444"
"ACQ","20170523","0.925","0.925","0.92","0.92","2775"
"ACR","20170523","0.26","0.26","0.255","0.255","1031660"
"ACW","20170523","0.076","0.076","0.076","0.076","103204"
"ACX","20170523","4.28","4.61","4.28","4.58","584509"
"AD1","20170523","0.16","0.17","0.16","0.17","31331"
"ADA","20170523","2.44","2.49","2.41","2.45","66725"
"ADH","20170523","0.725","0.725","0.695","0.705","329964"
"ADJ","20170523","0.06","0.061","0.06","0.06","941328"
"ADN","20170523","0.006","0.006","0.006","0.006","32000"
"ADO","20170523","0.029","0.029","0.028","0.028","859033"
"ADR","20170523","0.16","0.16","0.16","0.16","113270"
"ADV","20170523","0.018","0.019","0.017","0.017","10212491"
"ADX","20170523","0.012","0.012","0.012","0.012","150000"
"ADY","20170523","0.007","0.007","0.006","0.006","305432"
"AEB","20170523","0.059","0.059","0.059","0.059","9400"
"AEE","20170523","0.028","0.028","0.028","0.028","93517"
"AEF","20170523","85.49","85.50","85.49","85.50","145"
"AEG","20170523","1.075","1.09","1.06","1.07","269154"
"AEGO","20170523","0.02","0.025","0.02","0.024","273000"
"AEI","20170523","0.28","0.30","0.27","0.30","130618"
"AEV","20170523","0.082","0.082","0.078","0.08","158161"
"AFA","20170523","0.185","0.185","0.16","0.16","9000"
"AFG","20170523","1.38","1.38","1.31","1.31","70413"
"AFI","20170523","5.79","5.83","5.79","5.81","355332"
"AFY","20170523","2.51","2.51","2.48","2.50","189537"
"AGE","20170523","0.012","0.012","0.011","0.011","200000"
"AGG","20170523","3.12","3.15","3.12","3.15","8975"
"AGI","20170523","2.03","2.08","2.02","2.02","359771"
"AGJ","20170523","0.053","0.053","0.053","0.053","721406"
"AGL","20170523","26.88","26.95","26.75","26.92","1530934"
"AGLHA","20170523","104.90","104.95","104.84","104.95","2330"
"AGO","20170523","0.016","0.017","0.015","0.016","56816085"
"AGR","20170523","0.46","0.46","0.46","0.46","168967"
"AGS","20170523","0.091","0.091","0.091","0.091","7714"
"AGY","20170523","0.087","0.087","0.076","0.085","5145514"
"AHF","20170523","0.11","0.11","0.105","0.105","670242"
"AHG","20170523","3.57","3.58","3.49","3.49","1896428"
"AHQ","20170523","0.025","0.025","0.023","0.023","1070834"
"AHX","20170523","1.15","1.15","1.15","1.15","7500"
"AHY","20170523","1.44","1.45","1.405","1.41","2608818"
"AHZ","20170523","0.29","0.29","0.28","0.28","181569"
"AIA","20170523","6.46","6.50","6.43","6.48","49287"
"AIQ","20170523","0.077","0.077","0.077","0.077","6000"
"AIS","20170523","0.04","0.04","0.04","0.04","29265"
"AIV","20170523","0.12","0.125","0.12","0.125","21000"
"AIZ","20170523","2.67","2.72","2.65","2.67","631287"
"AJA","20170523","6.62","6.69","6.56","6.66","356487"
"AJC","20170523","0.005","0.005","0.005","0.005","14775936"
"AJD","20170523","1.66","1.68","1.63","1.675","157579"
"AJL","20170523","0.25","0.27","0.25","0.27","26300"
"AJM","20170523","0.145","0.145","0.135","0.14","1332241"
"AJX","20170523","0.535","0.535","0.52","0.535","540644"
"AKG","20170523","0.14","0.14","0.14","0.14","1665"
"AKM","20170523","0.019","0.019","0.018","0.019","178800"
"AKMO","20170523","0.001","0.001","0.001","0.001","425000"
"AKP","20170523","15.27","15.58","15.12","15.40","2893"
"ALC","20170523","0.06","0.06","0.059","0.059","171302"
"ALF","20170523","1.24","1.245","1.23","1.23","154737"
"ALI","20170523","1.835","1.85","1.825","1.85","69560"
"ALK","20170523","0.255","0.26","0.245","0.245","311599"
"ALL","20170523","20.25","20.55","20.17","20.25","5560529"
"ALQ","20170523","6.02","6.04","5.84","5.85","1584541"
"ALR","20170523","1.15","1.15","1.15","1.15","18500"
"ALT","20170523","0.006","0.006","0.006","0.006","4201491"
"ALTOA","20170523","0.002","0.002","0.002","0.002","500000"
"ALU","20170523","8.53","8.78","8.53","8.75","325466"
"ALUKOB","20170523","2.76","2.76","2.76","2.76","800"
"ALY","20170523","0.016","0.016","0.016","0.016","35000"
"AMA","20170523","1.03","1.06","1.02","1.04","130382"
"AMB","20170523","0.165","0.165","0.165","0.165","1000"
"AMC","20170523","15.22","15.28","15.16","15.21","1971461"
"AMH","20170523","0.895","0.895","0.89","0.89","198563"
"AMI","20170523","0.20","0.20","0.20","0.20","6732"
"AML","20170523","0.185","0.185","0.185","0.185","94344"
"AMN","20170523","0.47","0.47","0.47","0.47","137708"
"AMP","20170523","5.10","5.135","5.07","5.10","7375717"
"AMPBOE","20170523","5.62","5.62","5.62","5.62","1000"
"AMPBOG","20170523","5.14","5.14","5.14","5.14","1000"
"AMPHA","20170523","101.86","102.00","101.75","102.00","3254"
"AMPPA","20170523","106.91","107.35","106.90","107.35","3202"
"ANG","20170523","0.16","0.165","0.16","0.165","498224"
"ANL","20170523","0.039","0.04","0.038","0.038","538400"
"ANLO","20170523","0.002","0.003","0.002","0.003","875000"
"ANN","20170523","24.05","24.19","23.75","23.84","241422"
"ANO","20170523","0.026","0.027","0.026","0.027","1766426"
"ANP","20170523","0.032","0.032","0.032","0.032","109501"
"ANQ","20170523","0.002","0.002","0.002","0.002","236683"
"ANR","20170523","0.81","0.825","0.80","0.80","80786"
"ANW","20170523","0.007","0.008","0.007","0.008","515000"
"ANZ","20170523","28.36","28.62","28.22","28.31","7894389"
"ANZHA","20170523","100.72","100.75","100.72","100.745","3080"
"ANZISM","20170523","0.945","0.945","0.82","0.84","6000"
"ANZISR","20170523","1.565","1.565","1.565","1.565","1320"
"ANZJON","20170523","10.37","10.37","10.37","10.37","3000"
"ANZJOX","20170523","4.50","4.50","4.50","4.50","681"
"ANZKOC","20170523","4.75","4.75","4.74","4.74","21000"
"ANZKOD","20170523","3.00","3.00","2.84","2.84","8500"
"ANZKOI","20170523","2.32","2.59","2.25","2.25","34000"
"ANZKOK","20170523","1.30","1.30","1.30","1.30","8000"
"ANZKOS","20170523","3.22","3.22","3.22","3.22","500"
"ANZLOV","20170523","6.00","6.00","5.93","5.94","7000"
"ANZPC","20170523","101.50","101.55","101.45","101.46","14201"
"ANZPD","20170523","101.35","101.67","101.20","101.36","5674"
"ANZPE","20170523","99.90","100.25","99.75","100.25","17832"
"ANZPF","20170523","100.72","100.90","100.60","100.68","10480"
"ANZPG","20170523","106.43","106.43","106.05","106.39","5985"
"ANZSWR","20170523","13.71","13.71","13.71","13.71","545"
"AOA","20170523","0.004","0.004","0.004","0.004","234284"
"AOF","20170523","2.12","2.12","2.11","2.11","56421"
"AOG","20170523","3.31","3.34","3.30","3.31","694859"
"AOH","20170523","0.14","0.14","0.14","0.14","203000"
"AOK","20170523","0.021","0.021","0.019","0.02","593194"
"AON","20170523","0.195","0.20","0.195","0.195","101989"
"AOP","20170523","0.068","0.068","0.06","0.06","450930"
"AOU","20170523","0.19","0.19","0.19","0.19","80123"
"APA","20170523","9.39","9.50","9.38","9.46","2617233"
"APC","20170523","0.115","0.115","0.115","0.115","100000"
"APD","20170523","0.385","0.39","0.38","0.38","64525"
"APE","20170523","7.97","7.99","7.90","7.98","37173"
"APG","20170523","0.007","0.007","0.007","0.007","938642"
"API","20170523","2.04","2.06","2.02","2.04","1151301"
"APL","20170523","1.21","1.22","1.205","1.21","606072"
"APLO","20170523","0.11","0.11","0.105","0.105","216363"
"APO","20170523","4.71","4.90","4.57","4.61","5231567"
"APOKOB","20170523","1.02","1.02","1.02","1.02","15000"
"APOKOP","20170523","3.10","3.10","3.10","3.10","325"
"APX","20170523","3.40","3.58","3.40","3.58","356860"
"APY","20170523","0.012","0.012","0.012","0.012","1534000"
"APZ","20170523","1.075","1.075","1.05","1.06","50505"
"AQG","20170523","2.16","2.17","2.11","2.12","108524"
"AQHHA","20170523","102.71","103.50","102.71","103.50","3397"
"AQI","20170523","0.20","0.20","0.165","0.20","38886"
"AQQ","20170523","0.024","0.024","0.022","0.022","1258958"
"AQX","20170523","0.045","0.046","0.045","0.046","730203"
"AQZ","20170523","0.90","0.91","0.89","0.91","86464"
"ARA","20170523","0.74","0.75","0.74","0.75","86009"
"ARB","20170523","16.43","16.60","16.36","16.38","123721"
"ARD","20170523","0.031","0.032","0.031","0.032","430231"
"ARDO","20170523","0.009","0.009","0.009","0.009","100000"
"ARF","20170523","2.18","2.20","2.16","2.20","89099"
"ARG","20170523","7.64","7.66","7.62","7.64","153271"
"ARL","20170523","0.575","0.595","0.555","0.555","36862"
"ARM","20170523","0.045","0.045","0.045","0.045","6000"
"ARU","20170523","0.055","0.057","0.055","0.055","593494"
"ARV","20170523","0.074","0.075","0.072","0.074","309419"
"ARVO","20170523","0.05","0.05","0.05","0.05","200000"
"ARX","20170523","0.525","0.525","0.525","0.525","542"
"ASB","20170523","1.785","1.795","1.77","1.79","61902"
"ASG","20170523","2.02","2.09","2.00","2.00","110243"
"ASH","20170523","0.065","0.065","0.065","0.065","7500"
"ASL","20170523","1.37","1.42","1.37","1.42","342901"
"ASN","20170523","0.025","0.025","0.025","0.025","81900"
"ASNOA","20170523","0.002","0.003","0.002","0.003","300012"
"AST","20170523","1.765","1.77","1.76","1.77","4499049"
"ASW","20170523","0.83","0.83","0.82","0.82","15000"
"ASX","20170523","51.94","51.99","51.60","51.67","233074"
"ATC","20170523","0.125","0.13","0.125","0.13","44556"
"ATL","20170523","1.35","1.36","1.33","1.335","163091"
"ATR","20170523","0.175","0.175","0.175","0.175","400000"
"ATS","20170523","0.235","0.235","0.23","0.23","256014"
"ATU","20170523","0.235","0.235","0.235","0.235","6987"
"AU1","20170523","0.028","0.029","0.027","0.028","2091965"
"AUB","20170523","13.08","13.08","12.66","13.00","11165"
"AUC","20170523","0.025","0.025","0.025","0.025","20002"
"AUF","20170523","1.30","1.30","1.30","1.30","50000"
"AUI","20170523","8.25","8.26","8.24","8.26","37919"
"AUMF","20170523","26.72","26.75","26.72","26.75","3787"
"AUQ","20170523","0.014","0.014","0.014","0.014","308157"
"AUR","20170523","0.067","0.068","0.067","0.068","228500"
"AUST","20170523","15.70","15.70","15.70","15.70","850"
"AUZ","20170523","0.012","0.012","0.012","0.012","2904322"
"AVB","20170523","0.10","0.105","0.10","0.10","798497"
"AVG","20170523","0.50","0.51","0.495","0.505","555057"
"AVH","20170523","0.089","0.09","0.086","0.086","700906"
"AVI","20170523","0.014","0.014","0.014","0.014","576087"
"AVJ","20170523","0.615","0.64","0.615","0.635","265345"
"AVL","20170523","0.017","0.017","0.016","0.016","7502128"
"AVN","20170523","2.50","2.50","2.45","2.48","89952"
"AVQ","20170523","0.125","0.125","0.12","0.125","701718"
"AVZ","20170523","0.029","0.034","0.029","0.029","34311705"
"AWC","20170523","1.90","1.93","1.872","1.89","13289505"
"AWCKOL","20170523","1.18","1.18","1.18","1.18","3200"
"AWE","20170523","0.455","0.47","0.455","0.46","1889001"
"AWN","20170523","0.53","0.55","0.505","0.52","6950"
"AWQ","20170523","0.89","0.89","0.875","0.875","52450"
"AWV","20170523","0.12","0.12","0.12","0.12","63000"
"AXE","20170523","0.055","0.055","0.054","0.054","354852"
"AXL","20170523","1.40","1.42","1.40","1.42","45936"
"AXP","20170523","0.82","0.83","0.815","0.83","35625"
"AXT","20170523","0.024","0.024","0.024","0.024","100000"
"AYD","20170523","8.58","8.58","8.58","8.58","1000"
"AYF","20170523","6.05","6.05","6.03","6.03","6609"
"AYH","20170523","1.52","1.52","1.52","1.52","1000"
"AYJ","20170523","55.00","55.00","55.00","55.00","364"
"AYR","20170523","0.005","0.006","0.005","0.005","1701636"
"AYS","20170523","1.89","1.927","1.88","1.90","2798525"
"AYUHB","20170523","104.26","104.50","104.26","104.50","142"
"AYZ","20170523","75.00","75.00","75.00","75.00","640"
"AZJ","20170523","5.48","5.48","5.44","5.47","1598912"
"AZS","20170523","0.013","0.013","0.013","0.013","2153999"
"AZY","20170523","0.017","0.017","0.017","0.017","39842"
"BAF","20170523","1.15","1.15","1.14","1.14","256640"
"BAL","20170523","5.73","5.87","5.56","5.63","1132899"
"BAP","20170523","5.39","5.62","5.38","5.56","2307470"
"BAR","20170523","0.05","0.052","0.05","0.05","263181"
"BAS","20170523","0.002","0.002","0.002","0.002","250000"
"BAT","20170523","0.06","0.061","0.06","0.06","1039254"
"BAU","20170523","0.065","0.065","0.063","0.064","374542"
"BBG","20170523","0.97","0.98","0.94","0.94","231845"
"BBN","20170523","1.74","1.825","1.735","1.79","415334"
"BBOZ","20170523","17.38","17.54","17.28","17.51","97355"
"BBUS","20170523","7.29","7.29","7.27","7.28","59223"
"BBX","20170523","0.084","0.084","0.084","0.084","38095"
"BCI","20170523","0.145","0.145","0.14","0.14","1225722"
"BCK","20170523","0.025","0.025","0.025","0.025","1"
"BCL","20170523","0.475","0.475","0.42","0.42","21636"
"BCN","20170523","0.023","0.023","0.022","0.023","1224348"
"BD1","20170523","0.014","0.014","0.013","0.013","1188942"
"BDA","20170523","0.20","0.21","0.19","0.19","221977"
"BDR","20170523","0.24","0.245","0.24","0.245","4362161"
"BEAR","20170523","14.84","14.87","14.83","14.87","43142"
"BEE","20170523","0.26","0.26","0.26","0.26","14401"
"BEN","20170523","11.77","11.835","11.59","11.64","2053198"
"BENIOA","20170523","6.28","6.28","6.28","6.28","8000"
"BENJOA","20170523","2.15","2.15","2.15","2.15","125"
"BENJON","20170523","3.50","3.50","3.44","3.44","5750"
"BENKOA","20170523","1.55","1.55","1.48","1.535","3460"
"BENKOQ","20170523","2.83","2.83","2.83","2.83","4000"
"BENPD","20170523","104.60","104.80","104.01","104.50","10195"
"BENPE","20170523","101.00","101.00","100.00","100.00","8547"
"BENPF","20170523","103.50","103.80","103.00","103.01","7714"
"BFC","20170523","0.21","0.22","0.205","0.205","164251"
"BFG","20170523","0.67","0.68","0.67","0.68","172718"
"BGA","20170523","6.15","6.23","6.15","6.20","163127"
"BGH","20170523","0.037","0.037","0.037","0.037","1329495"
"BHD","20170523","1.13","1.13","1.08","1.08","97881"
"BHDO","20170523","0.28","0.28","0.245","0.25","73181"
"BHP","20170523","24.56","24.69","24.24","24.34","6654585"
"BHPKOE","20170523","3.68","3.68","3.55","3.55","3333"
"BHPKOH","20170523","5.86","5.86","5.86","5.86","2000"
"BHPLON","20170523","2.37","2.37","2.15","2.25","29600"
"BHPLOY","20170523","2.07","2.07","2.07","2.07","6000"
"BHPSWW","20170523","17.94","17.94","17.94","17.94","102"
"BHPWOA","20170523","0.33","0.33","0.33","0.33","2500"
"BHPXOF","20170523","1.43","1.43","1.40","1.40","8000"
"BIG","20170523","0.715","0.715","0.68","0.69","411409"
"BIGO","20170523","0.43","0.43","0.43","0.43","27000"
"BIN","20170523","1.765","1.765","1.73","1.75","868758"
"BIQ","20170523","0.05","0.05","0.05","0.05","59092"
"BIS","20170523","0.41","0.41","0.41","0.41","17520"
"BIT","20170523","0.032","0.033","0.032","0.033","119440"
"BKI","20170523","1.61","1.615","1.58","1.59","739404"
"BKL","20170523","105.20","108.50","105.19","106.24","34930"
"BKP","20170523","0.001","0.001","0.001","0.001","727242"
"BKT","20170523","0.071","0.072","0.071","0.072","170029"
"BKW","20170523","14.70","14.82","13.73","14.11","651282"
"BKY","20170523","0.81","0.815","0.79","0.815","157563"
"BLA","20170523","7.84","8.07","7.84","7.93","54477"
"BLD","20170523","6.72","6.72","6.62","6.71","3729606"
"BLDKOP","20170523","1.295","1.295","1.295","1.295","7000"
"BLDSWR","20170523","4.68","4.68","4.68","4.68","550"
"BLG","20170523","0.255","0.265","0.255","0.26","174691"
"BLK","20170523","0.32","0.32","0.275","0.275","5163024"
"BLT","20170523","0.155","0.155","0.145","0.145","46926"
"BLX","20170523","1.48","1.50","1.455","1.47","16168"
"BLY","20170523","0.037","0.038","0.036","0.036","530922"
"BLZ","20170523","0.033","0.033","0.033","0.033","70000"
"BMG","20170523","0.011","0.011","0.011","0.011","1185604"
"BMN","20170523","0.038","0.041","0.038","0.041","719943"
"BMP","20170523","0.20","0.20","0.19","0.20","77969"
"BMT","20170523","0.195","0.20","0.175","0.175","224651"
"BNKS","20170523","6.70","6.71","6.70","6.71","14847"
"BNO","20170523","0.365","0.37","0.355","0.355","101281"
"BNR","20170523","0.035","0.035","0.034","0.034","200000"
"BOA","20170523","0.14","0.14","0.14","0.14","50000"
"BOC","20170523","0.30","0.30","0.30","0.30","59975"
"BOE","20170523","0.057","0.059","0.055","0.057","3231328"
"BOL","20170523","0.105","0.105","0.105","0.105","30000"
"BOND","20170523","25.96","25.96","25.96","25.96","773"
"BOQ","20170523","11.62","11.68","11.33","11.37","2662437"
"BOQIOV","20170523","4.77","4.77","4.67","4.67","15000"
"BOQJON","20170523","3.11","3.11","2.85","2.85","5265"
"BOQKOC","20170523","1.61","1.61","1.61","1.61","10000"
"BOQPD","20170523","103.60","103.70","103.39","103.70","5304"
"BOQSWV","20170523","1.61","1.61","1.61","1.61","680"
"BOT","20170523","0.05","0.05","0.048","0.049","1075765"
"BPF","20170523","0.083","0.086","0.083","0.086","9000"
"BPH","20170523","0.003","0.003","0.003","0.003","200000"
"BPL","20170523","0.034","0.034","0.032","0.032","316942"
"BPS","20170523","0.87","0.90","0.87","0.87","49972"
"BPT","20170523","0.665","0.67","0.655","0.66","3391559"
"BRB","20170523","0.61","0.665","0.61","0.665","93694"
"BRBCA","20170523","0.37","0.39","0.37","0.39","155000"
"BRC","20170523","0.06","0.075","0.06","0.07","364522"
"BRG","20170523","10.20","10.28","10.17","10.20","715532"
"BRI","20170523","1.70","1.74","1.70","1.74","86692"
"BRK","20170523","0.01","0.01","0.01","0.01","300000"
"BRL","20170523","0.081","0.096","0.081","0.094","3552610"
"BRN","20170523","0.21","0.21","0.205","0.21","170678"
"BRU","20170523","0.16","0.165","0.16","0.165","314336"
"BSA","20170523","0.34","0.34","0.34","0.34","90000"
"BSE","20170523","0.29","0.305","0.29","0.305","351365"
"BSL","20170523","12.08","12.14","11.88","11.93","2966010"
"BSM","20170523","0.011","0.011","0.011","0.011","1262403"
"BST","20170523","0.865","0.895","0.865","0.895","30184"
"BSX","20170523","0.19","0.19","0.19","0.19","6000"
"BTC","20170523","0.13","0.13","0.13","0.13","39350"
"BTI","20170523","0.915","0.915","0.915","0.915","13570"
"BTT","20170523","12.06","12.17","11.99","12.10","513752"
"BUB","20170523","0.145","0.15","0.14","0.145","144935"
"BUD","20170523","0.063","0.065","0.062","0.063","845791"
"BUL","20170523","0.056","0.057","0.056","0.056","409355"
"BUX","20170523","0.245","0.245","0.232","0.235","758146"
"BUY","20170523","0.007","0.007","0.007","0.007","324060"
"BVS","20170523","1.385","1.40","1.385","1.387","162338"
"BWP","20170523","2.95","2.97","2.93","2.94","856356"
"BWR","20170523","1.26","1.26","1.26","1.26","293635"
"BWX","20170523","5.38","5.43","5.32","5.34","110017"
"BXB","20170523","10.28","10.36","10.24","10.28","3028779"
"BXBSWR","20170523","4.89","4.89","4.89","4.89","469"
"BXBSWT","20170523","6.12","6.12","6.12","6.12","600"
"BXN","20170523","0.015","0.015","0.015","0.015","3092000"
"BYE","20170523","0.10","0.10","0.10","0.10","100000"
"BYI","20170523","0.90","0.90","0.90","0.90","750"
"CA8","20170523","0.12","0.12","0.12","0.12","30000"
"CAA","20170523","0.13","0.135","0.125","0.135","1237434"
"CAB","20170523","2.61","2.65","2.59","2.60","79499"
"CAD","20170523","0.004","0.004","0.003","0.004","3195262"
"CADO","20170523","0.001","0.001","0.001","0.001","12000000"
"CAF","20170523","0.655","0.655","0.615","0.65","68789"
"CAJ","20170523","0.18","0.18","0.175","0.175","1021337"
"CAM","20170523","0.865","0.87","0.86","0.86","106957"
"CAN","20170523","0.55","0.55","0.505","0.52","348881"
"CAP","20170523","0.055","0.055","0.051","0.051","77500"
"CAR","20170523","11.53","11.67","11.50","11.63","700660"
"CAS","20170523","0.12","0.12","0.12","0.12","225316"
"CAT","20170523","1.85","1.855","1.78","1.815","565993"
"CAV","20170523","0.012","0.012","0.011","0.011","1218230"
"CAY","20170523","0.075","0.075","0.075","0.075","314577"
"CBA","20170523","81.29","81.84","80.80","80.94","1957715"
"CBAISF","20170523","4.00","4.00","4.00","4.00","1000"
"CBAIWH","20170523","30.46","30.48","30.42","30.44","12000"
"CBAKOC","20170523","6.46","6.46","5.48","5.48","9700"
"CBALOJ","20170523","6.32","6.37","5.60","5.64","8304"
"CBALOM","20170523","11.46","11.46","10.71","10.92","909"
"CBALOP","20170523","6.00","6.80","6.00","6.80","11301"
"CBALOW","20170523","4.50","4.72","4.50","4.72","700"
"CBAPC","20170523","103.70","104.19","103.70","103.85","12293"
"CBAPD","20170523","97.04","97.69","97.00","97.20","26919"
"CBAPE","20170523","107.601","108.00","107.571","108.00","9113"
"CBAPF","20170523","102.60","102.75","102.60","102.75","34399"
"CBASOH","20170523","32.40","32.40","32.18","32.18","200"
"CBASWR","20170523","39.43","39.43","39.43","39.43","105"
"CBAXOF","20170523","1.96","1.96","1.875","1.875","5000"
"CBC","20170523","0.92","0.93","0.92","0.93","41186"
"CBL","20170523","3.11","3.15","3.10","3.10","3664"
"CCA","20170523","0.76","0.76","0.73","0.76","133826"
"CCE","20170523","0.06","0.061","0.059","0.059","490020"
"CCL","20170523","9.33","9.45","9.30","9.36","2037443"
"CCP","20170523","18.31","18.53","18.15","18.33","81776"
"CCV","20170523","0.27","0.275","0.255","0.275","388648"
"CDA","20170523","2.42","2.45","2.42","2.43","106202"
"CDD","20170523","1.33","1.38","1.32","1.355","201958"
"CDM","20170523","1.205","1.22","1.205","1.21","216707"
"CDP","20170523","8.10","8.10","8.04","8.04","1358"
"CDU","20170523","0.32","0.34","0.32","0.34","192809"
"CDV","20170523","0.53","0.55","0.53","0.55","314980"
"CDY","20170523","0.026","0.026","0.026","0.026","130000"
"CEL","20170523","0.029","0.029","0.029","0.029","860258"
"CETF","20170523","51.55","51.55","51.50","51.50","290"
"CFE","20170523","0.028","0.029","0.028","0.029","843836"
"CFO","20170523","0.33","0.39","0.33","0.38","216065"
"CGA","20170523","1.26","1.26","1.25","1.25","25323"
"CGC","20170523","4.32","4.39","4.32","4.37","505901"
"CGF","20170523","12.88","12.94","12.785","12.84","1322429"
"CGFKOP","20170523","2.04","2.04","2.04","2.04","1500"
"CGFPA","20170523","100.18","100.50","100.00","100.50","3885"
"CGFPB","20170523","103.90","104.50","103.50","104.50","11516"
"CGL","20170523","4.75","4.75","4.63","4.63","4100"
"CGM","20170523","0.007","0.007","0.007","0.007","6743700"
"CGN","20170523","0.023","0.023","0.023","0.023","7000"
"CGR","20170523","0.27","0.27","0.27","0.27","97500"
"CGS","20170523","0.89","1.07","0.89","1.025","419476"
"CHC","20170523","5.74","5.79","5.71","5.76","1459828"
"CHK","20170523","0.015","0.016","0.015","0.016","1665005"
"CHKO","20170523","0.007","0.007","0.006","0.006","700000"
"CHN","20170523","0.165","0.17","0.165","0.17","555187"
"CHP","20170523","0.023","0.023","0.02","0.021","4255284"
"CIA","20170523","0.91","0.91","0.90","0.90","4539"
"CIE","20170523","0.97","0.98","0.96","0.98","142149"
"CII","20170523","1.65","1.65","1.65","1.65","4184"
"CIM","20170523","40.05","40.27","39.93","40.06","270667"
"CIN","20170523","31.67","32.14","31.65","32.10","2720"
"CIO","20170523","0.025","0.025","0.025","0.025","1545800"
"CIP","20170523","2.50","2.50","2.47","2.47","170638"
"CIW","20170523","0.49","0.50","0.49","0.50","13000"
"CKF","20170523","5.28","5.29","5.21","5.25","539177"
"CL1","20170523","3.06","3.10","3.06","3.06","118929"
"CL8","20170523","0.044","0.044","0.041","0.041","2944461"
"CLA","20170523","0.038","0.038","0.036","0.036","2945267"
"CLH","20170523","1.27","1.27","1.26","1.265","118408"
"CLQ","20170523","0.69","0.69","0.66","0.67","702099"
"CLV","20170523","0.455","0.46","0.455","0.46","31132"
"CLW","20170523","4.03","4.06","4.03","4.03","317793"
"CLX","20170523","0.77","0.77","0.75","0.75","5204"
"CLY","20170523","0.002","0.002","0.002","0.002","300000"
"CLZ","20170523","0.009","0.009","0.009","0.009","125000"
"CM8","20170523","0.13","0.13","0.13","0.13","10500"
"CMA","20170523","2.40","2.40","2.39","2.40","34355"
"CMC","20170523","0.014","0.014","0.014","0.014","52390"
"CMI","20170523","1.05","1.06","1.05","1.05","18590"
"CMM","20170523","0.09","0.094","0.09","0.094","109306"
"CMP","20170523","0.385","0.385","0.38","0.38","66184"
"CMW","20170523","0.96","0.965","0.955","0.955","1860168"
"CMY","20170523","0.013","0.014","0.012","0.012","7380171"
"CND","20170523","0.089","0.094","0.089","0.094","200000"
"CNI","20170523","1.205","1.215","1.20","1.205","410096"
"CNJ","20170523","0.039","0.039","0.036","0.036","305000"
"CNQ","20170523","0.008","0.008","0.008","0.008","100000"
"CNU","20170523","4.14","4.21","4.14","4.19","517223"
"CNW","20170523","0.02","0.021","0.019","0.019","579174"
"COB","20170523","0.20","0.21","0.20","0.21","188971"
"COBO","20170523","0.045","0.045","0.045","0.045","1776"
"COE","20170523","0.365","0.395","0.365","0.385","4284526"
"COG","20170523","0.12","0.125","0.12","0.12","306818"
"COH","20170523","142.00","143.665","141.14","142.90","148448"
"COHKOF","20170523","23.53","23.53","23.53","23.53","100"
"COI","20170523","0.15","0.15","0.145","0.145","388200"
"COO","20170523","0.038","0.038","0.038","0.038","6724"
"COY","20170523","0.022","0.022","0.022","0.022","235230"
"CPH","20170523","0.425","0.45","0.41","0.41","679116"
"CPU","20170523","14.60","14.74","14.59","14.70","1662021"
"CQR","20170523","4.33","4.36","4.31","4.33","643851"
"CR8","20170523","0.035","0.035","0.034","0.035","1394185"
"CRB","20170523","0.082","0.082","0.077","0.077","250000"
"CRL","20170523","0.054","0.055","0.054","0.055","483500"
"CRM","20170523","0.115","0.115","0.115","0.115","3000"
"CSE","20170523","0.20","0.20","0.195","0.195","114752"
"CSL","20170523","130.27","131.81","130.03","131.10","497949"
"CSLKOB","20170523","16.70","16.70","16.70","16.70","1500"
"CSLKOC","20170523","19.25","19.95","19.25","19.95","400"
"CSLKOE","20170523","26.90","26.90","26.90","26.90","350"
"CSLKOQ","20170523","17.20","17.21","16.90","17.21","2800"
"CSLKOU","20170523","25.72","25.86","25.72","25.86","500"
"CSLSWR","20170523","84.61","84.61","84.61","84.61","26"
"CSR","20170523","4.24","4.26","4.18","4.19","4182248"
"CSRKOA","20170523","0.485","0.485","0.485","0.485","9000"
"CSS","20170523","0.04","0.04","0.037","0.037","1687049"
"CSV","20170523","0.455","0.46","0.45","0.455","156090"
"CT1","20170523","0.017","0.02","0.017","0.02","923901"
"CTD","20170523","21.80","22.10","21.75","21.95","178183"
"CTL","20170523","0.015","0.016","0.015","0.016","290749"
"CTLO","20170523","0.005","0.005","0.004","0.004","876419"
"CTM","20170523","0.009","0.009","0.009","0.009","250000"
"CTMOA","20170523","0.004","0.004","0.004","0.004","399854"
"CTN","20170523","0.91","0.91","0.895","0.90","97762"
"CTO","20170523","0.009","0.01","0.009","0.01","318568"
"CTP","20170523","0.18","0.18","0.18","0.18","227823"
"CTX","20170523","32.37","32.88","32.365","32.62","741249"
"CTXHA","20170523","102.199","102.301","102.00","102.00","1128"
"CUA","20170523","2.32","2.32","2.32","2.32","238"
"CUL","20170523","0.002","0.002","0.002","0.002","74145"
"CUP","20170523","0.62","0.62","0.60","0.605","107995"
"CUV","20170523","7.01","7.10","6.93","7.03","24099"
"CUX","20170523","0.006","0.006","0.006","0.006","100000"
"CV1","20170523","0.11","0.12","0.11","0.115","50663"
"CVN","20170523","0.083","0.084","0.083","0.083","310887"
"CVS","20170523","0.012","0.012","0.012","0.012","55000"
"CVT","20170523","0.029","0.029","0.026","0.026","220750"
"CVW","20170523","1.42","1.42","1.41","1.41","37142"
"CWN","20170523","12.70","12.91","12.67","12.85","2077816"
"CWNHA","20170523","103.80","103.80","103.281","103.50","996"
"CWNHB","20170523","97.09","97.50","96.65","97.50","131919"
"CWP","20170523","5.39","5.39","5.26","5.30","24963"
"CWY","20170523","1.27","1.287","1.255","1.255","2284367"
"CXO","20170523","0.073","0.074","0.071","0.074","829857"
"CXOOA","20170523","0.025","0.025","0.024","0.024","50000"
"CXZ","20170523","0.055","0.058","0.055","0.058","137632"
"CYA","20170523","0.97","0.97","0.955","0.96","132902"
"CYB","20170523","4.72","4.76","4.65","4.69","2185308"
"CYC","20170523","0.88","0.88","0.86","0.86","3707"
"CYG","20170523","0.65","0.65","0.58","0.58","26627"
"CYL","20170523","0.47","0.475","0.47","0.47","43724"
"CYLO","20170523","0.052","0.052","0.052","0.052","7032"
"CYP","20170523","0.52","0.55","0.52","0.55","293103"
"CYU","20170523","0.006","0.009","0.006","0.009","209768"
"CZI","20170523","0.063","0.063","0.063","0.063","66593"
"CZL","20170523","0.02","0.02","0.018","0.018","1841999"
"CZN","20170523","0.019","0.019","0.018","0.018","580193"
"CZZ","20170523","14.25","14.35","14.19","14.20","6124"
"D13","20170523","0.14","0.155","0.14","0.15","1203134"
"D2O","20170523","1.04","1.04","1.04","1.04","19000"
"D2OO","20170523","0.019","0.019","0.019","0.019","25000"
"DAU","20170523","0.033","0.033","0.033","0.033","4388"
"DAV","20170523","0.09","0.095","0.085","0.095","200000"
"DCC","20170523","0.024","0.024","0.023","0.024","1178899"
"DCG","20170523","0.925","0.942","0.925","0.93","169632"
"DCL","20170523","0.125","0.125","0.125","0.125","11000"
"DCN","20170523","1.93","1.97","1.91","1.94","793561"
"DDD","20170523","0.005","0.005","0.005","0.005","200000"
"DDR","20170523","2.45","2.45","2.44","2.44","57125"
"DDT","20170523","0.006","0.006","0.006","0.006","642593"
"DEG","20170523","0.053","0.053","0.053","0.053","74890"
"DEM","20170523","0.305","0.305","0.305","0.305","5000"
"DFM","20170523","0.905","0.91","0.90","0.90","90316"
"DGO","20170523","0.34","0.34","0.34","0.34","160"
"DGR","20170523","0.13","0.13","0.13","0.13","23000"
"DHR","20170523","0.006","0.006","0.006","0.006","375000"
"DJRE","20170523","21.17","21.17","21.11","21.12","7157"
"DJW","20170523","3.65","3.72","3.65","3.69","125717"
"DKM","20170523","0.20","0.21","0.195","0.20","197041"
"DKO","20170523","0.054","0.056","0.054","0.054","801186"
"DLX","20170523","7.10","7.13","7.03","7.10","2638296"
"DMP","20170523","61.03","62.875","61.03","61.98","165039"
"DNA","20170523","0.525","0.535","0.515","0.515","389371"
"DNK","20170523","0.70","0.70","0.68","0.69","181984"
"DOW","20170523","6.32","6.41","6.32","6.39","6532828"
"DRG","20170523","0.058","0.065","0.056","0.056","1197884"
"DRM","20170523","0.31","0.315","0.305","0.315","174420"
"DRO","20170523","0.325","0.325","0.32","0.325","54450"
"DRUG","20170523","5.18","5.18","5.18","5.18","5406"
"DRX","20170523","0.008","0.008","0.008","0.008","113333"
"DSE","20170523","0.062","0.062","0.062","0.062","3374"
"DSX","20170523","0.051","0.051","0.051","0.051","100000"
"DTI","20170523","0.19","0.19","0.19","0.19","80651"
"DTL","20170523","1.68","1.695","1.675","1.675","61099"
"DTS","20170523","0.22","0.23","0.22","0.22","112000"
"DTX","20170523","0.22","0.22","0.22","0.22","25000"
"DTZ","20170523","0.175","0.175","0.165","0.175","42392"
"DUB","20170523","0.175","0.20","0.17","0.20","349709"
"DUI","20170523","3.77","3.77","3.76","3.77","43941"
"DVL","20170523","0.33","0.33","0.33","0.33","2049"
"DW8","20170523","0.015","0.015","0.014","0.014","169679"
"DWS","20170523","1.68","1.78","1.68","1.78","467800"
"DXB","20170523","0.01","0.01","0.007","0.007","15821634"
"DXF","20170523","0.105","0.105","0.10","0.10","11000"
"DXS","20170523","10.15","10.175","10.07","10.14","2483813"
"DYE","20170523","0.225","0.225","0.21","0.21","155947"
"DYL","20170523","0.25","0.26","0.25","0.26","60370"
"E2M","20170523","0.13","0.13","0.125","0.125","179500"
"EAI","20170523","0.92","0.92","0.90","0.905","391747"
"EAIO","20170523","0.033","0.033","0.033","0.033","174608"
"EAR","20170523","0.14","0.14","0.135","0.14","169965"
"ECG","20170523","0.065","0.065","0.06","0.06","81947"
"ECX","20170523","3.67","3.72","3.63","3.68","793916"
"EDE","20170523","0.22","0.225","0.215","0.22","735397"
"EEG","20170523","0.009","0.009","0.008","0.008","6675000"
"EEU","20170523","14.66","14.67","14.63","14.63","7148"
"EGA","20170523","0.25","0.255","0.25","0.255","66290"
"EGG","20170523","1.23","1.23","1.23","1.23","1500"
"EGH","20170523","0.38","0.38","0.38","0.38","2036923"
"EGI","20170523","0.975","0.98","0.97","0.97","305800"
"EGIO","20170523","0.03","0.03","0.028","0.028","100000"
"EGO","20170523","0.16","0.16","0.16","0.16","7500"
"EGS","20170523","0.345","0.35","0.335","0.35","221432"
"EHE","20170523","3.05","3.09","3.04","3.08","716592"
"EHL","20170523","0.074","0.084","0.074","0.084","4375831"
"ELD","20170523","4.86","4.96","4.85","4.89","576439"
"ELK","20170523","0.064","0.064","0.062","0.064","1100000"
"ELX","20170523","1.07","1.105","1.04","1.06","21776"
"EMC","20170523","0.86","0.90","0.847","0.87","911453"
"EMF","20170523","2.00","2.00","2.00","2.00","20000"
"EMG","20170523","0.007","0.007","0.007","0.007","15000"
"EMH","20170523","1.05","1.05","1.00","1.03","133843"
"EML","20170523","1.635","1.66","1.61","1.65","76337"
"EMR","20170523","0.042","0.042","0.041","0.042","500423"
"EMU","20170523","0.085","0.085","0.084","0.084","97000"
"EMX","20170523","0.017","0.017","0.017","0.017","366862"
"ENA","20170523","0.14","0.14","0.14","0.14","10000"
"ENB","20170523","0.008","0.008","0.008","0.008","1440000"
"ENC","20170523","0.34","0.34","0.34","0.34","15000"
"ENN","20170523","2.15","2.15","2.14","2.15","25085"
"ENR","20170523","0.10","0.10","0.10","0.10","245751"
"ENT","20170523","0.033","0.034","0.031","0.031","892922"
"EOS","20170523","3.13","3.17","3.09","3.15","23349"
"EPD","20170523","0.46","0.47","0.45","0.46","35491"
"EPM","20170523","0.006","0.006","0.006","0.006","100000"
"EPT","20170523","0.026","0.026","0.024","0.025","518421"
"EPW","20170523","1.20","1.23","1.185","1.225","463032"
"EQE","20170523","0.018","0.018","0.018","0.018","3233333"
"EQT","20170523","17.68","17.68","17.45","17.60","8172"
"EQU","20170523","0.105","0.105","0.099","0.10","1085000"
"EQX","20170523","0.47","0.475","0.47","0.475","106005"
"ERA","20170523","0.545","0.545","0.53","0.54","56015"
"ERF","20170523","1.32","1.32","1.32","1.32","34000"
"ERL","20170523","0.023","0.023","0.023","0.023","953962"
"ERM","20170523","0.089","0.09","0.089","0.09","7894"
"ESE","20170523","0.305","0.305","0.295","0.30","79286"
"ESH","20170523","0.019","0.019","0.019","0.019","31580"
"ESI","20170523","0.014","0.014","0.013","0.014","5758762"
"ESIOA","20170523","0.004","0.004","0.004","0.004","1250000"
"ESIOB","20170523","0.002","0.002","0.002","0.002","7176628"
"ESR","20170523","0.025","0.025","0.025","0.025","195477"
"ESTX","20170523","63.81","63.81","63.71","63.71","856"
"ESV","20170523","0.09","0.09","0.09","0.09","120360"
"ETE","20170523","0.023","0.023","0.022","0.022","350000"
"ETF","20170523","20.58","21.00","20.56","20.56","62533"
"ETHI","20170523","6.63","6.63","6.61","6.61","11710"
"ETPMAG","20170523","22.00","22.10","21.89","21.91","12707"
"ETPMPM","20170523","123.44","123.44","123.44","123.44","16"
"ETPMPT","20170523","121.49","121.49","121.49","121.49","16"
"EUR","20170523","0.048","0.048","0.047","0.048","499185"
"EVE","20170523","0.007","0.008","0.006","0.006","33337158"
"EVN","20170523","2.39","2.48","2.38","2.48","15192038"
"EVNJOM","20170523","1.08","1.08","1.08","1.08","25000"
"EVNKOB","20170523","1.29","1.29","1.29","1.29","18000"
"EVS","20170523","0.069","0.07","0.069","0.07","1278084"
"EVT","20170523","13.45","13.45","13.05","13.19","54226"
"EVZ","20170523","0.009","0.01","0.009","0.01","64256"
"EWC","20170523","0.405","0.415","0.38","0.38","440114"
"EX20","20170523","15.98","15.98","15.97","15.98","17141"
"EXC","20170523","0.039","0.039","0.039","0.039","97816"
"EXG","20170523","0.042","0.042","0.042","0.042","43207"
"EXR","20170523","0.036","0.036","0.034","0.034","531559"
"EXU","20170523","0.11","0.115","0.11","0.115","410545"
"EYM","20170523","0.022","0.022","0.021","0.021","272802"
"EZL","20170523","1.07","1.07","1.07","1.07","7360"
"FAR","20170523","0.083","0.083","0.081","0.081","4611048"
"FBR","20170523","0.105","0.105","0.10","0.105","777709"
"FBU","20170523","7.61","7.69","7.54","7.57","784840"
"FCR","20170523","0.001","0.001","0.001","0.001","2500000"
"FCT","20170523","0.35","0.35","0.35","0.35","34190"
"FDM","20170523","0.11","0.11","0.105","0.11","810190"
"FEL","20170523","0.023","0.023","0.022","0.022","780000"
"FET","20170523","2.85","2.90","2.83","2.84","54604"
"FFC","20170523","0.155","0.155","0.155","0.155","5000"
"FFT","20170523","0.10","0.10","0.096","0.096","39000"
"FGG","20170523","1.085","1.09","1.08","1.085","408451"
"FGGO","20170523","0.009","0.009","0.008","0.008","215175"
"FGR","20170523","0.10","0.105","0.097","0.10","664747"
"FGX","20170523","1.115","1.12","1.11","1.115","169129"
"FID","20170523","4.18","4.18","4.17","4.17","2000"
"FIG","20170523","0.78","0.785","0.78","0.785","90614"
"FLK","20170523","1.005","1.005","1.005","1.005","54652"
"FLN","20170523","0.885","0.92","0.885","0.92","167520"
"FLT","20170523","36.50","37.10","36.12","36.98","333572"
"FLTKOC","20170523","8.75","8.79","8.75","8.76","1250"
"FLTKOQ","20170523","4.63","4.63","4.61","4.61","1150"
"FMG","20170523","5.37","5.39","5.21","5.26","15476498"
"FMGBOI","20170523","4.86","4.86","4.86","4.86","400"
"FMGJOC","20170523","1.72","1.73","1.72","1.73","4500"
"FMGKOR","20170523","1.975","1.99","1.975","1.985","21313"
"FMGKOS","20170523","0.945","1.02","0.915","1.015","126000"
"FMGKOT","20170523","4.02","4.02","4.02","4.02","3000"
"FMGKOW","20170523","1.47","1.47","1.47","1.47","10000"
"FML","20170523","0.425","0.43","0.41","0.415","11877"
"FMS","20170523","0.055","0.055","0.052","0.055","71575"
"FND","20170523","0.175","0.175","0.17","0.17","230000"
"FNP","20170523","4.41","4.50","4.36","4.37","92270"
"FOOD","20170523","5.57","5.58","5.57","5.57","8409"
"FOR","20170523","2.00","2.03","1.99","2.00","68406"
"FPC","20170523","1.19","1.19","1.185","1.185","2220"
"FPH","20170523","9.43","9.54","9.37","9.49","314154"
"FRI","20170523","0.80","0.82","0.79","0.82","128976"
"FRM","20170523","1.265","1.265","1.265","1.265","1168"
"FSA","20170523","1.35","1.35","1.35","1.35","800"
"FSF","20170523","5.64","5.83","5.60","5.73","13214"
"FSG","20170523","0.037","0.037","0.036","0.036","545667"
"FTT","20170523","0.062","0.068","0.062","0.062","147490"
"FTZ","20170523","0.095","0.095","0.095","0.095","571"
"FUN","20170523","0.005","0.005","0.005","0.005","12207"
"FWD","20170523","2.12","2.18","2.11","2.18","88393"
"FX1WUA","20170523","36.065","36.065","36.065","36.065","196863"
"FXEKOE","20170523","3.05","3.28","3.05","3.28","3000"
"FXJ","20170523","1.26","1.26","1.245","1.245","17387119"
"FXJKOP","20170523","0.17","0.17","0.17","0.17","100000"
"FXL","20170523","1.845","1.875","1.832","1.85","1273412"
"FXUKOQ","20170523","2.94","2.94","2.94","2.94","1000"
"FZO","20170523","0.25","0.25","0.25","0.25","86000"
"GAP","20170523","0.395","0.395","0.395","0.395","28900"
"GBG","20170523","0.015","0.015","0.015","0.015","1675861"
"GBI","20170523","0.155","0.155","0.15","0.15","87458"
"GBM","20170523","0.009","0.009","0.007","0.007","2713000"
"GBR","20170523","0.16","0.16","0.16","0.16","10000"
"GBT","20170523","2.87","2.93","2.87","2.88","12228"
"GBX","20170523","0.016","0.018","0.016","0.016","2679436"
"GC1","20170523","0.92","0.925","0.89","0.925","142308"
"GCS","20170523","0.57","0.58","0.55","0.555","276841"
"GCY","20170523","0.49","0.495","0.49","0.495","52420"
"GDF","20170523","1.08","1.08","1.07","1.07","10000"
"GDI","20170523","1.045","1.045","1.04","1.04","95964"
"GDX","20170523","31.21","31.21","30.97","30.97","2009"
"GEAR","20170523","21.85","21.86","21.54","21.59","12565"
"GED","20170523","0.03","0.03","0.03","0.03","77226"
"GEG","20170523","1.37","1.37","1.345","1.35","113564"
"GEV","20170523","0.19","0.195","0.185","0.185","95310"
"GFL","20170523","1.83","1.87","1.83","1.87","4322"
"GFY","20170523","0.57","0.585","0.56","0.57","678637"
"GGG","20170523","0.10","0.122","0.098","0.12","3823105"
"GGGOB","20170523","0.04","0.042","0.04","0.042","391750"
"GGUS","20170523","12.60","12.60","12.60","12.60","59"
"GHC","20170523","2.30","2.31","2.30","2.30","1521181"
"GID","20170523","0.063","0.063","0.055","0.055","40800"
"GLA","20170523","0.004","0.004","0.003","0.004","1150262"
"GLH","20170523","0.355","0.355","0.355","0.355","7000"
"GLIN","20170523","2.76","2.76","2.74","2.76","19980"
"GLL","20170523","0.13","0.13","0.12","0.12","38200"
"GMA","20170523","2.90","2.94","2.86","2.88","1344067"
"GMAKOR","20170523","1.54","1.54","1.54","1.54","1400"
"GME","20170523","0.065","0.065","0.065","0.065","36175"
"GMG","20170523","8.43","8.50","8.35","8.47","4376682"
"GMN","20170523","0.09","0.09","0.09","0.09","27000"
"GMPPA","20170523","101.71","101.79","101.604","101.604","1850"
"GMR","20170523","0.005","0.005","0.005","0.005","830000"
"GMV","20170523","0.17","0.17","0.165","0.17","490928"
"GMY","20170523","0.97","0.98","0.97","0.98","1090"
"GNC","20170523","10.19","10.25","10.095","10.25","704182"
"GNE","20170523","2.12","2.16","2.12","2.16","79426"
"GNG","20170523","1.595","1.595","1.52","1.55","18889"
"GNX","20170523","0.23","0.23","0.215","0.22","307442"
"GOLD","20170523","160.34","160.75","159.71","159.75","6944"
"GOR","20170523","0.73","0.735","0.715","0.72","2292371"
"GOVT","20170523","25.89","25.89","25.89","25.89","570"
"GOW","20170523","3.50","3.56","3.50","3.56","10445"
"GOZ","20170523","3.35","3.38","3.35","3.37","871794"
"GPP","20170523","0.027","0.029","0.026","0.029","5455740"
"GPPO","20170523","0.018","0.018","0.018","0.018","817000"
"GPT","20170523","5.21","5.22","5.16","5.17","4548226"
"GRA","20170523","0.70","0.75","0.70","0.72","33667"
"GRB","20170523","0.035","0.035","0.033","0.033","242857"
"GRR","20170523","0.155","0.18","0.15","0.17","5003151"
"GSBA18","20170523","104.383","104.54","104.383","104.54","151"
"GSBE47","20170523","92.987","92.987","92.987","92.987","37"
"GSBG20","20170523","108.446","108.446","108.417","108.417","29"
"GSBG27","20170523","120.75","120.75","120.75","120.75","50"
"GSBM22","20170523","120.589","120.589","120.589","120.589","24"
"GSC","20170523","0.19","0.195","0.187","0.195","781858"
"GSIQ25","20170523","143.844","143.844","143.844","143.844","20"
"GSIU18","20170523","107.77","107.77","107.77","107.77","1210"
"GSS","20170523","0.40","0.41","0.40","0.41","157193"
"GSW","20170523","0.845","0.845","0.79","0.79","77374"
"GTE","20170523","0.015","0.015","0.015","0.015","365372"
"GTG","20170523","0.009","0.009","0.009","0.009","84251"
"GTK","20170523","4.54","4.54","4.50","4.54","11889"
"GTN","20170523","2.34","2.35","2.33","2.33","735687"
"GTY","20170523","2.21","2.21","2.165","2.18","919670"
"GUD","20170523","11.80","12.00","11.80","11.97","209610"
"GVF","20170523","1.095","1.10","1.095","1.10","90119"
"GWA","20170523","2.98","2.98","2.95","2.97","427504"
"GXL","20170523","6.00","6.05","5.945","5.95","366365"
"GXYDA","20170523","2.35","2.38","2.22","2.29","1168426"
"HACK","20170523","5.83","5.83","5.77","5.80","33348"
"HAO","20170523","0.125","0.125","0.125","0.125","104750"
"HAV","20170523","0.48","0.48","0.46","0.47","42462"
"HAVO","20170523","0.17","0.17","0.13","0.13","54431"
"HCH","20170523","0.03","0.03","0.03","0.03","30296"
"HCT","20170523","0.12","0.13","0.12","0.13","13993"
"HEG","20170523","0.06","0.06","0.056","0.056","267720"
"HEUR","20170523","12.90","12.90","12.81","12.81","30046"
"HFA","20170523","2.23","2.24","2.18","2.21","54956"
"HFR","20170523","0.99","1.02","0.985","0.995","133503"
"HGG","20170523","4.12","4.16","4.10","4.13","5838751"
"HGO","20170523","0.07","0.07","0.07","0.07","245374"
"HHL","20170523","3.01","3.01","3.00","3.01","4083"
"HHM","20170523","0.016","0.016","0.016","0.016","11000"
"HHV","20170523","1.11","1.12","1.10","1.10","201553"
"HIG","20170523","0.057","0.059","0.057","0.059","33631"
"HIL","20170523","0.195","0.20","0.195","0.195","32398"
"HJPN","20170523","12.47","12.47","12.38","12.38","10102"
"HLO","20170523","3.89","3.90","3.85","3.90","54593"
"HLX","20170523","0.042","0.042","0.042","0.042","10000"
"HML","20170523","2.00","2.00","1.95","1.98","21250"
"HMO","20170523","0.089","0.098","0.085","0.098","683583"
"HMX","20170523","0.044","0.044","0.044","0.044","10000"
"HNR","20170523","0.013","0.013","0.012","0.012","350715"
"HOM","20170523","0.43","0.43","0.41","0.41","130425"
"HOR","20170523","0.021","0.021","0.021","0.021","50000"
"HPI","20170523","3.00","3.01","2.99","2.99","116172"
"HPR","20170523","0.05","0.05","0.05","0.05","200000"
"HRL","20170523","0.091","0.10","0.091","0.10","488000"
"HRR","20170523","0.083","0.083","0.083","0.083","191437"
"HSK","20170523","0.073","0.073","0.073","0.073","100000"
"HSN","20170523","3.46","3.55","3.46","3.53","327421"
"HSO","20170523","2.10","2.115","2.09","2.11","8741549"
"HSOJOZ","20170523","0.795","0.795","0.795","0.795","4000"
"HSOSWR","20170523","0.88","0.88","0.88","0.88","3613"
"HSXKOY","20170523","3.02","3.02","3.02","3.02","3800"
"HT1","20170523","2.48","2.48","2.44","2.46","821441"
"HT8","20170523","0.08","0.08","0.075","0.075","25000"
"HTA","20170523","0.066","0.066","0.066","0.066","50006"
"HUB","20170523","5.12","5.14","5.10","5.14","26558"
"HUO","20170523","5.00","5.05","4.93","5.00","1796958"
"HVN","20170523","3.83","3.87","3.755","3.78","6097688"
"HVST","20170523","19.65","19.65","19.53","19.53","50016"
"HWK","20170523","0.012","0.012","0.012","0.012","200"
"HXG","20170523","0.145","0.16","0.14","0.14","73574"
"HZN","20170523","0.057","0.057","0.056","0.056","708458"
"HZR","20170523","0.515","0.57","0.515","0.54","109065"
"HZRO","20170523","0.28","0.285","0.28","0.285","16132"
"IAA","20170523","75.37","75.40","74.99","75.20","11285"
"IAF","20170523","106.95","107.10","106.91","107.07","4105"
"IAG","20170523","6.28","6.31","6.225","6.25","3443648"
"IAGPD","20170523","107.00","107.00","106.12","106.90","1947"
"IAM","20170523","0.044","0.044","0.04","0.041","7605225"
"IAMOA","20170523","0.033","0.035","0.032","0.035","813179"
"IANG","20170523","104.50","104.609","104.30","104.51","2912"
"IAU","20170523","0.98","0.98","0.98","0.98","3154"
"IBC","20170523","0.50","0.50","0.495","0.495","134475"
"IBG","20170523","0.07","0.07","0.069","0.07","878015"
"IBK","20170523","49.91","49.93","49.70","49.74","2181"
"ICG","20170523","0.015","0.016","0.015","0.015","7780025"
"ICN","20170523","0.027","0.028","0.025","0.028","868016"
"ICQ","20170523","0.27","0.275","0.27","0.275","200334"
"ICS","20170523","1.315","1.315","1.315","1.315","550"
"ICU","20170523","0.065","0.065","0.06","0.065","160067"
"IDR","20170523","2.21","2.22","2.20","2.20","74305"
"IDT","20170523","0.12","0.12","0.115","0.115","404862"
"IDX","20170523","1.465","1.48","1.445","1.46","555050"
"IEC","20170523","0.013","0.013","0.012","0.012","255000"
"IEL","20170523","4.74","4.80","4.65","4.68","171116"
"IEM","20170523","55.20","55.21","54.85","54.85","15432"
"IEU","20170523","60.95","60.98","60.67","60.67","32642"
"IFL","20170523","9.06","9.15","9.05","9.05","603830"
"IFM","20170523","0.74","0.745","0.73","0.74","204416"
"IFN","20170523","0.91","0.912","0.895","0.895","537503"
"IFRA","20170523","19.50","19.52","19.47","19.51","4056"
"IFT","20170523","2.81","2.81","2.81","2.81","3296"
"IGB","20170523","104.19","104.20","104.10","104.20","945"
"IGL","20170523","2.28","2.28","2.21","2.26","51133"
"IGO","20170523","3.28","3.35","3.26","3.33","3065620"
"IGOKOA","20170523","1.045","1.045","1.045","1.045","7500"
"IGOKOB","20170523","1.52","1.565","1.52","1.565","3000"
"IGOKOS","20170523","1.99","1.99","1.99","1.99","500"
"IHCB","20170523","105.76","106.00","105.75","106.00","570"
"IHD","20170523","14.10","14.10","14.06","14.06","6477"
"IHEB","20170523","108.00","108.00","108.00","108.00","250"
"IHHY","20170523","108.00","108.00","108.00","108.00","46"
"IHK","20170523","31.22","31.22","31.00","31.00","636"
"IHL","20170523","0.05","0.05","0.05","0.05","130000"
"IHOO","20170523","115.53","115.63","114.47","114.47","1511"
"IHVV","20170523","308.35","308.35","306.94","307.13","265"
"IHWL","20170523","29.96","30.15","29.96","30.15","104"
"IIL","20170523","0.585","0.615","0.58","0.59","83429"
"IJH","20170523","229.49","229.49","228.91","228.96","666"
"IJP","20170523","71.00","71.03","70.60","70.82","1962"
"IJR","20170523","90.98","91.58","90.98","91.35","962"
"IKO","20170523","89.51","89.72","89.40","89.72","576"
"ILB","20170523","116.95","116.95","116.03","116.62","825"
"ILC","20170523","23.51","23.55","23.36","23.36","11392"
"ILU","20170523","8.74","8.785","8.48","8.58","2774255"
"IMA","20170523","0.10","0.10","0.10","0.10","6000"
"IMC","20170523","0.55","0.575","0.55","0.575","7050"
"IMD","20170523","0.60","0.63","0.60","0.63","671628"
"IMF","20170523","1.955","1.97","1.935","1.945","1022876"
"IMFHA","20170523","101.60","101.60","101.599","101.599","500"
"IMU","20170523","0.014","0.014","0.014","0.014","3183875"
"INA","20170523","2.70","2.72","2.68","2.70","250060"
"ING","20170523","3.21","3.22","3.17","3.18","888053"
"INK","20170523","0.088","0.088","0.08","0.085","185000"
"INM","20170523","46.89","46.89","46.50","46.60","25507"
"IOF","20170523","4.70","4.70","4.65","4.65","2041606"
"IOO","20170523","114.11","114.13","113.66","113.66","12872"
"IOT","20170523","0.02","0.02","0.019","0.019","2504036"
"IOZ","20170523","23.88","23.91","23.77","23.78","61536"
"IP1","20170523","0.12","0.12","0.10","0.12","175877"
"IPC","20170523","1.01","1.01","1.01","1.01","1000"
"IPD","20170523","0.68","0.72","0.68","0.70","1367655"
"IPE","20170523","0.11","0.11","0.11","0.11","44000"
"IPH","20170523","4.70","4.82","4.68","4.81","308798"
"IPL","20170523","3.50","3.53","3.415","3.42","6158410"
"IPLISR","20170523","0.27","0.27","0.27","0.27","4200"
"IPT","20170523","0.016","0.016","0.016","0.016","559097"
"IRC","20170523","0.099","0.099","0.097","0.097","100000"
"IRD","20170523","0.26","0.265","0.24","0.265","40436"
"IRE","20170523","12.15","12.17","11.98","12.00","448060"
"IRI","20170523","2.95","2.96","2.92","2.96","23845"
"IRU","20170523","183.28","183.28","182.46","182.82","243"
"ISD","20170523","1.665","1.735","1.655","1.73","918886"
"ISH","20170523","0.017","0.017","0.017","0.017","32985"
"ISO","20170523","4.30","4.30","4.30","4.30","1084"
"ISU","20170523","2.13","2.135","2.03","2.04","310190"
"ISX","20170523","0.145","0.145","0.14","0.145","201206"
"ITD","20170523","0.615","0.615","0.615","0.615","30508"
"ITL","20170523","5.60","5.85","5.60","5.85","6768"
"ITW","20170523","46.28","46.42","46.00","46.00","469"
"IVC","20170523","14.80","15.05","14.80","14.97","259108"
"IVE","20170523","88.67","88.67","88.16","88.16","3127"
"IVR","20170523","0.035","0.035","0.035","0.035","301680"
"IVV","20170523","322.13","322.29","320.85","321.27","7746"
"IWLD","20170523","29.81","29.85","29.81","29.85","406"
"IXI","20170523","139.28","139.65","138.99","138.99","824"
"IXJ","20170523","142.41","142.54","141.62","141.63","4200"
"IXP","20170523","80.59","80.59","80.59","80.59","444"
"IZZ","20170523","53.03","53.03","52.90","53.00","11142"
"JAL","20170523","0.11","0.11","0.11","0.11","5000"
"JBH","20170523","23.20","23.51","22.89","22.96","970896"
"JBHKOG","20170523","4.96","4.96","4.77","4.83","4311"
"JBHSS5","20170523","1.515","1.515","1.515","1.515","1350"
"JCI","20170523","0.85","0.855","0.85","0.85","97600"
"JHC","20170523","2.08","2.11","2.06","2.08","640498"
"JHX","20170523","20.15","20.26","19.80","19.85","1281199"
"JIN","20170523","2.70","2.72","2.68","2.68","16672"
"JJF","20170523","0.17","0.17","0.17","0.17","3333"
"JKL","20170523","0.205","0.205","0.20","0.20","201038"
"K2P","20170523","0.17","0.17","0.17","0.17","258000"
"KAI","20170523","0.022","0.022","0.021","0.021","259617"
"KAM","20170523","0.30","0.30","0.30","0.30","63534"
"KAR","20170523","1.41","1.455","1.41","1.44","263437"
"KAS","20170523","0.019","0.019","0.019","0.019","11224"
"KAT","20170523","0.725","0.725","0.725","0.725","15000"
"KBC","20170523","0.11","0.11","0.11","0.11","600000"
"KBU","20170523","0.009","0.009","0.008","0.008","279602"
"KBUOA","20170523","0.001","0.001","0.001","0.001","600000"
"KCN","20170523","0.21","0.215","0.205","0.205","464138"
"KDR","20170523","0.485","0.50","0.47","0.48","2453042"
"KDRO","20170523","0.33","0.34","0.33","0.34","15000"
"KFE","20170523","0.02","0.02","0.018","0.02","198305"
"KGD","20170523","0.03","0.03","0.03","0.03","5929"
"KGL","20170523","0.375","0.375","0.375","0.375","20000"
"KGM","20170523","0.014","0.014","0.014","0.014","50000"
"KGN","20170523","1.56","1.56","1.56","1.56","2500"
"KIN","20170523","0.365","0.38","0.355","0.375","317310"
"KKL","20170523","0.005","0.005","0.005","0.005","457900"
"KKT","20170523","0.59","0.59","0.59","0.59","18561"
"KLL","20170523","0.38","0.38","0.355","0.36","143884"
"KLO","20170523","0.18","0.18","0.18","0.18","45000"
"KMD","20170523","1.86","1.865","1.845","1.865","202033"
"KNL","20170523","0.16","0.16","0.155","0.16","215829"
"KNO","20170523","0.15","0.155","0.15","0.155","72929"
"KOV","20170523","2.45","2.45","2.40","2.40","26013"
"KPO","20170523","0.061","0.061","0.061","0.061","82301"
"KPT","20170523","2.04","2.07","2.01","2.05","5034"
"KSC","20170523","1.55","1.55","1.51","1.51","5260"
"KSL","20170523","0.81","0.81","0.76","0.81","123744"
"KSN","20170523","0.019","0.019","0.019","0.019","99071"
"KTA","20170523","0.034","0.034","0.034","0.034","75000"
"KYK","20170523","0.17","0.17","0.17","0.17","4000"
"LAA","20170523","0.13","0.13","0.125","0.125","75828"
"LAU","20170523","0.36","0.36","0.345","0.345","187695"
"LBL","20170523","0.13","0.13","0.13","0.13","23889"
"LBT","20170523","0.30","0.30","0.25","0.26","869391"
"LCA","20170523","0.52","0.53","0.52","0.52","148544"
"LCD","20170523","0.023","0.024","0.023","0.024","1521274"
"LCE","20170523","0.34","0.34","0.34","0.34","200"
"LCK","20170523","0.13","0.135","0.13","0.13","268180"
"LCM","20170523","0.30","0.30","0.295","0.295","35000"
"LCR","20170523","0.029","0.034","0.029","0.03","519308"
"LCT","20170523","0.115","0.12","0.115","0.12","131486"
"LEP","20170523","4.80","4.83","4.77","4.80","17933"
"LER","20170523","0.098","0.098","0.098","0.098","20175"
"LFR","20170523","0.04","0.04","0.04","0.04","50000"
"LGD","20170523","0.175","0.175","0.175","0.175","16399"
"LGO","20170523","0.007","0.007","0.007","0.007","336819"
"LHC","20170523","2.07","2.07","2.07","2.07","4915"
"LI3","20170523","0.125","0.135","0.125","0.135","24000"
"LIC","20170523","4.01","4.05","4.01","4.05","18739"
"LIN","20170523","0.016","0.017","0.016","0.016","172700"
"LIT","20170523","0.105","0.105","0.10","0.10","724321"
"LKE","20170523","0.049","0.05","0.049","0.049","132881"
"LKEO","20170523","0.006","0.006","0.006","0.006","172950"
"LKO","20170523","0.001","0.001","0.001","0.001","4058982"
"LLC","20170523","16.70","16.79","16.47","16.50","983507"
"LLCKOR","20170523","2.60","2.62","2.57","2.62","7000"
"LLCSWT","20170523","11.39","11.39","11.39","11.39","226"
"LMG","20170523","0.017","0.017","0.017","0.017","60974"
"LML","20170523","0.043","0.044","0.042","0.044","428581"
"LMW","20170523","0.63","0.63","0.63","0.63","1600"
"LNG","20170523","0.68","0.685","0.655","0.66","1422910"
"LNK","20170523","7.90","7.945","7.85","7.88","1591151"
"LNU","20170523","0.048","0.048","0.045","0.046","1014516"
"LNY","20170523","0.003","0.004","0.003","0.004","496333"
"LOM","20170523","0.305","0.305","0.30","0.30","416260"
"LOMOA","20170523","0.115","0.115","0.11","0.11","50000"
"LOV","20170523","4.00","4.00","3.85","3.90","8715"
"LPD","20170523","0.015","0.015","0.013","0.013","1119633"
"LPE","20170523","0.024","0.024","0.023","0.023","2217701"
"LPI","20170523","0.29","0.29","0.285","0.285","56380"
"LRS","20170523","0.005","0.005","0.004","0.004","1985091"
"LSH","20170523","0.20","0.20","0.185","0.185","710715"
"LSR","20170523","0.01","0.012","0.01","0.012","384730"
"LSX","20170523","0.44","0.44","0.44","0.44","10694"
"LTR","20170523","0.011","0.012","0.011","0.012","3537996"
"LVH","20170523","0.525","0.54","0.515","0.53","614498"
"LVT","20170523","0.245","0.25","0.245","0.25","120000"
"LYC","20170523","0.081","0.082","0.081","0.081","4849060"
"LYL","20170523","3.08","3.08","3.08","3.08","950"
"MA1","20170523","0.78","0.78","0.78","0.78","152750"
"MAG","20170523","0.17","0.18","0.16","0.16","496641"
"MAH","20170523","0.15","0.15","0.15","0.15","301273"
"MAI","20170523","0.50","0.50","0.50","0.50","1499"
"MAU","20170523","0.085","0.085","0.085","0.085","444"
"MAY","20170523","0.02","0.02","0.02","0.02","339487"
"MBE","20170523","0.048","0.048","0.046","0.047","112018"
"MBLHB","20170523","78.81","78.81","78.589","78.589","137"
"MBLPA","20170523","100.90","100.90","100.50","100.70","4609"
"MCE","20170523","0.52","0.52","0.505","0.505","100023"
"MCP","20170523","1.25","1.255","1.21","1.25","14158"
"MCR","20170523","0.17","0.175","0.17","0.17","78086"
"MCT","20170523","0.042","0.047","0.042","0.047","809954"
"MCX","20170523","0.042","0.042","0.042","0.042","1700"
"MDC","20170523","0.73","0.76","0.73","0.76","21174"
"MDI","20170523","0.027","0.027","0.026","0.026","200034"
"MDL","20170523","0.555","0.555","0.54","0.55","134254"
"MDR","20170523","0.031","0.031","0.03","0.031","2353214"
"MDX","20170523","0.006","0.006","0.006","0.006","100000"
"MEA","20170523","0.60","0.60","0.58","0.59","62249"
"MEB","20170523","0.315","0.315","0.31","0.31","190086"
"MEC","20170523","1.14","1.14","1.13","1.13","15535"
"MECO","20170523","0.04","0.042","0.04","0.042","59000"
"MED","20170523","0.011","0.011","0.011","0.011","1328663"
"MEDOB","20170523","0.005","0.005","0.005","0.005","250000"
"MEL","20170523","0.042","0.042","0.042","0.042","30000"
"MEU","20170523","0.014","0.014","0.012","0.013","1217615"
"MEZ","20170523","2.74","2.74","2.74","2.74","1250297"
"MFD","20170523","1.10","1.10","1.10","1.10","20538"
"MFF","20170523","1.94","1.945","1.935","1.945","453659"
"MFFO","20170523","0.925","0.93","0.925","0.93","202118"
"MFG","20170523","24.97","25.23","24.82","25.16","249047"
"MGC","20170523","0.95","0.955","0.935","0.95","331660"
"MGE","20170523","2.91","2.91","2.89","2.89","360048"
"MGL","20170523","0.036","0.036","0.036","0.036","800"
"MGP","20170523","0.38","0.38","0.38","0.38","86450"
"MGR","20170523","2.26","2.27","2.24","2.25","15594067"
"MGRKOQ","20170523","0.915","0.915","0.915","0.915","1040"
"MGT","20170523","0.043","0.043","0.042","0.042","505000"
"MGV","20170523","0.075","0.075","0.075","0.075","150000"
"MGX","20170523","0.305","0.31","0.30","0.30","1601767"
"MHG","20170523","2.82","2.82","2.82","2.82","20992"
"MHJ","20170523","1.15","1.18","1.13","1.155","119982"
"MICH","20170523","2.74","2.74","2.72","2.74","96665"
"MIL","20170523","1.65","1.65","1.625","1.625","23000"
"MIN","20170523","10.60","10.64","10.315","10.33","819857"
"MIR","20170523","2.60","2.62","2.59","2.62","8942"
"MJP","20170523","0.09","0.09","0.089","0.09","47700"
"MLB","20170523","2.48","2.52","2.45","2.50","268042"
"MLD","20170523","1.68","1.70","1.67","1.70","81348"
"MLM","20170523","0.055","0.055","0.054","0.054","4452"
"MLMO","20170523","0.012","0.012","0.012","0.012","91751"
"MLS","20170523","0.004","0.005","0.004","0.005","3186276"
"MLT","20170523","4.49","4.49","4.46","4.47","143401"
"MLX","20170523","0.76","0.765","0.75","0.755","1097173"
"MMI","20170523","0.135","0.135","0.132","0.135","703500"
"MMJ","20170523","0.355","0.365","0.355","0.36","738244"
"MML","20170523","0.355","0.355","0.345","0.345","351932"
"MMS","20170523","14.00","14.27","13.96","14.17","465538"
"MNC","20170523","0.055","0.059","0.053","0.053","203976"
"MND","20170523","12.39","12.49","12.28","12.44","199780"
"MNE","20170523","0.022","0.022","0.02","0.02","233053"
"MNF","20170523","4.41","4.44","4.37","4.42","52600"
"MNRS","20170523","4.15","4.15","4.15","4.15","4109"
"MNS","20170523","0.595","0.60","0.58","0.585","605820"
"MNSO","20170523","0.485","0.49","0.485","0.485","128504"
"MNW","20170523","0.07","0.07","0.07","0.07","95853"
"MNY","20170523","1.45","1.46","1.42","1.45","105520"
"MOAT","20170523","51.12","51.12","50.89","50.96","6812"
"MOB","20170523","0.165","0.175","0.165","0.17","556000"
"MOC","20170523","2.07","2.075","1.995","2.02","687158"
"MOD","20170523","0.059","0.059","0.056","0.059","6913674"
"MOE","20170523","3.12","3.12","3.10","3.10","36309"
"MOQ","20170523","0.28","0.28","0.275","0.275","325000"
"MOY","20170523","0.20","0.20","0.195","0.195","1768894"
"MP1","20170523","1.97","2.01","1.91","1.97","70764"
"MPL","20170523","2.82","2.84","2.795","2.80","3961956"
"MPO","20170523","0.15","0.15","0.15","0.15","34028"
"MPW","20170523","0.255","0.26","0.255","0.26","164253"
"MPX","20170523","0.275","0.275","0.275","0.275","5000"
"MQA","20170523","5.72","5.84","5.72","5.84","1513120"
"MQG","20170523","88.91","89.72","87.90","88.18","930149"
"MQGLOD","20170523","7.75","7.75","6.35","6.35","3625"
"MQGLOQ","20170523","13.03","13.03","13.03","13.03","150"
"MQGLOR","20170523","6.71","7.18","6.71","7.16","2000"
"MQGPA","20170523","104.60","104.751","104.401","104.551","8346"
"MQGPB","20170523","106.749","106.749","106.28","106.679","3036"
"MQR","20170523","0.20","0.20","0.20","0.20","22000"
"MRD","20170523","0.013","0.014","0.013","0.013","2206004"
"MRG","20170523","0.37","0.38","0.30","0.30","3962915"
"MRM","20170523","0.21","0.215","0.205","0.205","375690"
"MRN","20170523","1.00","1.00","1.00","1.00","2000"
"MRP","20170523","0.20","0.20","0.20","0.20","4000"
"MRQ","20170523","0.009","0.01","0.009","0.01","1188000"
"MRV","20170523","0.01","0.01","0.009","0.009","3999880"
"MSB","20170523","2.33","2.37","2.26","2.33","507667"
"MSM","20170523","0.235","0.235","0.225","0.225","222900"
"MSP","20170523","0.031","0.033","0.029","0.03","6055173"
"MSR","20170523","0.004","0.004","0.004","0.004","490250"
"MSV","20170523","0.032","0.033","0.032","0.033","151675"
"MTC","20170523","0.18","0.19","0.18","0.19","88579"
"MTL","20170523","0.016","0.016","0.016","0.016","111043"
"MTO","20170523","3.59","3.75","3.58","3.63","129594"
"MTR","20170523","3.06","3.09","2.99","3.00","1034604"
"MTS","20170523","2.03","2.03","2.00","2.02","4349852"
"MUA","20170523","0.895","0.90","0.885","0.90","155872"
"MUS","20170523","0.043","0.047","0.043","0.046","15377391"
"MUSOA","20170523","0.024","0.025","0.024","0.025","375519"
"MVA","20170523","20.62","20.66","20.58","20.61","2649"
"MVB","20170523","27.78","27.78","27.56","27.56","395"
"MVE","20170523","25.45","25.45","25.44","25.44","1472"
"MVF","20170523","1.88","1.895","1.87","1.885","216042"
"MVP","20170523","4.74","4.81","4.66","4.66","13408"
"MVR","20170523","20.76","20.76","20.76","20.76","753"
"MVS","20170523","18.11","18.12","18.11","18.12","1950"
"MVTHA","20170523","100.00","100.00","100.00","100.00","40"
"MVW","20170523","26.10","26.12","26.07","26.08","16247"
"MWY","20170523","2.40","2.43","2.40","2.40","11449"
"MXC","20170523","0.06","0.06","0.055","0.055","2911262"
"MXCOD","20170523","0.026","0.026","0.023","0.023","77152"
"MXI","20170523","0.67","0.68","0.655","0.66","81721"
"MXR","20170523","0.002","0.002","0.001","0.001","10012500"
"MXUPA","20170523","77.30","77.50","77.30","77.35","954"
"MYE","20170523","0.30","0.30","0.30","0.30","3640"
"MYO","20170523","3.58","3.58","3.53","3.55","490093"
"MYQ","20170523","0.056","0.056","0.055","0.055","250000"
"MYR","20170523","0.925","0.932","0.92","0.93","2375799"
"MYRKOB","20170523","0.29","0.29","0.29","0.29","60000"
"MYRSOG","20170523","0.21","0.21","0.21","0.21","20000"
"MYRSOM","20170523","0.49","0.49","0.49","0.49","6266"
"MYS","20170523","4.67","4.70","4.64","4.69","58109"
"MYX","20170523","1.115","1.12","1.095","1.095","3301845"
"MZI","20170523","0.20","0.20","0.20","0.20","150000"
"MZN","20170523","0.01","0.01","0.01","0.01","1687613"
"NAB","20170523","30.54","30.60","30.06","30.15","5994454"
"NABHA","20170523","77.10","77.10","76.80","76.90","18131"
"NABHB","20170523","100.71","100.89","100.71","100.73","3225"
"NABJOH","20170523","8.40","8.40","8.40","8.40","1000"
"NABJOJ","20170523","11.58","11.58","11.58","11.58","2000"
"NABKOD","20170523","2.40","2.42","2.32","2.34","14500"
"NABKOM","20170523","3.74","3.74","3.64","3.64","21000"
"NABLOE","20170523","0.965","0.965","0.87","0.87","26000"
"NABPA","20170523","102.10","102.50","102.10","102.399","13766"
"NABPB","20170523","101.02","101.61","101.02","101.55","9419"
"NABPC","20170523","102.30","102.30","101.861","102.00","9038"
"NABPD","20170523","106.80","107.00","106.76","107.00","5589"
"NABPE","20170523","101.40","101.80","101.40","101.74","4332"
"NABSWR","20170523","16.67","16.67","16.51","16.51","579"
"NABSWY","20170523","11.26","11.30","11.26","11.30","2500"
"NAC","20170523","1.05","1.05","1.03","1.03","27930"
"NAE","20170523","0.011","0.011","0.011","0.011","320000"
"NAG","20170523","0.055","0.055","0.055","0.055","45000"
"NAM","20170523","0.40","0.40","0.40","0.40","10000"
"NAN","20170523","2.91","2.97","2.91","2.96","1426994"
"NCC","20170523","1.32","1.345","1.32","1.345","30993"
"NCK","20170523","7.05","7.17","7.05","7.17","112345"
"NCL","20170523","0.05","0.05","0.05","0.05","87500"
"NCM","20170523","21.53","21.71","21.27","21.42","3080624"
"NCMKOA","20170523","5.55","5.55","5.27","5.27","10500"
"NCMLOE","20170523","3.19","3.19","3.16","3.16","4200"
"NDO","20170523","0.098","0.10","0.098","0.10","4107942"
"NDQ","20170523","13.23","13.25","13.20","13.20","62317"
"NEA","20170523","0.53","0.55","0.525","0.54","1473730"
"NEC","20170523","1.275","1.29","1.265","1.27","782461"
"NEU","20170523","0.064","0.064","0.058","0.06","1379070"
"NFNG","20170523","86.40","86.40","85.75","85.75","200"
"NGE","20170523","0.42","0.425","0.42","0.42","71093"
"NHC","20170523","1.765","1.80","1.765","1.77","32209"
"NHF","20170523","5.61","5.75","5.61","5.73","411394"
"NHL","20170523","0.027","0.028","0.027","0.028","234229"
"NIU","20170523","0.002","0.002","0.002","0.002","5000000"
"NIUO","20170523","0.001","0.001","0.001","0.001","250000"
"NMG","20170523","0.007","0.007","0.007","0.007","456460"
"NMI","20170523","0.012","0.012","0.012","0.012","411744"
"NML","20170523","0.037","0.037","0.036","0.036","306335"
"NMS","20170523","0.89","0.89","0.89","0.89","1534"
"NMT","20170523","0.26","0.265","0.255","0.265","196691"
"NNW","20170523","0.075","0.077","0.075","0.077","241384"
"NOR","20170523","0.014","0.015","0.014","0.015","3508172"
"NOX","20170523","0.275","0.38","0.275","0.38","322694"
"NRT","20170523","0.049","0.049","0.047","0.047","701356"
"NSE","20170523","0.004","0.004","0.004","0.004","80000"
"NSL","20170523","0.025","0.026","0.025","0.025","1344189"
"NSR","20170523","1.47","1.48","1.44","1.445","911716"
"NST","20170523","4.65","4.755","4.65","4.75","10955922"
"NSTKOP","20170523","3.01","3.01","3.01","3.01","2000"
"NSTKOT","20170523","1.01","1.01","1.01","1.01","10000"
"NTC","20170523","1.605","1.65","1.60","1.65","87763"
"NTI","20170523","0.23","0.24","0.22","0.24","28059"
"NTL","20170523","0.005","0.005","0.005","0.005","1747655"
"NTM","20170523","0.055","0.055","0.052","0.052","94934"
"NTU","20170523","0.12","0.12","0.12","0.12","685592"
"NUF","20170523","9.86","9.86","9.71","9.74","473256"
"NUH","20170523","0.081","0.085","0.081","0.085","3107118"
"NVL","20170523","2.41","2.41","2.34","2.34","16764"
"NVO","20170523","0.048","0.048","0.048","0.048","76687"
"NVT","20170523","4.40","4.43","4.36","4.41","722820"
"NWE","20170523","0.003","0.003","0.003","0.003","197103"
"NWF","20170523","0.40","0.40","0.40","0.40","4000"
"NWH","20170523","0.595","0.61","0.585","0.60","1519748"
"NWS","20170523","18.07","18.11","18.02","18.07","105352"
"NWSLV","20170523","17.50","17.51","17.42","17.42","662"
"NWZ","20170523","0.001","0.001","0.001","0.001","678000"
"NXT","20170523","4.38","4.61","4.32","4.56","2643407"
"NXTKOF","20170523","2.28","2.28","2.28","2.28","7000"
"NZC","20170523","0.195","0.20","0.195","0.20","331117"
"NZM","20170523","0.73","0.73","0.715","0.715","163603"
"OBJ","20170523","0.055","0.055","0.054","0.054","334031"
"OBL","20170523","0.004","0.004","0.004","0.004","46365"
"OCC","20170523","0.37","0.37","0.365","0.365","17020"
"OCP","20170523","2.01","2.01","2.01","2.01","165"
"OEC","20170523","0.435","0.45","0.435","0.45","50039"
"OEL","20170523","0.03","0.032","0.03","0.031","1685639"
"OEX","20170523","0.006","0.006","0.006","0.006","974172"
"OFX","20170523","1.425","1.545","1.425","1.545","4326221"
"OFXKOE","20170523","0.50","0.50","0.50","0.50","13000"
"OGC","20170523","4.37","4.39","4.31","4.38","233488"
"OGX","20170523","0.053","0.055","0.052","0.055","554067"
"OGXOC","20170523","0.001","0.001","0.001","0.001","200000"
"OHE","20170523","1.185","1.185","1.11","1.13","13700"
"OIL","20170523","0.11","0.11","0.10","0.10","89000"
"OKU","20170523","0.23","0.23","0.23","0.23","71232"
"OLH","20170523","0.04","0.04","0.04","0.04","75000"
"OMH","20170523","0.12","0.12","0.12","0.12","10000"
"OML","20170523","4.50","4.53","4.49","4.50","680367"
"ONE","20170523","4.10","4.10","3.93","4.08","58499"
"ONT","20170523","6.96","6.96","6.96","6.96","1382"
"OOK","20170523","0.016","0.016","0.016","0.016","100000"
"OOO","20170523","14.61","14.61","14.53","14.54","2688"
"OPN","20170523","0.14","0.145","0.14","0.14","81600"
"OPT","20170523","0.815","0.82","0.80","0.80","293481"
"ORA","20170523","2.86","2.86","2.82","2.83","2014424"
"ORE","20170523","3.71","3.78","3.67","3.68","1173837"
"ORG","20170523","7.90","7.93","7.78","7.85","2985317"
"ORI","20170523","19.54","19.55","19.305","19.48","1692079"
"ORL","20170523","1.18","1.18","1.13","1.14","19381"
"ORN","20170523","0.024","0.024","0.024","0.024","50000"
"ORR","20170523","0.42","0.42","0.415","0.415","139088"
"OSH","20170523","7.43","7.44","7.355","7.42","1791337"
"OSL","20170523","0.115","0.115","0.11","0.11","117302"
"OSP","20170523","0.405","0.405","0.405","0.405","24000"
"OTW","20170523","2.05","2.10","2.05","2.10","12903"
"OVH","20170523","0.58","0.59","0.57","0.59","330270"
"OVL","20170523","0.016","0.016","0.015","0.015","1699147"
"OVR","20170523","0.007","0.007","0.007","0.007","422756"
"OXX","20170523","0.081","0.089","0.081","0.089","10629"
"OZF","20170523","20.83","20.83","20.83","20.83","2042"
"OZG","20170523","0.155","0.155","0.155","0.155","150000"
"OZL","20170523","7.18","7.27","7.12","7.18","3015439"
"OZLKOG","20170523","1.765","1.765","1.725","1.725","16000"
"OZR","20170523","8.59","8.59","8.59","8.59","4547"
"PAA","20170523","0.078","0.08","0.078","0.08","652614"
"PAC","20170523","5.70","5.78","5.60","5.78","30548"
"PAF","20170523","1.035","1.035","1.03","1.03","125550"
"PAI","20170523","0.995","1.005","0.995","1.00","1767424"
"PAK","20170523","0.054","0.054","0.054","0.054","99184"
"PAN","20170523","0.22","0.235","0.22","0.23","192857"
"PAR","20170523","0.67","0.68","0.645","0.665","92408"
"PBT","20170523","0.053","0.053","0.053","0.053","40000"
"PCH","20170523","0.007","0.007","0.007","0.007","88119"
"PCL","20170523","0.002","0.002","0.001","0.002","4520000"
"PDIDA","20170523","0.10","0.10","0.09","0.09","101671"
"PDN","20170523","0.067","0.067","0.063","0.064","10983811"
"PDZ","20170523","0.55","0.56","0.54","0.545","239599"
"PEA","20170523","0.72","0.745","0.72","0.73","403462"
"PEK","20170523","0.071","0.071","0.071","0.071","300000"
"PEN","20170523","0.40","0.40","0.385","0.40","84797"
"PENOD","20170523","0.05","0.05","0.05","0.05","769"
"PEP","20170523","2.85","2.93","2.84","2.84","40424"
"PGC","20170523","0.715","0.73","0.71","0.725","42196"
"PGF","20170523","1.075","1.08","1.07","1.07","254185"
"PGH","20170523","6.34","6.38","6.26","6.27","1406740"
"PGI","20170523","0.064","0.065","0.064","0.065","133432"
"PGM","20170523","0.09","0.094","0.09","0.092","260020"
"PGO","20170523","0.054","0.054","0.052","0.052","621421"
"PGR","20170523","0.53","0.53","0.50","0.525","148988"
"PHK","20170523","0.18","0.18","0.175","0.175","285541"
"PIC","20170523","1.035","1.035","1.025","1.025","331217"
"PIL","20170523","0.01","0.01","0.009","0.01","2288520"
"PIO","20170523","0.018","0.018","0.018","0.018","1394122"
"PKA","20170523","0.009","0.009","0.009","0.009","1184186"
"PL8","20170523","1.09","1.10","1.09","1.10","433032"
"PL8O","20170523","0.02","0.02","0.018","0.018","623091"
"PLG","20170523","0.82","0.835","0.815","0.835","1069646"
"PLH","20170523","0.21","0.215","0.20","0.215","251617"
"PLS","20170523","0.405","0.405","0.39","0.40","4190357"
"PLUS","20170523","17.38","17.38","17.38","17.38","11940"
"PMC","20170523","1.59","1.61","1.58","1.585","147026"
"PME","20170523","5.29","5.36","5.22","5.22","59265"
"PMGOLD","20170523","16.84","16.89","16.84","16.87","2353"
"PMP","20170523","0.68","0.70","0.68","0.69","326270"
"PMV","20170523","12.25","12.39","12.16","12.20","176908"
"PNC","20170523","2.12","2.14","2.10","2.12","150259"
"PNI","20170523","2.31","2.33","2.31","2.32","16539"
"PNL","20170523","0.48","0.48","0.445","0.48","493412"
"PNN","20170523","0.024","0.024","0.024","0.024","62090"
"PNR","20170523","0.225","0.225","0.215","0.22","1425988"
"PNRO","20170523","0.16","0.16","0.16","0.16","250000"
"PNV","20170523","0.22","0.22","0.20","0.20","1066739"
"PNX","20170523","0.014","0.014","0.014","0.014","108797"
"POH","20170523","0.014","0.014","0.014","0.014","220000"
"POP","20170523","0.014","0.014","0.014","0.014","500000"
"POS","20170523","0.029","0.029","0.028","0.028","469634"
"POU","20170523","17.19","17.19","17.12","17.12","12217"
"POW","20170523","0.035","0.035","0.035","0.035","1884"
"PPC","20170523","1.20","1.235","1.165","1.23","56289"
"PPCHA","20170523","106.40","106.80","106.10","106.80","229"
"PPG","20170523","0.385","0.385","0.385","0.385","1050"
"PPH","20170523","1.55","1.55","1.54","1.54","189501"
"PPL","20170523","0.365","0.39","0.365","0.39","35463"
"PPP","20170523","0.027","0.027","0.027","0.027","25000"
"PPS","20170523","0.375","0.38","0.37","0.37","263035"
"PPT","20170523","53.15","53.79","53.15","53.60","144033"
"PPY","20170523","0.004","0.004","0.004","0.004","266364"
"PRG","20170523","1.74","1.765","1.72","1.755","368226"
"PRL","20170523","0.035","0.036","0.034","0.035","792701"
"PRLO","20170523","0.013","0.013","0.012","0.012","176900"
"PRO","20170523","0.475","0.475","0.475","0.475","8098"
"PRR","20170523","0.031","0.032","0.031","0.031","581922"
"PRT","20170523","0.32","0.32","0.32","0.32","28199"
"PRU","20170523","0.315","0.325","0.31","0.31","4740863"
"PRY","20170523","3.73","3.79","3.695","3.70","2285523"
"PSC","20170523","0.026","0.026","0.026","0.026","966418"
"PSI","20170523","2.15","2.15","2.14","2.14","14004"
"PSM","20170523","0.022","0.024","0.022","0.022","490000"
"PSQ","20170523","1.97","1.97","1.94","1.97","113789"
"PSY","20170523","0.038","0.038","0.038","0.038","5685"
"PSZ","20170523","0.27","0.27","0.27","0.27","5839"
"PTB","20170523","0.555","0.555","0.55","0.55","41477"
"PTL","20170523","0.65","0.65","0.635","0.64","37481"
"PTM","20170523","4.40","4.40","4.33","4.35","647448"
"PTR","20170523","0.015","0.015","0.01","0.012","575320"
"PVA","20170523","3.18","3.18","3.18","3.18","3348"
"PVD","20170523","0.035","0.036","0.035","0.036","339003"
"PVL","20170523","0.72","0.72","0.72","0.72","1869"
"PWH","20170523","2.07","2.08","2.07","2.07","33658"
"PXUPA","20170523","14.65","14.69","14.60","14.69","2559"
"PYC","20170523","0.044","0.044","0.044","0.044","256295"
"PZC","20170523","0.003","0.003","0.003","0.003","501000"
"QAN","20170523","4.91","4.93","4.80","4.86","7377523"
"QANKOU","20170523","0.78","0.825","0.78","0.795","78500"
"QAU","20170523","13.21","13.22","13.18","13.18","3711"
"QBE","20170523","13.06","13.10","12.90","12.94","2168113"
"QBL","20170523","0.016","0.016","0.015","0.015","764652"
"QCB","20170523","9.27","9.27","9.27","9.27","1800"
"QFN","20170523","11.62","11.62","11.55","11.55","5628"
"QFY","20170523","0.075","0.078","0.074","0.075","357212"
"QFYOA","20170523","0.02","0.02","0.02","0.02","30"
"QHL","20170523","0.10","0.10","0.10","0.10","82000"
"QIP","20170523","1.69","1.69","1.66","1.69","15778"
"QMN","20170523","0.05","0.05","0.05","0.05","5000"
"QMS","20170523","1.14","1.14","1.12","1.12","207028"
"QOZ","20170523","13.14","13.14","13.07","13.08","60842"
"QRE","20170523","4.70","4.70","4.70","4.70","1360"
"QST","20170523","0.21","0.23","0.21","0.23","10822"
"QTG","20170523","0.002","0.002","0.002","0.002","40000"
"QTM","20170523","0.02","0.02","0.018","0.018","341200"
"QUAL","20170523","21.44","21.45","21.34","21.39","33929"
"QUB","20170523","2.61","2.63","2.57","2.58","1516367"
"QUBHA","20170523","105.90","106.00","105.65","106.00","3229"
"QUR","20170523","0.011","0.011","0.011","0.011","148610"
"QUS","20170523","31.05","31.05","30.85","30.95","3885"
"QVE","20170523","1.305","1.315","1.29","1.315","176231"
"RAC","20170523","0.215","0.22","0.215","0.22","50000"
"RAN","20170523","0.49","0.49","0.45","0.46","251377"
"RAP","20170523","0.31","0.32","0.305","0.315","521147"
"RARI","20170523","25.11","25.11","25.11","25.11","99"
"RBL","20170523","0.88","0.89","0.865","0.88","104643"
"RBO","20170523","0.081","0.081","0.077","0.077","235683"
"RBX","20170523","0.061","0.061","0.056","0.056","225727"
"RCB","20170523","20.49","20.51","20.43","20.44","7968"
"RCE","20170523","0.20","0.20","0.20","0.20","55751"
"RCG","20170523","0.675","0.685","0.66","0.66","1591471"
"RCP","20170523","0.002","0.002","0.002","0.002","10000"
"RCR","20170523","3.51","3.58","3.48","3.55","433055"
"RCT","20170523","3.42","3.42","3.41","3.41","1756"
"RDG","20170523","0.018","0.018","0.018","0.018","50000"
"RDH","20170523","1.125","1.125","1.125","1.125","2500"
"RDM","20170523","0.14","0.14","0.135","0.135","369161"
"RDS","20170523","0.011","0.011","0.011","0.011","200000"
"RDV","20170523","30.54","30.54","30.27","30.27","2763"
"REA","20170523","63.84","64.84","63.09","64.37","288927"
"REAKOS","20170523","15.56","15.56","15.18","15.27","2034"
"RED","20170523","0.04","0.04","0.039","0.039","88990"
"REG","20170523","4.30","4.30","4.19","4.19","414704"
"REH","20170523","40.95","41.19","40.40","40.40","934"
"REX","20170523","0.96","0.98","0.94","0.98","227605"
"REY","20170523","0.082","0.082","0.082","0.082","2415"
"REZ","20170523","0.115","0.115","0.11","0.11","300000"
"RFF","20170523","1.80","1.825","1.78","1.78","180606"
"RFG","20170523","5.30","5.40","5.26","5.32","729775"
"RFN","20170523","0.012","0.012","0.01","0.01","2714091"
"RFT","20170523","0.018","0.018","0.017","0.017","481270"
"RFX","20170523","0.19","0.20","0.185","0.20","612187"
"RGI","20170523","0.315","0.315","0.305","0.315","41696"
"RHC","20170523","70.40","70.88","69.86","70.10","181426"
"RHCKOD","20170523","18.68","19.32","18.68","18.82","900"
"RHCPA","20170523","106.85","106.88","106.45","106.50","1371"
"RHCSWR","20170523","38.16","38.16","38.16","38.16","30"
"RHL","20170523","3.13","3.20","3.13","3.15","124486"
"RHP","20170523","0.37","0.37","0.36","0.37","159288"
"RHT","20170523","0.02","0.02","0.019","0.02","390000"
"RIC","20170523","1.46","1.495","1.45","1.495","178737"
"RIM","20170523","0.022","0.022","0.021","0.021","977398"
"RIO","20170523","64.81","65.08","64.25","64.74","2387612"
"RIOKOB","20170523","9.07","9.07","9.07","9.07","2000"
"RIOKOU","20170523","6.46","7.01","6.37","6.55","16250"
"RIOKOW","20170523","8.78","8.78","8.78","8.78","750"
"RIOLOE","20170523","4.64","4.85","4.33","4.85","2000"
"RIOLOP","20170523","6.50","6.50","6.21","6.45","5500"
"RIOLOY","20170523","2.90","2.90","2.90","2.90","1500"
"RIOXOT","20170523","1.92","1.92","1.835","1.87","3500"
"RIR","20170523","0.021","0.021","0.02","0.02","3371812"
"RKN","20170523","1.74","1.77","1.72","1.725","44200"
"RLC","20170523","0.019","0.019","0.019","0.019","597622"
"RLE","20170523","0.09","0.094","0.09","0.09","300729"
"RMD","20170523","9.25","9.29","9.24","9.25","1182130"
"RMG","20170523","0.013","0.013","0.013","0.013","181818"
"RMS","20170523","0.44","0.44","0.425","0.435","1974682"
"RMX","20170523","0.027","0.027","0.026","0.027","1105969"
"RMXOF","20170523","0.005","0.005","0.005","0.005","40000"
"RMXOG","20170523","0.015","0.015","0.015","0.015","240000"
"RND","20170523","2.00","2.15","2.00","2.10","32228"
"RNE","20170523","0.012","0.012","0.012","0.012","1603363"
"RNL","20170523","0.005","0.006","0.005","0.006","2763983"
"RNO","20170523","0.245","0.245","0.245","0.245","2000"
"RNT","20170523","0.099","0.099","0.098","0.099","5629"
"RNU","20170523","0.021","0.022","0.02","0.02","3193535"
"ROG","20170523","0.006","0.006","0.005","0.006","971560"
"RRL","20170523","3.30","3.365","3.29","3.32","2319610"
"RSG","20170523","1.24","1.255","1.227","1.235","7240675"
"RSGKOD","20170523","0.425","0.425","0.41","0.41","20000"
"RSH","20170523","0.05","0.058","0.05","0.055","1464473"
"RTG","20170523","0.15","0.15","0.15","0.15","5700"
"RUL","20170523","0.59","0.59","0.58","0.58","5700"
"RVA","20170523","0.89","0.89","0.89","0.89","6814"
"RVR","20170523","0.195","0.215","0.195","0.21","1651530"
"RWC","20170523","3.39","3.42","3.35","3.37","1462421"
"RWD","20170523","0.265","0.265","0.25","0.25","118590"
"RWH","20170523","1.39","1.39","1.39","1.39","4518"
"RXH","20170523","0.018","0.02","0.018","0.02","595744"
"RXL","20170523","0.014","0.015","0.014","0.015","1199329"
"RXM","20170523","0.056","0.057","0.056","0.056","72536"
"RXP","20170523","0.79","0.79","0.785","0.785","41249"
"RYD","20170523","1.06","1.06","1.05","1.05","117752"
"S2R","20170523","0.195","0.195","0.185","0.185","53649"
"S32","20170523","2.71","2.72","2.67","2.69","42861013"
"SAR","20170523","1.085","1.10","1.075","1.095","6430269"
"SAS","20170523","0.195","0.21","0.195","0.205","3822694"
"SAU","20170523","0.26","0.26","0.26","0.26","35000"
"SBKHB","20170523","74.30","74.30","74.30","74.30","615"
"SBM","20170523","3.03","3.08","3.00","3.05","4646717"
"SBR","20170523","0.013","0.013","0.012","0.012","119476"
"SBU","20170523","0.005","0.005","0.005","0.005","16621"
"SCG","20170523","4.24","4.25","4.195","4.20","15150492"
"SCO","20170523","2.46","2.51","2.46","2.51","13265"
"SCP","20170523","2.30","2.32","2.29","2.31","1559928"
"SCU","20170523","0.12","0.12","0.115","0.12","358980"
"SDA","20170523","3.93","4.05","3.92","3.99","737639"
"SDF","20170523","2.85","2.85","2.79","2.81","6171286"
"SDG","20170523","1.705","1.705","1.70","1.70","16323"
"SDI","20170523","0.585","0.585","0.585","0.585","9500"
"SDL","20170523","0.005","0.005","0.003","0.003","20344155"
"SDLO","20170523","0.001","0.001","0.001","0.001","3448000"
"SDV","20170523","0.012","0.012","0.011","0.011","1180000"
"SE1","20170523","0.32","0.32","0.305","0.31","321656"
"SEA","20170523","0.08","0.083","0.078","0.08","2595603"
"SEG","20170523","0.035","0.035","0.034","0.034","167714"
"SEH","20170523","0.089","0.09","0.087","0.09","499216"
"SEK","20170523","17.59","17.77","17.37","17.43","1204018"
"SEKKOQ","20170523","5.47","5.47","5.47","5.47","2500"
"SEN","20170523","0.09","0.092","0.09","0.09","290260"
"SEQ","20170523","0.30","0.30","0.30","0.30","24000"
"SER","20170523","0.008","0.008","0.008","0.008","35450"
"SES","20170523","0.09","0.09","0.09","0.09","59112"
"SFC","20170523","6.72","7.00","6.72","7.00","1006"
"SFG","20170523","0.071","0.075","0.07","0.075","270719"
"SFH","20170523","0.42","0.42","0.405","0.42","35448"
"SFI","20170523","0.085","0.085","0.085","0.085","2240878"
"SFR","20170523","6.20","6.20","6.07","6.07","1098741"
"SFX","20170523","0.57","0.57","0.56","0.56","40000"
"SFY","20170523","54.72","54.75","54.48","54.48","7400"
"SGC","20170523","0.065","0.065","0.065","0.065","31000"
"SGF","20170523","3.71","3.80","3.70","3.74","55403"
"SGH","20170523","0.097","0.097","0.095","0.096","596634"
"SGM","20170523","13.06","13.10","12.66","12.90","1707425"
"SGP","20170523","4.66","4.71","4.63","4.63","9667960"
"SGQ","20170523","0.14","0.14","0.135","0.135","49827"
"SGR","20170523","5.24","5.265","5.20","5.25","4213325"
"SHJ","20170523","0.47","0.51","0.47","0.51","6111900"
"SHL","20170523","22.61","22.75","22.52","22.55","546489"
"SHLSWR","20170523","13.90","13.90","13.90","13.90","426"
"SHM","20170523","1.165","1.165","1.15","1.15","73733"
"SHV","20170523","5.02","5.06","4.88","4.91","444929"
"SIE","20170523","0.07","0.07","0.07","0.07","11436"
"SIG","20170523","1.185","1.205","1.175","1.185","1111191"
"SIO","20170523","0.335","0.335","0.335","0.335","50000"
"SIQ","20170523","6.93","7.07","6.93","7.00","534491"
"SIV","20170523","7.35","7.44","7.23","7.24","68029"
"SKB","20170523","0.64","0.64","0.64","0.64","35373"
"SKC","20170523","4.17","4.17","4.14","4.15","558096"
"SKF","20170523","0.078","0.078","0.078","0.078","20000"
"SKI","20170523","2.67","2.70","2.64","2.69","6194191"
"SKN","20170523","0.16","0.16","0.16","0.16","10000"
"SKT","20170523","3.26","3.26","3.22","3.24","236968"
"SLC","20170523","2.55","2.65","2.55","2.61","497563"
"SLF","20170523","12.83","12.92","12.82","12.85","28049"
"SLK","20170523","4.16","4.16","4.13","4.14","16629"
"SLM","20170523","0.45","0.45","0.39","0.39","68150"
"SLR","20170523","0.475","0.485","0.47","0.47","1635892"
"SLX","20170523","0.42","0.43","0.40","0.415","75964"
"SM1","20170523","3.51","3.51","3.48","3.48","1430"
"SMD","20170523","0.017","0.018","0.017","0.018","1057894"
"SMI","20170523","0.033","0.033","0.031","0.031","491232"
"SMLL","20170523","3.00","3.00","3.00","3.00","17460"
"SMM","20170523","0.21","0.21","0.21","0.21","11287"
"SMN","20170523","1.33","1.355","1.315","1.32","66222"
"SMX","20170523","1.65","1.67","1.647","1.67","160414"
"SNC","20170523","0.98","0.98","0.92","0.93","86772"
"SNCOA","20170523","0.004","0.004","0.004","0.004","312950"
"SO4","20170523","0.445","0.45","0.445","0.45","34333"
"SOL","20170523","18.07","18.10","17.96","17.97","459446"
"SOM","20170523","3.23","3.35","3.23","3.35","9666"
"SOP","20170523","0.038","0.038","0.038","0.038","12500"
"SOR","20170523","0.061","0.062","0.06","0.06","69723"
"SP1","20170523","0.007","0.007","0.007","0.007","100000"
"SPFKOU","20170523","1.64","1.64","1.64","1.64","1220"
"SPFKOV","20170523","1.135","1.135","1.13","1.13","30000"
"SPFKOW","20170523","1.39","1.39","1.39","1.39","10000"
"SPFKOX","20170523","2.52","2.52","2.52","2.52","4000"
"SPI","20170523","0.115","0.115","0.115","0.115","6330"
"SPK","20170523","3.43","3.45","3.42","3.45","832709"
"SPL","20170523","0.69","0.695","0.685","0.695","233768"
"SPO","20170523","1.11","1.115","1.11","1.115","6565467"
"SPY","20170523","320.00","320.00","320.00","320.00","33"
"SPZ","20170523","0.26","0.26","0.24","0.24","188033"
"SRF","20170523","0.073","0.075","0.068","0.068","1025987"
"SRG","20170523","1.35","1.35","1.35","1.35","13331"
"SRI","20170523","0.013","0.013","0.013","0.013","1945425"
"SRN","20170523","0.001","0.001","0.001","0.001","61296451"
"SRO","20170523","0.006","0.006","0.006","0.006","1852269"
"SRS","20170523","0.027","0.028","0.027","0.028","82060"
"SRV","20170523","6.04","6.05","5.92","5.96","35832"
"SRX","20170523","11.74","12.01","11.50","11.98","711391"
"SRZ","20170523","0.025","0.025","0.024","0.025","764730"
"SRZO","20170523","0.005","0.005","0.005","0.005","2341429"
"SSM","20170523","1.45","1.45","1.38","1.41","985091"
"SSN","20170523","0.004","0.004","0.003","0.004","9450000"
"ST1","20170523","0.135","0.135","0.135","0.135","2035"
"STA","20170523","0.006","0.007","0.006","0.007","712000"
"STL","20170523","0.026","0.026","0.026","0.026","963848"
"STO","20170523","3.58","3.62","3.53","3.59","7096610"
"STOSWR","20170523","1.70","1.70","1.70","1.70","6000"
"STW","20170523","54.57","54.79","54.36","54.40","89593"
"STX","20170523","0.078","0.08","0.078","0.08","145731"
"SUD","20170523","0.02","0.02","0.02","0.02","188000"
"SUL","20170523","8.12","8.12","7.87","7.88","1156836"
"SULKOB","20170523","1.86","1.86","1.77","1.77","5000"
"SUM","20170523","0.011","0.011","0.01","0.01","3682593"
"SUN","20170523","14.23","14.28","14.02","14.07","2919645"
"SUNPC","20170523","102.90","103.00","102.55","102.55","4727"
"SUNPD","20170523","102.95","102.95","102.20","102.20","7251"
"SUNPE","20170523","101.559","102.00","101.36","101.97","2256"
"SUNPF","20170523","102.30","102.50","102.12","102.48","11998"
"SUNSWR","20170523","8.61","8.61","8.53","8.53","848"
"SUR","20170523","0.005","0.005","0.005","0.005","100500"
"SVL","20170523","0.135","0.145","0.135","0.135","318839"
"SVM","20170523","0.13","0.13","0.125","0.125","182000"
"SVW","20170523","11.08","11.26","10.99","11.20","147520"
"SVWPA","20170523","75.762","76.75","75.762","76.502","1264"
"SW1","20170523","0.24","0.24","0.235","0.24","52693"
"SWJ","20170523","0.027","0.027","0.027","0.027","3355163"
"SWL","20170523","1.17","1.17","1.16","1.16","224404"
"SWM","20170523","0.71","0.71","0.70","0.70","985753"
"SWTZ","20170523","2.53","2.53","2.52","2.52","15667"
"SXE","20170523","0.55","0.58","0.55","0.58","106600"
"SXL","20170523","1.18","1.197","1.16","1.16","2690624"
"SXX","20170523","0.007","0.007","0.007","0.007","200000"
"SXY","20170523","0.29","0.30","0.29","0.30","2509420"
"SYA","20170523","0.017","0.018","0.017","0.018","3589340"
"SYD","20170523","7.27","7.37","7.25","7.32","4806089"
"SYDKOS","20170523","0.985","0.985","0.985","0.985","3000"
"SYI","20170523","29.45","29.45","29.45","29.45","337"
"SYR","20170523","2.76","2.78","2.67","2.72","1198096"
"SYT","20170523","0.029","0.029","0.029","0.029","543334"
"TAG","20170523","0.04","0.04","0.04","0.04","1198"
"TAH","20170523","4.62","4.63","4.56","4.60","1672711"
"TAM","20170523","0.057","0.057","0.057","0.057","234933"
"TAP","20170523","0.069","0.07","0.068","0.068","127050"
"TAR","20170523","0.054","0.054","0.053","0.053","420000"
"TAS","20170523","0.18","0.18","0.18","0.18","194157"
"TAW","20170523","0.245","0.25","0.245","0.245","1356959"
"TBH","20170523","0.215","0.215","0.195","0.195","192945"
"TBR","20170523","6.15","6.20","6.15","6.20","2580"
"TCH","20170523","1.505","1.515","1.50","1.515","36792"
"TCL","20170523","12.07","12.22","12.05","12.10","3650205"
"TCLSWR","20170523","7.84","7.84","7.84","7.84","341"
"TECH","20170523","54.29","54.30","54.11","54.11","881"
"TEG","20170523","0.041","0.043","0.041","0.043","91300"
"TEK","20170523","0.22","0.22","0.22","0.22","41555"
"TEN","20170523","0.205","0.21","0.20","0.21","1641204"
"TER","20170523","0.033","0.034","0.033","0.034","2857801"
"TFL","20170523","0.21","0.22","0.20","0.22","51641"
"TGA","20170523","1.16","1.18","1.155","1.165","422459"
"TGG","20170523","1.37","1.37","1.355","1.355","210347"
"TGH","20170523","0.99","0.99","0.99","0.99","59355"
"TGP","20170523","0.95","0.96","0.94","0.94","5823"
"TGR","20170523","4.47","4.50","4.43","4.46","369077"
"TGZ","20170523","3.14","3.16","3.12","3.15","3642"
"THD","20170523","0.016","0.018","0.015","0.016","21133307"
"THR","20170523","0.017","0.017","0.017","0.017","32932"
"THX","20170523","0.049","0.05","0.048","0.049","132273"
"TKF","20170523","0.042","0.045","0.042","0.045","389247"
"TKFOC","20170523","0.004","0.004","0.004","0.004","80125"
"TKL","20170523","0.023","0.024","0.023","0.024","500000"
"TKM","20170523","0.031","0.031","0.031","0.031","189363"
"TLG","20170523","0.73","0.73","0.715","0.715","21687"
"TLGOA","20170523","0.37","0.37","0.37","0.37","7500"
"TLM","20170523","0.255","0.28","0.255","0.265","118048"
"TLS","20170523","4.50","4.50","4.46","4.48","25521153"
"TLSBOI","20170523","4.76","4.76","4.76","4.76","8357"
"TLSIWI","20170523","1.72","1.73","1.72","1.73","50000"
"TLSKON","20170523","0.67","0.67","0.67","0.67","10000"
"TLSKOS","20170523","0.285","0.285","0.285","0.285","10000"
"TLSLOB","20170523","0.325","0.325","0.325","0.325","2000"
"TLSSSY","20170523","0.545","0.545","0.525","0.535","60000"
"TME","20170523","4.95","4.97","4.93","4.94","263386"
"TMT","20170523","0.20","0.20","0.195","0.195","174941"
"TMX","20170523","0.009","0.009","0.009","0.009","375000"
"TND","20170523","0.054","0.054","0.054","0.054","27407"
"TNE","20170523","5.62","5.78","5.55","5.78","1540715"
"TNG","20170523","0.14","0.145","0.14","0.14","332177"
"TNGOA","20170523","0.054","0.058","0.054","0.058","58518"
"TNK","20170523","2.10","2.10","2.08","2.08","4992"
"TNP","20170523","0.006","0.006","0.006","0.006","326125"
"TNR","20170523","0.09","0.095","0.09","0.095","285783"
"TNT","20170523","0.088","0.088","0.087","0.088","60000"
"TNY","20170523","0.79","0.79","0.79","0.79","4000"
"TOE","20170523","0.036","0.036","0.036","0.036","10000"
"TON","20170523","0.06","0.062","0.059","0.06","16622878"
"TOP","20170523","0.72","0.72","0.72","0.72","234200"
"TOT","20170523","1.12","1.12","1.115","1.115","284695"
"TOU","20170523","0.11","0.11","0.105","0.11","886724"
"TOX","20170523","2.23","2.27","2.22","2.25","469275"
"TPC","20170523","0.685","0.685","0.685","0.685","829"
"TPE","20170523","2.00","2.00","1.99","1.99","58566"
"TPM","20170523","6.00","6.17","5.99","6.02","2202414"
"TPMJOZ","20170523","1.465","1.465","1.465","1.465","1000"
"TPP","20170523","0.18","0.18","0.18","0.18","120084"
"TPW","20170523","0.15","0.15","0.15","0.15","20000"
"TRS","20170523","3.44","3.455","3.41","3.42","266553"
"TRSKOQ","20170523","1.285","1.295","1.275","1.275","2500"
"TRT","20170523","0.165","0.165","0.15","0.165","275016"
"TRY","20170523","0.091","0.095","0.09","0.091","1909153"
"TSN","20170523","0.012","0.012","0.012","0.012","125000"
"TTC","20170523","0.355","0.355","0.355","0.355","6453"
"TTS","20170523","4.25","4.30","4.235","4.26","1387212"
"TTSHA","20170523","103.80","104.00","103.80","104.00","204"
"TV2","20170523","0.008","0.009","0.008","0.009","4973853"
"TWD","20170523","3.76","3.76","3.74","3.74","6660"
"TWE","20170523","12.85","13.12","12.84","13.10","1495738"
"TWR","20170523","1.05","1.05","1.045","1.05","72375"
"TYX","20170523","0.026","0.026","0.026","0.026","7984"
"TZL","20170523","0.037","0.038","0.037","0.038","174923"
"TZN","20170523","0.185","0.185","0.185","0.185","138240"
"UBA","20170523","19.65","19.65","19.65","19.65","1000"
"UBE","20170523","21.50","21.60","21.50","21.60","2302"
"UBI","20170523","0.44","0.44","0.44","0.44","63243"
"UBJ","20170523","21.78","21.78","21.69","21.69","2650"
"UBN","20170523","0.069","0.069","0.069","0.069","250000"
"UBW","20170523","23.07","23.12","22.94","22.94","2947"
"UMAX","20170523","18.04","18.05","18.00","18.00","5148"
"UNL","20170523","0.15","0.15","0.15","0.15","38000"
"UNV","20170523","0.14","0.14","0.135","0.135","92254"
"UOS","20170523","0.605","0.605","0.605","0.605","68090"
"UPD","20170523","0.73","0.745","0.685","0.735","209288"
"URB","20170523","1.10","1.10","1.10","1.10","24455"
"URBO","20170523","0.047","0.047","0.047","0.047","9090"
"URF","20170523","2.00","2.00","2.00","2.00","25000"
"URI","20170523","1.91","1.91","1.90","1.90","1471"
"USA","20170523","0.009","0.009","0.009","0.009","15000"
"USD","20170523","13.04","13.04","13.00","13.00","35638"
"USR","20170523","0.455","0.455","0.455","0.455","5980"
"UTR","20170523","0.023","0.023","0.023","0.023","340700"
"UUV","20170523","0.16","0.165","0.155","0.16","190760"
"UUVO","20170523","0.033","0.036","0.033","0.034","350825"
"VACF","20170523","50.30","50.37","50.25","50.30","3954"
"VAE","20170523","60.62","60.62","60.09","60.09","7435"
"VAF","20170523","49.19","49.23","49.19","49.23","24158"
"VAH","20170523","0.182","0.185","0.175","0.175","976077"
"VAL","20170523","0.009","0.009","0.009","0.009","100000"
"VAP","20170523","80.39","80.57","80.00","80.10","21072"
"VAR","20170523","0.014","0.014","0.014","0.014","1145478"
"VAS","20170523","73.80","74.01","73.50","73.52","39357"
"VCF","20170523","50.29","50.32","50.18","50.32","4597"
"VCX","20170523","2.77","2.785","2.74","2.75","8711415"
"VEC","20170523","0.005","0.005","0.005","0.005","705000"
"VEE","20170523","0.635","0.65","0.635","0.635","56000"
"VEQ","20170523","54.44","54.44","53.99","53.99","5987"
"VEU","20170523","67.47","67.47","67.01","67.18","18100"
"VGAD","20170523","61.55","61.72","61.53","61.59","12461"
"VGB","20170523","49.56","49.61","49.56","49.61","2363"
"VGE","20170523","61.86","61.86","60.66","60.70","8082"
"VGS","20170523","62.96","63.02","62.78","62.78","33103"
"VHT","20170523","0.32","0.32","0.305","0.32","72378"
"VHY","20170523","61.74","62.00","61.49","61.49","32543"
"VIC","20170523","0.011","0.013","0.011","0.012","1951849"
"VIF","20170523","49.43","49.49","49.41","49.46","3089"
"VIV","20170523","0.043","0.043","0.043","0.043","133000"
"VLA","20170523","1.09","1.105","1.085","1.105","44898"
"VLC","20170523","61.08","61.09","60.83","60.83","915"
"VLT","20170523","0.025","0.028","0.025","0.028","29658"
"VLW","20170523","2.32","2.34","2.30","2.30","178908"
"VLWHA","20170523","99.85","100.00","99.51","100.00","767"
"VMC","20170523","0.10","0.10","0.10","0.10","96643"
"VML","20170523","0.012","0.012","0.011","0.012","5051333"
"VMS","20170523","0.028","0.028","0.026","0.028","310900"
"VMT","20170523","0.06","0.061","0.059","0.059","61832"
"VMX","20170523","0.135","0.135","0.135","0.135","70000"
"VMY","20170523","0.20","0.20","0.20","0.20","31352"
"VOC","20170523","2.75","2.845","2.75","2.82","8304203"
"VOCKOD","20170523","1.40","1.40","1.38","1.38","5000"
"VPC","20170523","0.015","0.015","0.014","0.014","1157608"
"VPCO","20170523","0.003","0.003","0.003","0.003","2000000"
"VRC","20170523","0.028","0.028","0.027","0.028","1215920"
"VRCO","20170523","0.01","0.011","0.01","0.011","2845000"
"VRI","20170523","0.027","0.027","0.024","0.025","2050000"
"VRL","20170523","3.64","3.73","3.64","3.72","370137"
"VRM","20170523","0.025","0.025","0.025","0.025","20000"
"VRS","20170523","0.12","0.125","0.12","0.125","260997"
"VRT","20170523","5.95","6.02","5.84","5.88","196450"
"VRX","20170523","0.015","0.015","0.013","0.013","150000"
"VSC","20170523","0.98","0.98","0.98","0.98","6520"
"VSO","20170523","50.40","50.40","50.25","50.28","590"
"VTG","20170523","0.91","0.93","0.88","0.90","1390481"
"VTI","20170523","0.37","0.37","0.355","0.37","168179"
"VTS","20170523","164.46","164.53","163.83","163.91","21085"
"VVR","20170523","2.42","2.42","2.37","2.37","5351937"
"VXR","20170523","0.006","0.006","0.006","0.006","2320000"
"WAA","20170523","1.12","1.13","1.12","1.13","19386"
"WAAO","20170523","0.015","0.015","0.015","0.015","17221"
"WAF","20170523","0.27","0.29","0.265","0.28","1073527"
"WAM","20170523","2.37","2.37","2.33","2.35","588037"
"WAX","20170523","1.45","1.47","1.45","1.455","86103"
"WBA","20170523","1.42","1.45","1.39","1.39","341359"
"WBC","20170523","31.30","31.35","30.69","30.77","4839652"
"WBCHA","20170523","100.311","100.58","100.31","100.32","3367"
"WBCHB","20170523","101.35","101.35","101.18","101.35","4369"
"WBCISR","20170523","1.815","1.815","1.815","1.815","1000"
"WBCKOE","20170523","3.83","3.83","3.55","3.57","28500"
"WBCKOG","20170523","2.58","2.58","2.42","2.45","30000"
"WBCKOS","20170523","3.69","3.91","3.69","3.88","11000"
"WBCLOI","20170523","1.605","1.605","1.30","1.31","35500"
"WBCLOJ","20170523","2.00","2.07","1.92","1.935","21000"
"WBCPC","20170523","101.45","101.68","101.40","101.65","24922"
"WBCPD","20170523","102.25","102.88","102.25","102.50","11860"
"WBCPE","20170523","100.15","100.15","99.80","100.00","19258"
"WBCPF","20170523","104.00","104.40","104.00","104.05","2919"
"WBCPG","20170523","106.62","106.99","106.50","106.70","7036"
"WBCQOA","20170523","5.53","5.53","5.53","5.53","1000"
"WBCWOA","20170523","0.255","0.255","0.255","0.255","6000"
"WBT","20170523","0.019","0.02","0.018","0.018","1281652"
"WCN","20170523","0.006","0.006","0.006","0.006","19035045"
"WCNOB","20170523","0.002","0.002","0.002","0.002","66667"
"WCP","20170523","0.085","0.093","0.085","0.093","305889"
"WDE","20170523","0.785","0.79","0.78","0.78","334285"
"WDIV","20170523","18.95","18.96","18.93","18.93","14826"
"WDMF","20170523","29.02","29.02","28.90","28.90","2654"
"WEB","20170523","12.20","12.31","12.14","12.25","238041"
"WEC","20170523","0.029","0.033","0.029","0.032","149683"
"WEL","20170523","0.08","0.08","0.08","0.08","5512"
"WEMG","20170523","19.37","19.37","19.37","19.37","836"
"WES","20170523","42.88","42.92","42.52","42.53","1619386"
"WESKOE","20170523","4.15","4.15","4.15","4.15","227"
"WFD","20170523","8.44","8.46","8.365","8.42","8362878"
"WFDJOK","20170523","2.63","2.63","2.63","2.63","2500"
"WFDKOF","20170523","1.225","1.225","1.225","1.225","1000"
"WFDSWR","20170523","4.70","4.70","4.70","4.70","2000"
"WFE","20170523","0.003","0.003","0.002","0.003","13878153"
"WGF","20170523","1.04","1.045","1.035","1.035","102831"
"WGFO","20170523","0.023","0.023","0.021","0.021","109091"
"WGL","20170523","0.02","0.024","0.02","0.021","7172669"
"WGX","20170523","2.10","2.13","2.05","2.10","643297"
"WHA","20170523","0.34","0.34","0.325","0.34","107200"
"WHC","20170523","2.65","2.66","2.59","2.61","4547197"
"WHF","20170523","4.62","4.63","4.62","4.63","23612"
"WHFPA","20170523","1.00","1.00","1.00","1.00","100"
"WHFPB","20170523","110.30","110.30","110.30","110.30","450"
"WIC","20170523","0.935","0.935","0.935","0.935","22731"
"WKT","20170523","0.067","0.067","0.067","0.067","104678"
"WLD","20170523","0.185","0.185","0.185","0.185","232844"
"WLE","20170523","1.115","1.12","1.105","1.105","530662"
"WLEO","20170523","0.018","0.018","0.015","0.015","695000"
"WLF","20170523","0.062","0.062","0.062","0.062","23474"
"WLL","20170523","4.30","4.35","4.30","4.35","14570"
"WMC","20170523","0.21","0.21","0.21","0.21","10000"
"WMK","20170523","1.00","1.005","0.995","0.995","126398"
"WMN","20170523","0.057","0.063","0.054","0.062","19711979"
"WOF","20170523","0.032","0.032","0.032","0.032","58895"
"WOR","20170523","11.25","11.26","11.11","11.20","588658"
"WOW","20170523","25.95","26.01","25.90","25.94","1755252"
"WOWSWW","20170523","16.79","16.79","16.79","16.79","159"
"WPG","20170523","0.06","0.06","0.059","0.06","215790"
"WPL","20170523","33.03","33.28","32.89","33.13","2735336"
"WPLKOD","20170523","4.67","4.70","4.45","4.45","6000"
"WPLLOG","20170523","4.70","4.70","4.70","4.70","5000"
"WPP","20170523","1.275","1.275","1.22","1.23","633546"
"WRLD","20170523","11.07","11.07","11.01","11.01","2292"
"WRM","20170523","0.015","0.015","0.015","0.015","2357478"
"WSA","20170523","2.24","2.30","2.17","2.23","2698315"
"WTC","20170523","7.15","7.16","7.09","7.10","144637"
"WTP","20170523","0.685","0.69","0.68","0.68","15988"
"WVOL","20170523","27.33","27.33","27.33","27.33","900"
"WXHG","20170523","20.83","20.88","20.81","20.85","4093"
"WXOZ","20170523","27.00","27.00","26.90","26.96","1327"
"XAF","20170523","5686.30","5709.50","5661.90","5669.40","0"
"XAM","20170523","0.21","0.21","0.205","0.205","116824"
"XAO","20170523","5811.20","5835.20","5796.70","5802.80","0"
"XAT","20170523","5710.20","5734.50","5692.30","5699.20","0"
"XDI","20170523","1564.90","1567.20","1555.20","1557.50","0"
"XDJ","20170523","2186.90","2214.90","2186.90","2198.50","0"
"XEC","20170523","1200.60","1207.70","1200.70","1205.30","0"
"XEJ","20170523","9556.80","9603.50","9524.40","9580.90","0"
"XF1","20170523","0.50","0.50","0.50","0.50","0"
"XFJ","20170523","6451.10","6495.30","6403.90","6416.40","0"
"XFL","20170523","5744.00","5767.90","5719.50","5727.10","0"
"XGD","20170523","4408.10","4499.00","4408.10","4482.50","0"
"XHJ","20170523","22876.00","23114.20","22847.40","22990.10","0"
"XIJ","20170523","873.30","883.70","871.60","883.70","0"
"XIP","20170523","2.11","2.11","2.10","2.11","23183"
"XJO","20170523","5771.20","5795.70","5753.10","5760.20","0"
"XJOKOI","20170523","3.35","3.35","3.33","3.33","2000"
"XJOKOL","20170523","8.04","8.04","8.04","8.04","1000"
"XJOKOM","20170523","2.69","2.91","2.50","2.54","44780"
"XJOKOS","20170523","5.67","5.82","5.42","5.82","6500"
"XJOLOH","20170523","3.13","3.16","3.00","3.00","12000"
"XJOLOL","20170523","2.16","2.28","2.03","2.03","7900"
"XJOLOR","20170523","1.79","1.93","1.79","1.93","5500"
"XJOLOX","20170523","3.28","3.28","3.28","3.28","1000"
"XJOMOY","20170523","3.56","3.75","3.31","3.68","81722"
"XJOQOP","20170523","2.60","2.95","2.58","2.93","81050"
"XJOWOC","20170523","0.275","0.275","0.275","0.275","50000"
"XJOWOD","20170523","0.135","0.135","0.115","0.115","93000"
"XJOWOK","20170523","1.06","1.06","1.06","1.06","2000"
"XJR","20170523","3441.60","3451.50","3418.30","3429.80","0"
"XKO","20170523","5716.10","5740.30","5699.40","5706.20","0"
"XLD","20170523","1048.00","1056.90","1041.40","1044.00","0"
"XMD","20170523","6166.80","6207.20","6162.60","6184.00","0"
"XMJ","20170523","9925.20","9959.60","9854.70","9879.00","0"
"XMM","20170523","2979.60","2988.60","2953.30","2964.10","0"
"XNJ","20170523","5688.40","5722.70","5678.00","5689.00","0"
"XNT","20170523","53601.30","53828.80","53433.50","53499.00","0"
"XNV","20170523","168.30","169.40","166.90","169.00","0"
"XPD","20170523","0.031","0.031","0.029","0.029","682000"
"XPE","20170523","0.014","0.014","0.011","0.011","23710222"
"XPEOC","20170523","0.004","0.004","0.004","0.004","1100000"
"XPJ","20170523","1385.10","1393.90","1383.00","1384.50","0"
"XRF","20170523","0.16","0.16","0.16","0.16","0"
"XRO","20170523","22.30","22.73","22.30","22.60","74741"
"XSJ","20170523","9342.10","9376.80","9335.00","9338.60","0"
"XSO","20170523","2358.60","2373.10","2358.60","2364.80","0"
"XST","20170523","0.007","0.007","0.007","0.007","422412"
"XTD","20170523","0.115","0.115","0.115","0.115","150000"
"XTE","20170523","0.41","0.41","0.41","0.41","12200"
"XTJ","20170523","1560.90","1566.50","1552.50","1559.80","0"
"XTL","20170523","3279.70","3295.30","3261.30","3266.40","0"
"XTO","20170523","4792.10","4812.00","4775.30","4781.50","0"
"XTV","20170523","0.008","0.008","0.008","0.008","0"
"XUJ","20170523","9034.90","9086.60","9020.90","9078.90","0"
"XXJ","20170523","7195.10","7244.40","7142.50","7156.40","0"
"YAL","20170523","0.28","0.28","0.28","0.28","3518"
"YANK","20170523","14.90","14.90","14.79","14.84","19747"
"YBR","20170523","0.105","0.105","0.105","0.105","40000"
"YMAX","20170523","9.17","9.17","9.13","9.13","29908"
"YOJ","20170523","0.075","0.075","0.072","0.072","273521"
"YOW","20170523","0.395","0.405","0.39","0.39","98336"
"YPB","20170523","0.075","0.075","0.065","0.065","558000"
"YTMAGL","20170523","109.31","109.31","109.31","109.31","73"
"YTMAST","20170523","116.59","116.59","116.59","116.59","68"
"YTMAZJ","20170523","110.82","110.82","110.82","110.82","71"
"YTMDO1","20170523","107.13","107.13","107.13","107.13","74"
"YTMF03","20170523","101.09","101.09","101.09","101.09","250"
"YTMF09","20170523","101.98","101.98","101.98","101.98","323"
"YTMF10","20170523","101.63","101.63","101.63","101.63","295"
"YTMF11","20170523","101.55","101.55","101.55","101.55","344"
"YTMIPL","20170523","107.12","107.12","107.12","107.12","73"
"YTMLL1","20170523","109.70","109.70","109.67","109.67","98"
"YTMNA1","20170523","109.27","109.27","109.27","109.27","73"
"YTMQF3","20170523","121.00","121.00","121.00","121.00","65"
"YTMWOW","20170523","108.35","108.35","108.35","108.35","27"
"ZCLKOF","20170523","1.84","1.84","1.84","1.84","375"
"ZEL","20170523","7.45","7.45","7.20","7.35","3543"
"ZEN","20170523","0.50","0.50","0.50","0.50","682940"
"ZGCKOF","20170523","1.885","1.895","1.875","1.895","42550"
"ZGL","20170523","0.125","0.125","0.125","0.125","130000"
"ZIM","20170523","4.80","4.90","4.80","4.80","5706"
"ZLD","20170523","0.081","0.081","0.069","0.07","11156759"
"ZMI","20170523","0.007","0.007","0.007","0.007","180000"
"ZML","20170523","0.67","0.67","0.62","0.62","172279"
"ZNC","20170523","0.105","0.105","0.105","0.105","20000"
"ZNO","20170523","0.155","0.16","0.155","0.16","107665"
"ZNT","20170523","0.94","0.94","0.92","0.93","117019"
"ZOZI","20170523","10.81","10.81","10.81","10.81","3729"
"ZUSD","20170523","10.17","10.17","10.17","10.17","1085"
"ZYAU","20170523","11.50","11.50","11.50","11.50","95"
"ZYB","20170523","0.006","0.006","0.005","0.005","11245626"
"ZYBOA","20170523","0.002","0.002","0.002","0.002","1000000"
"ZYUS","20170523","12.82","12.82","12.78","12.79","13650"
